timestamp,dailyRain,pressure,rainIntensity,temperature,windVelocity,id,bicycles,free_positions,status
2018-06-11 00:40:00,0.0,1005.95,0.0,14.4,3.2,2.0,1.0,19.0,En Operación
2018-06-11 00:45:00,0.0,1005.95,0.0,14.4,3.2,3.0,1.0,19.0,En Operación
2018-06-11 00:50:00,0.0,1005.92,0.0,14.35,4.0,4.0,1.0,19.0,En Operación
2018-06-11 00:55:00,0.0,1005.9,0.0,14.3,4.8,5.0,1.0,19.0,En Operación
2018-06-11 01:00:00,0.0,1005.9,0.0,14.3,4.8,6.0,1.0,19.0,En Operación
2018-06-11 01:05:00,0.0,1005.9,0.0,14.3,4.8,7.0,1.0,19.0,En Operación
2018-06-11 01:10:00,0.0,1005.88,0.0,14.16,4.0,8.0,1.0,19.0,En Operación
2018-06-11 01:15:00,0.0,1005.85,0.0,14.02,3.2,9.0,1.0,19.0,En Operación
2018-06-11 01:20:00,0.0,1005.82,0.0,13.89,2.4,10.0,1.0,19.0,En Operación
2018-06-11 01:25:00,0.0,1005.8,0.0,13.75,1.6,11.0,1.0,19.0,En Operación
2018-06-11 01:30:00,0.0,1005.8,0.0,13.75,1.6,12.0,1.0,19.0,En Operación
2018-06-11 01:35:00,0.0,1005.8,0.0,13.75,1.6,13.0,1.0,19.0,En Operación
2018-06-11 01:40:00,0.0,1005.78,0.0,13.7,1.8,14.0,1.0,19.0,En Operación
2018-06-11 01:45:00,0.0,1005.75,0.0,13.65,2.0,15.0,1.0,19.0,En Operación
2018-06-11 01:50:00,0.0,1005.72,0.0,13.6,2.2,16.0,1.0,19.0,En Operación
2018-06-11 01:55:00,0.0,1005.7,0.0,13.55,2.4,17.0,0.0,20.0,En Operación
2018-06-11 02:00:00,0.0,1005.7,0.0,13.55,2.4,18.0,0.0,20.0,En Operación
2018-06-11 02:05:00,0.0,1005.7,0.0,13.55,2.4,19.0,0.0,20.0,En Operación
2018-06-11 02:10:00,0.0,1005.76,0.0,13.46,2.8,20.0,0.0,20.0,En Operación
2018-06-11 02:15:00,0.0,1005.82,0.0,13.38,3.2,21.0,0.0,20.0,En Operación
2018-06-11 02:20:00,0.0,1005.89,0.0,13.29,3.6,22.0,0.0,20.0,En Operación
2018-06-11 02:25:00,0.0,1005.95,0.0,13.2,4.0,23.0,0.0,20.0,En Operación
2018-06-11 02:30:00,0.0,1005.95,0.0,13.2,4.0,24.0,0.0,20.0,En Operación
2018-06-11 02:35:00,0.0,1005.95,0.0,13.2,4.0,25.0,0.0,20.0,En Operación
2018-06-11 02:40:00,0.0,1005.89,0.0,13.19,4.2,26.0,0.0,20.0,En Operación
2018-06-11 02:45:00,0.0,1005.82,0.0,13.18,4.4,27.0,0.0,20.0,En Operación
2018-06-11 02:50:00,0.0,1005.76,0.0,13.16,4.6,28.0,0.0,20.0,En Operación
2018-06-11 02:55:00,0.0,1005.7,0.0,13.15,4.8,29.0,0.0,20.0,En Operación
2018-06-11 03:00:00,0.0,1005.7,0.0,13.15,4.8,30.0,0.0,20.0,En Operación
2018-06-11 03:05:00,0.0,1005.7,0.0,13.15,4.8,31.0,0.0,20.0,En Operación
2018-06-11 03:10:00,0.0,1005.59,0.0,13.06,5.2,32.0,0.0,20.0,En Operación
2018-06-11 03:15:00,0.0,1005.48,0.0,12.98,5.6,33.0,0.0,20.0,En Operación
2018-06-11 03:20:00,0.0,1005.36,0.0,12.89,6.0,34.0,0.0,20.0,En Operación
2018-06-11 03:25:00,0.0,1005.25,0.0,12.8,6.4,35.0,0.0,20.0,En Operación
2018-06-11 03:30:00,0.0,1005.25,0.0,12.8,6.4,36.0,0.0,20.0,En Operación
2018-06-11 03:35:00,0.0,1005.25,0.0,12.8,6.4,37.0,0.0,20.0,En Operación
2018-06-11 03:40:00,0.0,1005.26,0.0,12.79,5.6,38.0,0.0,20.0,En Operación
2018-06-11 03:45:00,0.0,1005.28,0.0,12.78,4.8,39.0,0.0,20.0,En Operación
2018-06-11 03:50:00,0.0,1005.29,0.0,12.76,4.0,40.0,0.0,20.0,En Operación
2018-06-11 03:55:00,0.0,1005.3,0.0,12.75,3.2,41.0,0.0,20.0,En Operación
2018-06-11 04:00:00,0.0,1005.3,0.0,12.75,3.2,42.0,0.0,20.0,En Operación
2018-06-11 04:05:00,0.0,1005.3,0.0,12.75,3.2,43.0,0.0,20.0,En Operación
2018-06-11 04:10:00,0.0,1005.19,0.0,12.71,3.2,44.0,0.0,20.0,En Operación
2018-06-11 04:15:00,0.0,1005.08,0.0,12.68,3.2,45.0,0.0,20.0,En Operación
2018-06-11 04:20:00,0.0,1004.96,0.0,12.64,3.2,46.0,0.0,20.0,En Operación
2018-06-11 04:25:00,0.0,1004.85,0.0,12.6,3.2,47.0,0.0,20.0,En Operación
2018-06-11 04:30:00,0.0,1004.85,0.0,12.6,3.2,48.0,0.0,20.0,En Operación
2018-06-11 04:35:00,0.0,1004.85,0.0,12.6,3.2,49.0,0.0,20.0,En Operación
2018-06-11 04:40:00,0.0,1004.89,0.0,12.6,3.2,50.0,0.0,20.0,En Operación
2018-06-11 04:45:00,0.0,1004.92,0.0,12.6,3.2,51.0,0.0,20.0,En Operación
2018-06-11 04:50:00,0.0,1004.96,0.0,12.6,3.2,52.0,0.0,20.0,En Operación
2018-06-11 04:55:00,0.0,1005.0,0.0,12.6,3.2,53.0,0.0,20.0,En Operación
2018-06-11 05:00:00,0.0,1005.0,0.0,12.6,3.2,54.0,0.0,20.0,En Operación
2018-06-11 05:05:00,0.0,1005.0,0.0,12.6,3.2,55.0,0.0,20.0,En Operación
2018-06-11 05:10:00,0.0,1005.01,0.0,12.56,2.4,56.0,0.0,20.0,En Operación
2018-06-11 05:15:00,0.0,1005.02,0.0,12.52,1.6,57.0,0.0,20.0,En Operación
2018-06-11 05:20:00,0.0,1005.04,0.0,12.49,0.8,58.0,0.0,20.0,En Operación
2018-06-11 05:25:00,0.0,1005.05,0.0,12.45,0.0,59.0,0.0,20.0,En Operación
2018-06-11 05:30:00,0.0,1005.05,0.0,12.45,0.0,60.0,0.0,20.0,En Operación
2018-06-11 05:35:00,0.0,1005.05,0.0,12.45,0.0,61.0,0.0,20.0,En Operación
2018-06-11 05:40:00,0.0,1005.05,0.0,12.42,0.2,62.0,0.0,20.0,En Operación
2018-06-11 05:45:00,0.0,1005.05,0.0,12.4,0.4,63.0,0.0,20.0,En Operación
2018-06-11 05:50:00,0.0,1005.05,0.0,12.38,0.6,64.0,0.0,20.0,En Operación
2018-06-11 05:55:00,0.0,1005.05,0.0,12.35,0.8,65.0,0.0,20.0,En Operación
2018-06-11 06:00:00,0.0,1005.05,0.0,12.35,0.8,66.0,0.0,20.0,En Operación
2018-06-11 06:05:00,0.0,1005.05,0.0,12.35,0.8,67.0,0.0,20.0,En Operación
2018-06-11 06:10:00,0.0,1005.02,0.0,12.38,2.0,68.0,0.0,20.0,En Operación
2018-06-11 06:15:00,0.0,1005.0,0.0,12.4,3.2,69.0,0.0,20.0,En Operación
2018-06-11 06:20:00,0.0,1004.98,0.0,12.42,4.4,70.0,0.0,20.0,En Operación
2018-06-11 06:25:00,0.0,1004.95,0.0,12.45,5.6,71.0,0.0,20.0,En Operación
2018-06-11 06:30:00,0.0,1004.95,0.0,12.45,5.6,72.0,0.0,20.0,En Operación
2018-06-11 06:35:00,0.0,1004.95,0.0,12.45,5.6,73.0,0.0,20.0,En Operación
2018-06-11 06:40:00,0.0,1005.03,0.0,12.45,4.8,74.0,0.0,20.0,En Operación
2018-06-11 06:45:00,0.0,1005.1,0.0,12.45,4.0,75.0,0.0,20.0,En Operación
2018-06-11 06:50:00,0.0,1005.18,0.0,12.45,3.2,76.0,0.0,20.0,En Operación
2018-06-11 06:55:00,0.0,1005.25,0.0,12.45,2.4,77.0,1.0,19.0,En Operación
2018-06-11 07:00:00,0.0,1005.25,0.0,12.45,2.4,78.0,1.0,19.0,En Operación
2018-06-11 07:05:00,0.0,1005.25,0.0,12.45,2.4,79.0,1.0,19.0,En Operación
2018-06-11 07:10:00,0.0,1005.39,0.0,12.45,2.6,80.0,1.0,19.0,En Operación
2018-06-11 07:15:00,0.0,1005.52,0.0,12.45,2.8,81.0,1.0,19.0,En Operación
2018-06-11 07:20:00,0.0,1005.66,0.0,12.45,3.0,82.0,1.0,19.0,En Operación
2018-06-11 07:25:00,0.0,1005.8,0.0,12.45,3.2,83.0,1.0,19.0,En Operación
2018-06-11 07:30:00,0.0,1005.8,0.0,12.45,3.2,84.0,1.0,19.0,En Operación
2018-06-11 07:35:00,0.0,1005.8,0.0,12.45,3.2,85.0,1.0,19.0,En Operación
2018-06-11 07:40:00,0.0,1005.76,0.0,12.49,3.4,86.0,1.0,19.0,En Operación
2018-06-11 07:45:00,0.0,1005.72,0.0,12.52,3.6,87.0,2.0,18.0,En Operación
2018-06-11 07:50:00,0.0,1005.69,0.0,12.56,3.8,88.0,1.0,19.0,En Operación
2018-06-11 07:55:00,0.0,1005.65,0.0,12.6,4.0,89.0,0.0,20.0,En Operación
2018-06-11 08:00:00,0.0,1005.65,0.0,12.6,4.0,90.0,0.0,20.0,En Operación
2018-06-11 08:05:00,0.0,1005.65,0.0,12.6,4.0,91.0,0.0,20.0,En Operación
2018-06-11 08:10:00,0.0,1005.82,0.0,12.62,4.4,92.0,0.0,20.0,En Operación
2018-06-11 08:15:00,0.0,1006.0,0.0,12.65,4.8,93.0,0.0,20.0,En Operación
2018-06-11 08:20:00,0.0,1006.18,0.0,12.68,5.2,94.0,0.0,20.0,En Operación
2018-06-11 08:25:00,0.0,1006.35,0.0,12.7,5.6,95.0,0.0,20.0,En Operación
2018-06-11 08:30:00,0.0,1006.35,0.0,12.7,5.6,96.0,0.0,20.0,En Operación
2018-06-11 08:35:00,0.0,1006.35,0.0,12.7,5.6,97.0,0.0,20.0,En Operación
2018-06-11 08:40:00,0.0,1006.42,0.0,12.7,5.8,98.0,0.0,20.0,En Operación
2018-06-11 08:45:00,0.0,1006.5,0.0,12.7,6.0,99.0,0.0,20.0,En Operación
2018-06-11 08:50:00,0.0,1006.58,0.0,12.7,6.2,100.0,0.0,20.0,En Operación
2018-06-11 08:55:00,0.0,1006.65,0.0,12.7,6.4,101.0,0.0,20.0,En Operación
2018-06-11 09:00:00,0.0,1006.65,0.0,12.7,6.4,102.0,0.0,20.0,En Operación
2018-06-11 09:05:00,0.0,1006.65,0.0,12.7,6.4,103.0,0.0,20.0,En Operación
2018-06-11 09:10:00,0.0,1006.66,0.0,12.72,5.4,104.0,0.0,20.0,En Operación
2018-06-11 09:15:00,0.0,1006.68,0.0,12.75,4.4,105.0,0.0,20.0,En Operación
2018-06-11 09:20:00,0.0,1006.69,0.0,12.78,3.4,106.0,1.0,19.0,En Operación
2018-06-11 09:25:00,0.0,1006.7,0.0,12.8,2.4,107.0,1.0,19.0,En Operación
2018-06-11 09:30:00,0.0,1006.7,0.0,12.8,2.4,108.0,1.0,19.0,En Operación
2018-06-11 09:35:00,0.0,1006.7,0.0,12.8,2.4,109.0,1.0,19.0,En Operación
2018-06-11 09:40:00,0.0,1006.79,0.0,12.8,2.6,110.0,2.0,18.0,En Operación
2018-06-11 09:45:00,0.0,1006.88,0.0,12.8,2.8,111.0,1.0,19.0,En Operación
2018-06-11 09:50:00,0.0,1006.96,0.0,12.8,3.0,112.0,0.0,20.0,En Operación
2018-06-11 09:55:00,0.0,1007.05,0.0,12.8,3.2,113.0,0.0,20.0,En Operación
2018-06-11 10:00:00,0.0,1007.05,0.0,12.8,3.2,114.0,0.0,20.0,En Operación
2018-06-11 10:05:00,0.0,1007.05,0.0,12.8,3.2,115.0,0.0,20.0,En Operación
2018-06-11 10:10:00,0.0,1006.86,0.0,12.86,3.8,116.0,0.0,20.0,En Operación
2018-06-11 10:15:00,0.0,1006.68,0.0,12.92,4.4,117.0,0.0,20.0,En Operación
2018-06-11 10:20:00,0.0,1006.49,0.0,12.99,5.0,118.0,0.0,20.0,En Operación
2018-06-11 10:25:00,0.0,1006.3,0.0,13.05,5.6,119.0,0.0,20.0,En Operación
2018-06-11 10:30:00,0.0,1006.3,0.0,13.05,5.6,120.0,0.0,20.0,En Operación
2018-06-11 10:35:00,0.0,1006.3,0.0,13.05,5.6,121.0,0.0,20.0,En Operación
2018-06-11 10:40:00,0.0,1006.12,0.0,13.14,6.61,122.0,0.0,20.0,En Operación
2018-06-11 10:45:00,0.0,1005.95,0.0,13.23,7.62,123.0,1.0,19.0,En Operación
2018-06-11 10:50:00,0.0,1005.78,0.0,13.31,8.64,124.0,0.0,20.0,En Operación
2018-06-11 10:55:00,0.0,1005.6,0.0,13.4,9.65,125.0,0.0,20.0,En Operación
2018-06-11 11:00:00,0.0,1005.6,0.0,13.4,9.65,126.0,0.0,20.0,En Operación
2018-06-11 11:05:00,0.0,1005.6,0.0,13.4,9.65,127.0,0.0,20.0,En Operación
2018-06-11 11:10:00,0.0,1005.58,0.0,13.48,8.44,128.0,0.0,20.0,En Operación
2018-06-11 11:15:00,0.0,1005.55,0.0,13.55,7.22,129.0,0.0,20.0,En Operación
2018-06-11 11:20:00,0.0,1005.52,0.0,13.62,6.01,130.0,0.0,20.0,En Operación
2018-06-11 11:25:00,0.0,1005.5,0.0,13.7,4.8,131.0,0.0,20.0,En Operación
2018-06-11 11:30:00,0.0,1005.5,0.0,13.7,4.8,132.0,0.0,20.0,En Operación
2018-06-11 11:35:00,0.0,1005.5,0.0,13.7,4.8,133.0,0.0,20.0,En Operación
2018-06-11 11:40:00,0.0,1005.42,0.0,13.72,4.6,134.0,0.0,20.0,En Operación
2018-06-11 11:45:00,0.0,1005.35,0.0,13.75,4.4,135.0,0.0,20.0,En Operación
2018-06-11 11:50:00,0.0,1005.28,0.0,13.78,4.2,136.0,0.0,20.0,En Operación
2018-06-11 11:55:00,0.0,1005.2,0.0,13.8,4.0,137.0,0.0,20.0,En Operación
2018-06-11 12:00:00,0.0,1005.2,0.0,13.8,4.0,138.0,0.0,20.0,En Operación
2018-06-11 12:05:00,0.0,1005.2,0.0,13.8,4.0,139.0,0.0,20.0,En Operación
2018-06-11 12:10:00,0.0,1005.15,0.0,13.91,3.8,140.0,0.0,20.0,En Operación
2018-06-11 12:15:00,0.0,1005.1,0.0,14.02,3.6,141.0,0.0,20.0,En Operación
2018-06-11 12:20:00,0.0,1005.05,0.0,14.14,3.4,142.0,0.0,20.0,En Operación
2018-06-11 12:25:00,0.0,1005.0,0.0,14.25,3.2,143.0,0.0,20.0,En Operación
2018-06-11 12:30:00,0.0,1005.0,0.0,14.25,3.2,144.0,0.0,20.0,En Operación
2018-06-11 12:35:00,0.0,1005.0,0.0,14.25,3.2,145.0,0.0,20.0,En Operación
2018-06-11 12:40:00,0.0,1004.98,0.0,14.29,3.4,146.0,0.0,20.0,En Operación
2018-06-11 12:45:00,0.0,1004.95,0.0,14.32,3.6,147.0,0.0,20.0,En Operación
2018-06-11 12:50:00,0.0,1004.92,0.0,14.36,3.8,148.0,0.0,20.0,En Operación
2018-06-11 12:55:00,0.0,1004.9,0.0,14.4,4.0,149.0,1.0,19.0,En Operación
2018-06-11 13:00:00,0.0,1004.9,0.0,14.4,4.0,150.0,1.0,19.0,En Operación
2018-06-11 13:05:00,0.0,1004.9,0.0,14.4,4.0,151.0,1.0,19.0,En Operación
2018-06-11 13:10:00,0.0,1004.68,0.0,14.54,3.6,152.0,0.0,20.0,En Operación
2018-06-11 13:15:00,0.0,1004.45,0.0,14.68,3.2,153.0,1.0,19.0,En Operación
2018-06-11 13:20:00,0.0,1004.22,0.0,14.81,2.8,154.0,1.0,19.0,En Operación
2018-06-11 13:25:00,0.0,1004.0,0.0,14.95,2.4,155.0,1.0,19.0,En Operación
2018-06-11 13:30:00,0.0,1004.0,0.0,14.95,2.4,156.0,1.0,19.0,En Operación
2018-06-11 13:35:00,0.0,1004.0,0.0,14.95,2.4,157.0,1.0,19.0,En Operación
2018-06-11 13:40:00,0.0,1003.95,0.0,14.95,2.8,158.0,1.0,19.0,En Operación
2018-06-11 13:45:00,0.0,1003.9,0.0,14.95,3.2,159.0,1.0,19.0,En Operación
2018-06-11 13:50:00,0.0,1003.85,0.0,14.95,3.6,160.0,2.0,18.0,En Operación
2018-06-11 13:55:00,0.0,1003.8,0.0,14.95,4.0,161.0,2.0,18.0,En Operación
2018-06-11 14:00:00,0.0,1003.8,0.0,14.95,4.0,162.0,2.0,18.0,En Operación
2018-06-11 14:05:00,0.0,1003.8,0.0,14.95,4.0,163.0,2.0,18.0,En Operación
2018-06-11 14:10:00,0.0,1003.61,0.0,15.01,3.8,164.0,3.0,17.0,En Operación
2018-06-11 14:15:00,0.0,1003.42,0.0,15.08,3.6,165.0,2.0,18.0,En Operación
2018-06-11 14:20:00,0.0,1003.24,0.0,15.14,3.4,166.0,1.0,19.0,En Operación
2018-06-11 14:25:00,0.0,1003.05,0.0,15.2,3.2,167.0,1.0,19.0,En Operación
2018-06-11 14:30:00,0.0,1003.05,0.0,15.2,3.2,168.0,1.0,19.0,En Operación
2018-06-11 14:35:00,0.0,1003.05,0.0,15.2,3.2,169.0,1.0,19.0,En Operación
2018-06-11 14:40:00,0.0,1003.12,0.0,15.24,3.2,170.0,1.0,19.0,En Operación
2018-06-11 14:45:00,0.0,1003.2,0.0,15.27,3.2,171.0,0.0,20.0,En Operación
2018-06-11 14:50:00,0.0,1003.28,0.0,15.31,3.2,172.0,0.0,20.0,En Operación
2018-06-11 14:55:00,0.0,1003.35,0.0,15.35,3.2,173.0,0.0,20.0,En Operación
2018-06-11 15:00:00,0.0,1003.35,0.0,15.35,3.2,174.0,1.0,19.0,En Operación
2018-06-11 15:05:00,0.0,1003.35,0.0,15.35,3.2,175.0,0.0,20.0,En Operación
2018-06-11 15:10:00,0.0,1003.52,0.0,15.38,3.2,176.0,0.0,20.0,En Operación
2018-06-11 15:15:00,0.0,1003.7,0.0,15.4,3.2,177.0,0.0,20.0,En Operación
2018-06-11 15:20:00,0.0,1003.88,0.0,15.42,3.2,178.0,1.0,19.0,En Operación
2018-06-11 15:25:00,0.0,1004.05,0.0,15.45,3.2,179.0,1.0,19.0,En Operación
2018-06-11 15:30:00,0.0,1004.05,0.0,15.45,3.2,180.0,2.0,18.0,En Operación
2018-06-11 15:35:00,0.0,1004.05,0.0,15.45,3.2,181.0,3.0,17.0,En Operación
2018-06-11 15:40:00,0.0,1004.05,0.0,15.41,3.2,182.0,0.0,20.0,En Operación
2018-06-11 15:45:00,0.0,1004.05,0.0,15.38,3.2,183.0,1.0,19.0,En Operación
2018-06-11 15:50:00,0.0,1004.05,0.0,15.34,3.2,184.0,2.0,18.0,En Operación
2018-06-11 15:55:00,0.0,1004.05,0.0,15.3,3.2,185.0,0.0,20.0,En Operación
2018-06-11 16:00:00,0.0,1004.05,0.0,15.3,3.2,186.0,0.0,20.0,En Operación
2018-06-11 16:05:00,0.0,1004.05,0.0,15.3,3.2,187.0,0.0,20.0,En Operación
2018-06-11 16:10:00,0.0,1004.29,0.0,15.16,3.0,188.0,1.0,19.0,En Operación
2018-06-11 16:15:00,0.0,1004.52,0.0,15.02,2.8,189.0,0.0,20.0,En Operación
2018-06-11 16:20:00,0.0,1004.76,0.0,14.89,2.6,190.0,0.0,20.0,En Operación
2018-06-11 16:25:00,0.0,1005.0,0.0,14.75,2.4,191.0,0.0,20.0,En Operación
2018-06-11 16:30:00,0.0,1005.0,0.0,14.75,2.4,192.0,0.0,20.0,En Operación
2018-06-11 16:35:00,0.0,1005.0,0.0,14.75,2.4,193.0,0.0,20.0,En Operación
2018-06-11 16:40:00,0.0,1005.12,0.0,14.75,2.4,194.0,1.0,17.0,En Operación
2018-06-11 16:45:00,0.0,1005.25,0.0,14.75,2.4,195.0,3.0,17.0,En Operación
2018-06-11 16:50:00,0.0,1005.38,0.0,14.75,2.4,196.0,0.0,20.0,En Operación
2018-06-11 16:55:00,0.0,1005.5,0.0,14.75,2.4,197.0,1.0,19.0,En Operación
2018-06-11 17:00:00,0.0,1005.5,0.0,14.75,2.4,198.0,2.0,18.0,En Operación
2018-06-11 17:05:00,0.0,1005.5,0.0,14.75,2.4,199.0,2.0,18.0,En Operación
2018-06-11 17:10:00,0.02,1005.85,0.0,14.68,2.2,200.0,0.0,20.0,En Operación
2018-06-11 17:15:00,0.05,1006.2,0.0,14.6,2.0,201.0,0.0,20.0,En Operación
2018-06-11 17:20:00,0.08,1006.55,0.0,14.52,1.8,202.0,1.0,19.0,En Operación
2018-06-11 17:25:00,0.1,1006.9,0.0,14.45,1.6,203.0,2.0,18.0,En Operación
2018-06-11 17:30:00,0.1,1006.9,0.0,14.45,1.6,204.0,1.0,19.0,En Operación
2018-06-11 17:35:00,0.1,1006.9,0.0,14.45,1.6,205.0,1.0,19.0,En Operación
2018-06-11 17:40:00,0.1,1006.75,0.0,14.41,1.6,206.0,0.0,20.0,En Operación
2018-06-11 17:45:00,0.1,1006.6,0.0,14.38,1.6,207.0,0.0,20.0,En Operación
2018-06-11 17:50:00,0.1,1006.45,0.0,14.34,1.6,208.0,0.0,20.0,En Operación
2018-06-11 17:55:00,0.1,1006.3,0.0,14.3,1.6,209.0,0.0,20.0,En Operación
2018-06-11 18:00:00,0.1,1006.3,0.0,14.3,1.6,210.0,0.0,20.0,En Operación
2018-06-11 18:05:00,0.1,1006.3,0.0,14.3,1.6,211.0,0.0,20.0,En Operación
2018-06-11 18:10:00,0.1,1006.2,0.0,14.16,1.8,212.0,1.0,19.0,En Operación
2018-06-11 18:15:00,0.1,1006.1,0.0,14.02,2.0,213.0,0.0,20.0,En Operación
2018-06-11 18:20:00,0.1,1006.0,0.0,13.89,2.2,214.0,0.0,20.0,En Operación
2018-06-11 18:25:00,0.1,1005.9,0.0,13.75,2.4,215.0,0.0,20.0,En Operación
2018-06-11 18:30:00,0.1,1005.9,0.0,13.75,2.4,216.0,1.0,19.0,En Operación
2018-06-11 18:35:00,0.1,1005.9,0.0,13.75,2.4,217.0,2.0,18.0,En Operación
2018-06-11 18:40:00,0.1,1005.99,0.0,13.76,2.4,218.0,3.0,17.0,En Operación
2018-06-11 18:45:00,0.1,1006.08,0.0,13.78,2.4,219.0,3.0,17.0,En Operación
2018-06-11 18:50:00,0.1,1006.16,0.0,13.79,2.4,220.0,6.0,14.0,En Operación
2018-06-11 18:55:00,0.1,1006.25,0.0,13.8,2.4,221.0,6.0,14.0,En Operación
2018-06-11 19:00:00,0.1,1006.25,0.0,13.8,2.4,222.0,7.0,13.0,En Operación
2018-06-11 19:05:00,0.1,1006.25,0.0,13.8,2.4,223.0,8.0,12.0,En Operación
2018-06-11 19:10:00,0.1,1006.58,0.0,13.82,2.2,224.0,9.0,11.0,En Operación
2018-06-11 19:15:00,0.1,1006.9,0.0,13.85,2.0,225.0,9.0,11.0,En Operación
2018-06-11 19:20:00,0.1,1007.22,0.0,13.88,1.8,226.0,11.0,9.0,En Operación
2018-06-11 19:25:00,0.1,1007.55,0.0,13.9,1.6,227.0,8.0,12.0,En Operación
2018-06-11 19:30:00,0.1,1007.55,0.0,13.9,1.6,228.0,10.0,10.0,En Operación
2018-06-11 19:35:00,0.1,1007.55,0.0,13.9,1.6,229.0,10.0,10.0,En Operación
2018-06-11 19:40:00,0.1,1007.54,0.0,13.9,1.8,230.0,9.0,11.0,En Operación
2018-06-11 19:45:00,0.1,1007.52,0.0,13.9,2.0,231.0,9.0,11.0,En Operación
2018-06-11 19:50:00,0.1,1007.51,0.0,13.9,2.2,232.0,9.0,11.0,En Operación
2018-06-11 19:55:00,0.1,1007.5,0.0,13.9,2.4,233.0,10.0,10.0,En Operación
2018-06-11 20:00:00,0.1,1007.5,0.0,13.9,2.4,234.0,10.0,10.0,En Operación
2018-06-11 20:05:00,0.1,1007.5,0.0,13.9,2.4,235.0,9.0,11.0,En Operación
2018-06-11 20:10:00,0.1,1007.55,0.0,13.88,2.0,236.0,11.0,9.0,En Operación
2018-06-11 20:15:00,0.1,1007.6,0.0,13.85,1.6,237.0,12.0,8.0,En Operación
2018-06-11 20:20:00,0.1,1007.65,0.0,13.82,1.2,238.0,13.0,7.0,En Operación
2018-06-11 20:25:00,0.1,1007.7,0.0,13.8,0.8,239.0,13.0,7.0,En Operación
2018-06-11 20:30:00,0.1,1007.7,0.0,13.8,0.8,240.0,15.0,5.0,En Operación
2018-06-11 20:35:00,0.1,1007.7,0.0,13.8,0.8,241.0,14.0,6.0,En Operación
2018-06-11 20:40:00,0.1,1007.75,0.0,13.79,0.8,242.0,14.0,6.0,En Operación
2018-06-11 20:45:00,0.1,1007.8,0.0,13.78,0.8,243.0,14.0,6.0,En Operación
2018-06-11 20:50:00,0.1,1007.85,0.0,13.76,0.8,244.0,13.0,7.0,En Operación
2018-06-11 20:55:00,0.1,1007.9,0.0,13.75,0.8,245.0,15.0,5.0,En Operación
2018-06-11 21:00:00,0.1,1007.9,0.0,13.75,0.8,246.0,15.0,5.0,En Operación
2018-06-11 21:05:00,0.1,1007.9,0.0,13.75,0.8,247.0,15.0,5.0,En Operación
2018-06-11 21:10:00,0.1,1008.02,0.0,13.65,1.0,248.0,15.0,5.0,En Operación
2018-06-11 21:15:00,0.1,1008.15,0.0,13.55,1.2,249.0,15.0,5.0,En Operación
2018-06-11 21:20:00,0.1,1008.28,0.0,13.45,1.4,250.0,17.0,3.0,En Operación
2018-06-11 21:25:00,0.1,1008.4,0.0,13.35,1.6,251.0,18.0,2.0,En Operación
2018-06-11 21:30:00,0.1,1008.4,0.0,13.35,1.6,252.0,16.0,4.0,En Operación
2018-06-11 21:35:00,0.1,1008.4,0.0,13.35,1.6,253.0,16.0,4.0,En Operación
2018-06-11 21:40:00,0.1,1008.51,0.0,13.29,2.2,254.0,16.0,4.0,En Operación
2018-06-11 21:45:00,0.1,1008.62,0.0,13.22,2.8,255.0,15.0,5.0,En Operación
2018-06-11 21:50:00,0.1,1008.74,0.0,13.16,3.4,256.0,15.0,5.0,En Operación
2018-06-11 21:55:00,0.1,1008.85,0.0,13.1,4.0,257.0,15.0,5.0,En Operación
2018-06-11 22:00:00,0.1,1008.85,0.0,13.1,4.0,258.0,15.0,5.0,En Operación
2018-06-11 22:05:00,0.1,1008.85,0.0,13.1,4.0,259.0,14.0,6.0,En Operación
2018-06-11 22:10:00,0.1,1009.05,0.0,13.02,3.4,260.0,12.0,8.0,En Operación
2018-06-11 22:15:00,0.1,1009.25,0.0,12.95,2.8,261.0,12.0,8.0,En Operación
2018-06-11 22:20:00,0.1,1009.45,0.0,12.88,2.2,262.0,13.0,7.0,En Operación
2018-06-11 22:25:00,0.1,1009.65,0.0,12.8,1.6,263.0,11.0,9.0,En Operación
2018-06-11 22:30:00,0.1,1009.65,0.0,12.8,1.6,264.0,13.0,7.0,En Operación
2018-06-11 22:35:00,0.1,1009.65,0.0,12.8,1.6,265.0,13.0,7.0,En Operación
2018-06-11 22:40:00,0.1,1009.6,0.0,12.8,2.0,266.0,13.0,7.0,En Operación
2018-06-11 22:45:00,0.1,1009.55,0.0,12.8,2.4,267.0,12.0,8.0,En Operación
2018-06-11 22:50:00,0.1,1009.5,0.0,12.8,2.8,268.0,10.0,10.0,En Operación
2018-06-11 22:55:00,0.1,1009.45,0.0,12.8,3.2,269.0,10.0,10.0,En Operación
2018-06-11 23:00:00,0.1,1009.45,0.0,12.8,3.2,270.0,9.0,11.0,En Operación
2018-06-11 23:05:00,0.1,1009.45,0.0,12.8,3.2,271.0,9.0,11.0,En Operación
2018-06-11 23:10:00,0.1,1009.51,0.0,12.78,2.8,272.0,9.0,11.0,En Operación
2018-06-11 23:15:00,0.1,1009.58,0.0,12.75,2.4,273.0,9.0,11.0,En Operación
2018-06-11 23:20:00,0.1,1009.64,0.0,12.72,2.0,274.0,8.0,12.0,En Operación
2018-06-11 23:25:00,0.1,1009.7,0.0,12.7,1.6,275.0,8.0,12.0,En Operación
2018-06-11 23:30:00,0.1,1009.7,0.0,12.7,1.6,276.0,9.0,11.0,En Operación
2018-06-11 23:35:00,0.1,1009.7,0.0,12.7,1.6,277.0,9.0,11.0,En Operación
2018-06-11 23:40:00,0.1,1009.7,0.0,12.68,1.6,278.0,9.0,11.0,En Operación
2018-06-11 23:45:00,0.1,1009.7,0.0,12.65,1.6,279.0,9.0,11.0,En Operación
2018-06-11 23:50:00,0.1,1009.7,0.0,12.62,1.6,280.0,9.0,11.0,En Operación
2018-06-11 23:55:00,0.1,1009.7,0.0,12.6,1.6,281.0,9.0,11.0,En Operación
2018-06-12 00:00:00,0.1,1009.7,0.0,12.6,1.6,282.0,8.0,12.0,En Operación
2018-06-12 00:05:00,0.1,1009.7,0.0,12.6,1.6,283.0,8.0,12.0,En Operación
2018-06-12 00:10:00,0.1,1009.81,0.0,12.61,1.4,284.0,9.0,11.0,En Operación
2018-06-12 00:15:00,0.1,1009.92,0.0,12.62,1.2,285.0,9.0,11.0,En Operación
2018-06-12 00:20:00,0.1,1010.04,0.0,12.64,1.0,286.0,9.0,11.0,En Operación
2018-06-12 00:25:00,0.1,1010.15,0.0,12.65,0.8,287.0,9.0,11.0,En Operación
2018-06-12 00:30:00,0.1,1010.15,0.0,12.65,0.8,288.0,9.0,11.0,En Operación
2018-06-12 00:35:00,0.1,1010.15,0.0,12.65,0.8,289.0,9.0,11.0,En Operación
2018-06-12 00:40:00,0.1,1010.06,0.0,12.62,1.0,290.0,10.0,10.0,En Operación
2018-06-12 00:45:00,0.1,1009.97,0.0,12.6,1.2,291.0,7.0,13.0,En Operación
2018-06-12 00:50:00,0.1,1009.89,0.0,12.58,1.4,292.0,5.0,15.0,En Operación
2018-06-12 00:55:00,0.1,1009.8,0.0,12.55,1.6,293.0,6.0,14.0,En Operación
2018-06-12 01:00:00,0.1,1009.8,0.0,12.55,1.6,294.0,6.0,14.0,En Operación
2018-06-12 01:05:00,0.1,1009.8,0.0,12.55,1.6,295.0,5.0,15.0,En Operación
2018-06-12 01:10:00,0.08,1009.84,0.0,12.5,1.4,296.0,5.0,15.0,En Operación
2018-06-12 01:15:00,0.05,1009.88,0.0,12.45,1.2,297.0,5.0,15.0,En Operación
2018-06-12 01:20:00,0.02,1009.91,0.0,12.4,1.0,298.0,4.0,16.0,En Operación
2018-06-12 01:25:00,0.0,1009.95,0.0,12.35,0.8,299.0,5.0,15.0,En Operación
2018-06-12 01:30:00,0.0,1009.95,0.0,12.35,0.8,300.0,5.0,15.0,En Operación
2018-06-12 01:35:00,0.0,1009.95,0.0,12.35,0.8,301.0,4.0,16.0,En Operación
2018-06-12 01:40:00,0.0,1009.91,0.0,12.34,0.8,302.0,6.0,14.0,En Operación
2018-06-12 01:45:00,0.0,1009.88,0.0,12.32,0.8,303.0,6.0,14.0,En Operación
2018-06-12 01:50:00,0.0,1009.84,0.0,12.31,0.8,304.0,6.0,14.0,En Operación
2018-06-12 01:55:00,0.0,1009.8,0.0,12.3,0.8,305.0,7.0,13.0,En Operación
2018-06-12 02:00:00,0.0,1009.8,0.0,12.3,0.8,306.0,7.0,13.0,En Operación
2018-06-12 02:05:00,0.0,1009.8,0.0,12.3,0.8,307.0,7.0,13.0,En Operación
2018-06-12 02:10:00,0.0,1009.8,0.0,12.26,0.8,308.0,7.0,13.0,En Operación
2018-06-12 02:15:00,0.0,1009.8,0.0,12.23,0.8,309.0,7.0,13.0,En Operación
2018-06-12 02:20:00,0.0,1009.8,0.0,12.19,0.8,310.0,7.0,13.0,En Operación
2018-06-12 02:25:00,0.0,1009.8,0.0,12.15,0.8,311.0,7.0,13.0,En Operación
2018-06-12 02:30:00,0.0,1009.8,0.0,12.15,0.8,312.0,7.0,13.0,En Operación
2018-06-12 02:35:00,0.0,1009.8,0.0,12.15,0.8,313.0,7.0,13.0,En Operación
2018-06-12 02:40:00,0.0,1009.74,0.0,12.11,0.8,314.0,7.0,13.0,En Operación
2018-06-12 02:45:00,0.0,1009.68,0.0,12.08,0.8,315.0,7.0,13.0,En Operación
2018-06-12 02:50:00,0.0,1009.61,0.0,12.04,0.8,316.0,6.0,14.0,En Operación
2018-06-12 02:55:00,0.0,1009.55,0.0,12.0,0.8,317.0,6.0,14.0,En Operación
2018-06-12 03:00:00,0.0,1009.55,0.0,12.0,0.8,318.0,6.0,14.0,En Operación
2018-06-12 03:05:00,0.0,1009.55,0.0,12.0,0.8,319.0,6.0,14.0,En Operación
2018-06-12 03:10:00,0.0,1009.38,0.0,11.94,1.4,320.0,6.0,14.0,En Operación
2018-06-12 03:15:00,0.0,1009.2,0.0,11.88,2.0,321.0,6.0,14.0,En Operación
2018-06-12 03:20:00,0.0,1009.02,0.0,11.81,2.6,322.0,6.0,14.0,En Operación
2018-06-12 03:25:00,0.0,1008.85,0.0,11.75,3.2,323.0,6.0,14.0,En Operación
2018-06-12 03:30:00,0.0,1008.85,0.0,11.75,3.2,324.0,6.0,14.0,En Operación
2018-06-12 03:35:00,0.0,1008.85,0.0,11.75,3.2,325.0,6.0,14.0,En Operación
2018-06-12 03:40:00,0.0,1008.9,0.0,11.74,3.2,326.0,6.0,14.0,En Operación
2018-06-12 03:45:00,0.0,1008.95,0.0,11.72,3.2,327.0,6.0,14.0,En Operación
2018-06-12 03:50:00,0.0,1009.0,0.0,11.71,3.2,328.0,6.0,14.0,En Operación
2018-06-12 03:55:00,0.0,1009.05,0.0,11.7,3.2,329.0,6.0,14.0,En Operación
2018-06-12 04:00:00,0.0,1009.05,0.0,11.7,3.2,330.0,6.0,14.0,En Operación
2018-06-12 04:05:00,0.0,1009.05,0.0,11.7,3.2,331.0,6.0,14.0,En Operación
2018-06-12 04:10:00,0.0,1009.12,0.0,11.66,2.6,332.0,6.0,14.0,En Operación
2018-06-12 04:15:00,0.0,1009.2,0.0,11.62,2.0,333.0,6.0,14.0,En Operación
2018-06-12 04:20:00,0.0,1009.28,0.0,11.59,1.4,334.0,6.0,14.0,En Operación
2018-06-12 04:25:00,0.0,1009.35,0.0,11.55,0.8,335.0,6.0,14.0,En Operación
2018-06-12 04:30:00,0.0,1009.35,0.0,11.55,0.8,336.0,6.0,14.0,En Operación
2018-06-12 04:35:00,0.0,1009.35,0.0,11.55,0.8,337.0,6.0,14.0,En Operación
2018-06-12 04:40:00,0.0,1009.35,0.0,11.54,0.8,338.0,6.0,14.0,En Operación
2018-06-12 04:45:00,0.0,1009.35,0.0,11.52,0.8,339.0,6.0,14.0,En Operación
2018-06-12 04:50:00,0.0,1009.35,0.0,11.51,0.8,340.0,6.0,14.0,En Operación
2018-06-12 04:55:00,0.0,1009.35,0.0,11.5,0.8,341.0,6.0,14.0,En Operación
2018-06-12 05:00:00,0.0,1009.35,0.0,11.5,0.8,342.0,6.0,14.0,En Operación
2018-06-12 05:05:00,0.0,1009.35,0.0,11.5,0.8,343.0,6.0,14.0,En Operación
2018-06-12 05:10:00,0.0,1009.35,0.0,11.49,0.6,344.0,6.0,14.0,En Operación
2018-06-12 05:15:00,0.0,1009.35,0.0,11.48,0.4,345.0,6.0,14.0,En Operación
2018-06-12 05:20:00,0.0,1009.35,0.0,11.46,0.2,346.0,6.0,14.0,En Operación
2018-06-12 05:25:00,0.0,1009.35,0.0,11.45,0.0,347.0,6.0,14.0,En Operación
2018-06-12 05:30:00,0.0,1009.35,0.0,11.45,0.0,348.0,6.0,14.0,En Operación
2018-06-12 05:35:00,0.0,1009.35,0.0,11.45,0.0,349.0,6.0,14.0,En Operación
2018-06-12 05:40:00,0.0,1009.35,0.0,11.44,0.0,350.0,6.0,14.0,En Operación
2018-06-12 05:45:00,0.0,1009.35,0.0,11.42,0.0,351.0,6.0,14.0,En Operación
2018-06-12 05:50:00,0.0,1009.35,0.0,11.41,0.0,352.0,6.0,14.0,En Operación
2018-06-12 05:55:00,0.0,1009.35,0.0,11.4,0.0,353.0,6.0,14.0,En Operación
2018-06-12 06:00:00,0.0,1009.35,0.0,11.4,0.0,354.0,5.0,15.0,En Operación
2018-06-12 06:05:00,0.0,1009.35,0.0,11.4,0.0,355.0,6.0,14.0,En Operación
2018-06-12 06:10:00,0.0,1009.31,0.0,11.36,0.0,356.0,5.0,15.0,En Operación
2018-06-12 06:15:00,0.0,1009.28,0.0,11.32,0.0,357.0,6.0,14.0,En Operación
2018-06-12 06:20:00,0.0,1009.24,0.0,11.29,0.0,358.0,6.0,14.0,En Operación
2018-06-12 06:25:00,0.0,1009.2,0.0,11.25,0.0,359.0,5.0,15.0,En Operación
2018-06-12 06:30:00,0.0,1009.2,0.0,11.25,0.0,360.0,6.0,14.0,En Operación
2018-06-12 06:35:00,0.0,1009.2,0.0,11.25,0.0,361.0,4.0,16.0,En Operación
2018-06-12 06:40:00,0.0,1009.18,0.0,11.24,0.0,362.0,3.0,17.0,En Operación
2018-06-12 06:45:00,0.0,1009.15,0.0,11.22,0.0,363.0,3.0,17.0,En Operación
2018-06-12 06:50:00,0.0,1009.12,0.0,11.21,0.0,364.0,3.0,17.0,En Operación
2018-06-12 06:55:00,0.0,1009.1,0.0,11.2,0.0,365.0,3.0,17.0,En Operación
2018-06-12 07:00:00,0.0,1009.1,0.0,11.2,0.0,366.0,3.0,17.0,En Operación
2018-06-12 07:05:00,0.0,1009.1,0.0,11.2,0.0,367.0,3.0,17.0,En Operación
2018-06-12 07:10:00,0.0,1009.02,0.0,11.21,0.4,368.0,2.0,18.0,En Operación
2018-06-12 07:15:00,0.0,1008.95,0.0,11.22,0.8,369.0,2.0,18.0,En Operación
2018-06-12 07:20:00,0.0,1008.88,0.0,11.24,1.2,370.0,2.0,18.0,En Operación
2018-06-12 07:25:00,0.0,1008.8,0.0,11.25,1.6,371.0,1.0,19.0,En Operación
2018-06-12 07:30:00,0.0,1008.8,0.0,11.25,1.6,372.0,0.0,20.0,En Operación
2018-06-12 07:35:00,0.0,1008.8,0.0,11.25,1.6,373.0,1.0,19.0,En Operación
2018-06-12 07:40:00,0.0,1008.8,0.0,11.26,1.8,374.0,1.0,19.0,En Operación
2018-06-12 07:45:00,0.0,1008.8,0.0,11.28,2.0,375.0,1.0,19.0,En Operación
2018-06-12 07:50:00,0.0,1008.8,0.0,11.29,2.2,376.0,1.0,19.0,En Operación
2018-06-12 07:55:00,0.0,1008.8,0.0,11.3,2.4,377.0,1.0,19.0,En Operación
2018-06-12 08:00:00,0.0,1008.8,0.0,11.3,2.4,378.0,0.0,20.0,En Operación
2018-06-12 08:05:00,0.0,1008.8,0.0,11.3,2.4,379.0,1.0,19.0,En Operación
2018-06-12 08:10:00,0.0,1008.92,0.0,11.36,2.2,380.0,2.0,18.0,En Operación
2018-06-12 08:15:00,0.0,1009.05,0.0,11.42,2.0,381.0,2.0,18.0,En Operación
2018-06-12 08:20:00,0.0,1009.18,0.0,11.49,1.8,382.0,1.0,19.0,En Operación
2018-06-12 08:25:00,0.0,1009.3,0.0,11.55,1.6,383.0,2.0,18.0,En Operación
2018-06-12 08:30:00,0.0,1009.3,0.0,11.55,1.6,384.0,2.0,18.0,En Operación
2018-06-12 08:35:00,0.0,1009.3,0.0,11.55,1.6,385.0,2.0,18.0,En Operación
2018-06-12 08:40:00,0.0,1009.31,0.0,11.58,1.6,386.0,2.0,18.0,En Operación
2018-06-12 08:45:00,0.0,1009.32,0.0,11.6,1.6,387.0,2.0,18.0,En Operación
2018-06-12 08:50:00,0.0,1009.34,0.0,11.62,1.6,388.0,2.0,18.0,En Operación
2018-06-12 08:55:00,0.0,1009.35,0.0,11.65,1.6,389.0,2.0,18.0,En Operación
2018-06-12 09:00:00,0.0,1009.35,0.0,11.65,1.6,390.0,3.0,17.0,En Operación
2018-06-12 09:05:00,0.0,1009.35,0.0,11.65,1.6,391.0,3.0,17.0,En Operación
2018-06-12 09:10:00,0.0,1009.41,0.0,11.72,2.0,392.0,2.0,18.0,En Operación
2018-06-12 09:15:00,0.0,1009.48,0.0,11.8,2.4,393.0,2.0,18.0,En Operación
2018-06-12 09:20:00,0.0,1009.54,0.0,11.88,2.8,394.0,2.0,18.0,En Operación
2018-06-12 09:25:00,0.0,1009.6,0.0,11.95,3.2,395.0,2.0,18.0,En Operación
2018-06-12 09:30:00,0.0,1009.6,0.0,11.95,3.2,396.0,2.0,18.0,En Operación
2018-06-12 09:35:00,0.0,1009.6,0.0,11.95,3.2,397.0,2.0,18.0,En Operación
2018-06-12 09:40:00,0.0,1009.61,0.0,11.99,3.0,398.0,2.0,18.0,En Operación
2018-06-12 09:45:00,0.0,1009.62,0.0,12.02,2.8,399.0,2.0,18.0,En Operación
2018-06-12 09:50:00,0.0,1009.64,0.0,12.06,2.6,400.0,2.0,18.0,En Operación
2018-06-12 09:55:00,0.0,1009.65,0.0,12.1,2.4,401.0,2.0,18.0,En Operación
2018-06-12 10:00:00,0.0,1009.65,0.0,12.1,2.4,402.0,2.0,18.0,En Operación
2018-06-12 10:05:00,0.0,1009.65,0.0,12.1,2.4,403.0,2.0,18.0,En Operación
2018-06-12 10:10:00,0.06,1009.62,0.22,12.16,3.0,404.0,2.0,18.0,En Operación
2018-06-12 10:15:00,0.12,1009.6,0.45,12.22,3.6,405.0,2.0,18.0,En Operación
2018-06-12 10:20:00,0.19,1009.58,0.68,12.29,4.2,406.0,2.0,18.0,En Operación
2018-06-12 10:25:00,0.25,1009.55,0.9,12.35,4.8,407.0,2.0,18.0,En Operación
2018-06-12 10:30:00,0.25,1009.55,0.9,12.35,4.8,408.0,2.0,18.0,En Operación
2018-06-12 10:35:00,0.25,1009.55,0.9,12.35,4.8,409.0,2.0,18.0,En Operación
2018-06-12 10:40:00,0.89,1009.56,0.84,12.41,5.41,410.0,3.0,17.0,En Operación
2018-06-12 10:45:00,1.52,1009.58,0.78,12.48,6.02,411.0,3.0,17.0,En Operación
2018-06-12 10:50:00,2.16,1009.59,0.71,12.54,6.64,412.0,3.0,17.0,En Operación
2018-06-12 10:55:00,2.8,1009.6,0.65,12.6,7.25,413.0,3.0,17.0,En Operación
2018-06-12 11:00:00,2.8,1009.6,0.65,12.6,7.25,414.0,3.0,17.0,En Operación
2018-06-12 11:05:00,2.8,1009.6,0.65,12.6,7.25,415.0,3.0,17.0,En Operación
2018-06-12 11:10:00,2.8,1009.56,0.49,12.62,8.85,416.0,3.0,17.0,En Operación
2018-06-12 11:15:00,2.8,1009.53,0.32,12.65,10.45,417.0,4.0,16.0,En Operación
2018-06-12 11:20:00,2.8,1009.49,0.16,12.68,12.05,418.0,4.0,16.0,En Operación
2018-06-12 11:25:00,2.8,1009.45,0.0,12.7,13.65,419.0,3.0,17.0,En Operación
2018-06-12 11:30:00,2.8,1009.45,0.0,12.7,13.65,420.0,3.0,17.0,En Operación
2018-06-12 11:35:00,2.8,1009.45,0.0,12.7,13.65,421.0,3.0,17.0,En Operación
2018-06-12 11:40:00,2.8,1009.44,0.0,12.79,15.26,422.0,3.0,17.0,En Operación
2018-06-12 11:45:00,2.8,1009.42,0.0,12.88,16.88,423.0,4.0,16.0,En Operación
2018-06-12 11:50:00,2.8,1009.41,0.0,12.96,18.49,424.0,3.0,17.0,En Operación
2018-06-12 11:55:00,2.8,1009.4,0.0,13.05,20.1,425.0,4.0,16.0,En Operación
2018-06-12 12:00:00,2.8,1009.4,0.0,13.05,20.1,426.0,4.0,16.0,En Operación
2018-06-12 12:05:00,2.8,1009.4,0.0,13.05,20.1,427.0,4.0,16.0,En Operación
2018-06-12 12:10:00,2.8,1009.32,0.0,13.11,18.1,428.0,4.0,16.0,En Operación
2018-06-12 12:15:00,2.8,1009.25,0.0,13.18,16.1,429.0,3.0,17.0,En Operación
2018-06-12 12:20:00,2.8,1009.18,0.0,13.24,14.1,430.0,3.0,17.0,En Operación
2018-06-12 12:25:00,2.8,1009.1,0.0,13.3,12.1,431.0,4.0,16.0,En Operación
2018-06-12 12:30:00,2.8,1009.1,0.0,13.3,12.1,432.0,2.0,18.0,En Operación
2018-06-12 12:35:00,2.8,1009.1,0.0,13.3,12.1,433.0,1.0,19.0,En Operación
2018-06-12 12:40:00,2.8,1009.06,0.0,13.3,12.1,434.0,1.0,19.0,En Operación
2018-06-12 12:45:00,2.8,1009.03,0.0,13.3,12.1,435.0,1.0,19.0,En Operación
2018-06-12 12:50:00,2.8,1008.99,0.0,13.3,12.1,436.0,2.0,18.0,En Operación
2018-06-12 12:55:00,2.8,1008.95,0.0,13.3,12.1,437.0,1.0,19.0,En Operación
2018-06-12 13:00:00,2.8,1008.95,0.0,13.3,12.1,438.0,0.0,20.0,En Operación
2018-06-12 13:05:00,2.8,1008.95,0.0,13.3,12.1,439.0,1.0,19.0,En Operación
2018-06-12 13:10:00,2.8,1008.9,0.0,13.26,11.5,440.0,1.0,19.0,En Operación
2018-06-12 13:15:00,2.8,1008.85,0.0,13.23,10.9,441.0,1.0,19.0,En Operación
2018-06-12 13:20:00,2.8,1008.8,0.0,13.19,10.3,442.0,1.0,19.0,En Operación
2018-06-12 13:25:00,2.8,1008.75,0.0,13.15,9.7,443.0,3.0,17.0,En Operación
2018-06-12 13:30:00,2.8,1008.75,0.0,13.15,9.7,444.0,3.0,17.0,En Operación
2018-06-12 13:35:00,2.8,1008.75,0.0,13.15,9.7,445.0,3.0,17.0,En Operación
2018-06-12 13:40:00,2.8,1008.74,0.0,13.02,9.9,446.0,3.0,17.0,En Operación
2018-06-12 13:45:00,2.8,1008.72,0.0,12.9,10.1,447.0,2.0,18.0,En Operación
2018-06-12 13:50:00,2.8,1008.71,0.0,12.78,10.3,448.0,3.0,17.0,En Operación
2018-06-12 13:55:00,2.8,1008.7,0.0,12.65,10.5,449.0,2.0,18.0,En Operación
2018-06-12 14:00:00,2.8,1008.7,0.0,12.65,10.5,450.0,2.0,18.0,En Operación
2018-06-12 14:05:00,2.8,1008.7,0.0,12.65,10.5,451.0,3.0,17.0,En Operación
2018-06-12 14:10:00,2.8,1008.65,0.0,12.46,9.28,452.0,2.0,18.0,En Operación
2018-06-12 14:15:00,2.8,1008.6,0.0,12.28,8.05,453.0,3.0,17.0,En Operación
2018-06-12 14:20:00,2.8,1008.55,0.0,12.09,6.82,454.0,3.0,17.0,En Operación
2018-06-12 14:25:00,2.8,1008.5,0.0,11.9,5.6,455.0,3.0,17.0,En Operación
2018-06-12 14:30:00,2.8,1008.5,0.0,11.9,5.6,456.0,2.0,18.0,En Operación
2018-06-12 14:35:00,2.8,1008.5,0.0,11.9,5.6,457.0,1.0,19.0,En Operación
2018-06-12 14:40:00,2.8,1008.54,0.0,11.91,7.41,458.0,3.0,17.0,En Operación
2018-06-12 14:45:00,2.8,1008.58,0.0,11.92,9.22,459.0,0.0,20.0,En Operación
2018-06-12 14:50:00,2.8,1008.61,0.0,11.94,11.04,460.0,1.0,19.0,En Operación
2018-06-12 14:55:00,2.8,1008.65,0.0,11.95,12.85,461.0,1.0,19.0,En Operación
2018-06-12 15:00:00,2.8,1008.65,0.0,11.95,12.85,462.0,1.0,19.0,En Operación
2018-06-12 15:05:00,2.8,1008.65,0.0,11.95,12.85,463.0,1.0,19.0,En Operación
2018-06-12 15:10:00,2.86,1008.56,0.12,11.86,11.45,464.0,2.0,18.0,En Operación
2018-06-12 15:15:00,2.92,1008.47,0.25,11.77,10.05,465.0,1.0,19.0,En Operación
2018-06-12 15:20:00,2.99,1008.39,0.38,11.69,8.65,466.0,0.0,20.0,En Operación
2018-06-12 15:25:00,3.05,1008.3,0.5,11.6,7.25,467.0,1.0,19.0,En Operación
2018-06-12 15:30:00,3.05,1008.3,0.5,11.6,7.25,468.0,2.0,18.0,En Operación
2018-06-12 15:35:00,3.05,1008.3,0.5,11.6,7.25,469.0,1.0,19.0,En Operación
2018-06-12 15:40:00,3.11,1008.3,0.38,11.62,8.06,470.0,1.0,19.0,En Operación
2018-06-12 15:45:00,3.18,1008.3,0.25,11.65,8.88,471.0,1.0,19.0,En Operación
2018-06-12 15:50:00,3.24,1008.3,0.12,11.68,9.69,472.0,0.0,20.0,En Operación
2018-06-12 15:55:00,3.3,1008.3,0.0,11.7,10.5,473.0,1.0,19.0,En Operación
2018-06-12 16:00:00,3.3,1008.3,0.0,11.7,10.5,474.0,0.0,20.0,En Operación
2018-06-12 16:05:00,3.3,1008.3,0.0,11.7,10.5,475.0,0.0,20.0,En Operación
2018-06-12 16:10:00,3.3,1008.26,0.0,11.71,9.68,476.0,1.0,19.0,En Operación
2018-06-12 16:15:00,3.3,1008.22,0.0,11.72,8.85,477.0,0.0,20.0,En Operación
2018-06-12 16:20:00,3.3,1008.19,0.0,11.74,8.02,478.0,0.0,20.0,En Operación
2018-06-12 16:25:00,3.3,1008.15,0.0,11.75,7.2,479.0,0.0,20.0,En Operación
2018-06-12 16:30:00,3.3,1008.15,0.0,11.75,7.2,480.0,0.0,20.0,En Operación
2018-06-12 16:35:00,3.3,1008.15,0.0,11.75,7.2,481.0,0.0,20.0,En Operación
2018-06-12 16:40:00,3.36,1008.24,0.16,11.56,8.81,482.0,0.0,20.0,En Operación
2018-06-12 16:45:00,3.42,1008.32,0.32,11.38,10.42,483.0,0.0,20.0,En Operación
2018-06-12 16:50:00,3.49,1008.41,0.49,11.19,12.04,484.0,0.0,20.0,En Operación
2018-06-12 16:55:00,3.55,1008.5,0.65,11.0,13.65,485.0,0.0,20.0,En Operación
2018-06-12 17:00:00,3.55,1008.5,0.65,11.0,13.65,486.0,0.0,20.0,En Operación
2018-06-12 17:05:00,3.55,1008.5,0.65,11.0,13.65,487.0,0.0,20.0,En Operación
2018-06-12 17:10:00,3.55,1008.66,0.49,10.69,12.86,488.0,0.0,20.0,En Operación
2018-06-12 17:15:00,3.55,1008.82,0.32,10.38,12.08,489.0,1.0,19.0,En Operación
2018-06-12 17:20:00,3.55,1008.99,0.16,10.06,11.29,490.0,1.0,19.0,En Operación
2018-06-12 17:25:00,3.55,1009.15,0.0,9.75,10.5,491.0,1.0,19.0,En Operación
2018-06-12 17:30:00,3.55,1009.15,0.0,9.75,10.5,492.0,1.0,19.0,En Operación
2018-06-12 17:35:00,3.55,1009.15,0.0,9.75,10.5,493.0,0.0,20.0,En Operación
2018-06-12 17:40:00,3.55,1009.21,0.0,9.69,10.9,494.0,0.0,20.0,En Operación
2018-06-12 17:45:00,3.55,1009.28,0.0,9.62,11.3,495.0,0.0,20.0,En Operación
2018-06-12 17:50:00,3.55,1009.34,0.0,9.56,11.7,496.0,0.0,20.0,En Operación
2018-06-12 17:55:00,3.55,1009.4,0.0,9.5,12.1,497.0,0.0,20.0,En Operación
2018-06-12 18:00:00,3.55,1009.4,0.0,9.5,12.1,498.0,0.0,20.0,En Operación
2018-06-12 18:05:00,3.55,1009.4,0.0,9.5,12.1,499.0,1.0,19.0,En Operación
2018-06-12 18:10:00,3.55,1009.68,0.0,9.32,13.5,500.0,1.0,19.0,En Operación
2018-06-12 18:15:00,3.55,1009.95,0.0,9.15,14.9,501.0,1.0,19.0,En Operación
2018-06-12 18:20:00,3.55,1010.22,0.0,8.98,16.3,502.0,1.0,19.0,En Operación
2018-06-12 18:25:00,3.55,1010.5,0.0,8.8,17.7,503.0,1.0,19.0,En Operación
2018-06-12 18:30:00,3.55,1010.5,0.0,8.8,17.7,504.0,1.0,19.0,En Operación
2018-06-12 18:35:00,3.55,1010.5,0.0,8.8,17.7,505.0,0.0,20.0,En Operación
2018-06-12 18:40:00,3.59,1010.6,0.0,8.7,14.89,506.0,0.0,20.0,En Operación
2018-06-12 18:45:00,3.62,1010.7,0.0,8.6,12.08,507.0,1.0,19.0,En Operación
2018-06-12 18:50:00,3.66,1010.8,0.0,8.5,9.26,508.0,1.0,19.0,En Operación
2018-06-12 18:55:00,3.7,1010.9,0.0,8.4,6.45,509.0,1.0,19.0,En Operación
2018-06-12 19:00:00,3.7,1010.9,0.0,8.4,6.45,510.0,1.0,19.0,En Operación
2018-06-12 19:05:00,3.7,1010.9,0.0,8.4,6.45,511.0,1.0,19.0,En Operación
2018-06-12 19:10:00,3.79,1011.15,0.22,8.19,7.45,512.0,1.0,19.0,En Operación
2018-06-12 19:15:00,3.88,1011.4,0.45,7.98,8.45,513.0,1.0,19.0,En Operación
2018-06-12 19:20:00,3.96,1011.65,0.68,7.76,9.45,514.0,1.0,19.0,En Operación
2018-06-12 19:25:00,4.05,1011.9,0.9,7.55,10.45,515.0,1.0,19.0,En Operación
2018-06-12 19:30:00,4.05,1011.9,0.9,7.55,10.45,516.0,2.0,18.0,En Operación
2018-06-12 19:35:00,4.05,1011.9,0.9,7.55,10.45,517.0,2.0,18.0,En Operación
2018-06-12 19:40:00,4.05,1011.95,0.68,7.54,10.05,518.0,2.0,18.0,En Operación
2018-06-12 19:45:00,4.05,1012.0,0.45,7.52,9.65,519.0,2.0,18.0,En Operación
2018-06-12 19:50:00,4.05,1012.05,0.22,7.51,9.25,520.0,1.0,19.0,En Operación
2018-06-12 19:55:00,4.05,1012.1,0.0,7.5,8.85,521.0,0.0,20.0,En Operación
2018-06-12 20:00:00,4.05,1012.1,0.0,7.5,8.85,522.0,0.0,20.0,En Operación
2018-06-12 20:05:00,4.05,1012.1,0.0,7.5,8.85,523.0,0.0,20.0,En Operación
2018-06-12 20:10:00,4.05,1012.28,0.0,7.41,9.45,524.0,0.0,20.0,En Operación
2018-06-12 20:15:00,4.05,1012.45,0.0,7.32,10.05,525.0,0.0,20.0,En Operación
2018-06-12 20:20:00,4.05,1012.62,0.0,7.24,10.65,526.0,0.0,20.0,En Operación
2018-06-12 20:25:00,4.05,1012.8,0.0,7.15,11.25,527.0,0.0,20.0,En Operación
2018-06-12 20:30:00,4.05,1012.8,0.0,7.15,11.25,528.0,0.0,20.0,En Operación
2018-06-12 20:35:00,4.05,1012.8,0.0,7.15,11.25,529.0,0.0,20.0,En Operación
2018-06-12 20:40:00,4.15,1012.82,0.12,7.14,11.86,530.0,0.0,20.0,En Operación
2018-06-12 20:45:00,4.25,1012.85,0.25,7.12,12.48,531.0,0.0,20.0,En Operación
2018-06-12 20:50:00,4.35,1012.88,0.38,7.11,13.09,532.0,0.0,20.0,En Operación
2018-06-12 20:55:00,4.45,1012.9,0.5,7.1,13.7,533.0,0.0,20.0,En Operación
2018-06-12 21:00:00,4.45,1012.9,0.5,7.1,13.7,534.0,0.0,20.0,En Operación
2018-06-12 21:05:00,4.45,1012.9,0.5,7.1,13.7,535.0,0.0,20.0,En Operación
2018-06-12 21:10:00,4.47,1012.98,0.38,7.12,13.9,536.0,0.0,20.0,En Operación
2018-06-12 21:15:00,4.5,1013.05,0.25,7.15,14.1,537.0,0.0,20.0,En Operación
2018-06-12 21:20:00,4.53,1013.12,0.12,7.18,14.3,538.0,0.0,20.0,En Operación
2018-06-12 21:25:00,4.55,1013.2,0.0,7.2,14.5,539.0,0.0,20.0,En Operación
2018-06-12 21:30:00,4.55,1013.2,0.0,7.2,14.5,540.0,0.0,20.0,En Operación
2018-06-12 21:35:00,4.55,1013.2,0.0,7.2,14.5,541.0,0.0,20.0,En Operación
2018-06-12 21:40:00,4.59,1013.26,0.0,7.22,14.7,542.0,0.0,20.0,En Operación
2018-06-12 21:45:00,4.62,1013.32,0.0,7.25,14.9,543.0,0.0,20.0,En Operación
2018-06-12 21:50:00,4.66,1013.39,0.0,7.28,15.1,544.0,0.0,20.0,En Operación
2018-06-12 21:55:00,4.7,1013.45,0.0,7.3,15.3,545.0,0.0,20.0,En Operación
2018-06-12 22:00:00,4.7,1013.45,0.0,7.3,15.3,546.0,1.0,19.0,En Operación
2018-06-12 22:05:00,4.7,1013.45,0.0,7.3,15.3,547.0,1.0,19.0,En Operación
2018-06-12 22:10:00,4.74,1013.59,0.0,7.34,13.49,548.0,1.0,19.0,En Operación
2018-06-12 22:15:00,4.78,1013.72,0.0,7.38,11.68,549.0,1.0,19.0,En Operación
2018-06-12 22:20:00,4.81,1013.86,0.0,7.41,9.86,550.0,1.0,19.0,En Operación
2018-06-12 22:25:00,4.85,1014.0,0.0,7.45,8.05,551.0,1.0,19.0,En Operación
2018-06-12 22:30:00,4.85,1014.0,0.0,7.45,8.05,552.0,1.0,19.0,En Operación
2018-06-12 22:35:00,4.85,1014.0,0.0,7.45,8.05,553.0,0.0,20.0,En Operación
2018-06-12 22:40:00,4.88,1014.08,0.0,7.48,9.66,554.0,0.0,20.0,En Operación
2018-06-12 22:45:00,4.9,1014.15,0.0,7.5,11.28,555.0,1.0,19.0,En Operación
2018-06-12 22:50:00,4.92,1014.22,0.0,7.52,12.89,556.0,1.0,19.0,En Operación
2018-06-12 22:55:00,4.95,1014.3,0.0,7.55,14.5,557.0,1.0,19.0,En Operación
2018-06-12 23:00:00,4.95,1014.3,0.0,7.55,14.5,558.0,0.0,20.0,En Operación
2018-06-12 23:05:00,4.95,1014.3,0.0,7.55,14.5,559.0,0.0,20.0,En Operación
2018-06-12 23:10:00,4.99,1014.5,0.0,7.61,14.1,560.0,0.0,20.0,En Operación
2018-06-12 23:15:00,5.03,1014.7,0.0,7.68,13.7,561.0,0.0,20.0,En Operación
2018-06-12 23:20:00,5.06,1014.9,0.0,7.74,13.3,562.0,0.0,20.0,En Operación
2018-06-12 23:25:00,5.1,1015.1,0.0,7.8,12.9,563.0,0.0,20.0,En Operación
2018-06-12 23:30:00,5.1,1015.1,0.0,7.8,12.9,564.0,0.0,20.0,En Operación
2018-06-12 23:35:00,5.1,1015.1,0.0,7.8,12.9,565.0,0.0,20.0,En Operación
2018-06-12 23:40:00,5.12,1015.15,0.0,7.81,12.9,566.0,0.0,20.0,En Operación
2018-06-12 23:45:00,5.15,1015.2,0.0,7.82,12.9,567.0,0.0,20.0,En Operación
2018-06-12 23:50:00,5.18,1015.25,0.0,7.84,12.9,568.0,0.0,20.0,En Operación
2018-06-12 23:55:00,5.2,1015.3,0.0,7.85,12.9,569.0,0.0,20.0,En Operación
2018-06-13 00:00:00,5.2,1015.3,0.0,7.85,12.9,570.0,0.0,20.0,En Operación
2018-06-13 00:05:00,5.2,1015.3,0.0,7.85,12.9,571.0,0.0,20.0,En Operación
2018-06-13 00:10:00,3.9,1015.42,0.0,7.94,14.3,572.0,1.0,19.0,En Operación
2018-06-13 00:15:00,2.6,1015.55,0.0,8.02,15.7,573.0,1.0,19.0,En Operación
2018-06-13 00:20:00,1.3,1015.68,0.0,8.11,17.1,574.0,1.0,19.0,En Operación
2018-06-13 00:25:00,0.0,1015.8,0.0,8.2,18.5,575.0,1.0,19.0,En Operación
2018-06-13 00:30:00,0.0,1015.8,0.0,8.2,18.5,576.0,1.0,19.0,En Operación
2018-06-13 00:35:00,0.0,1015.8,0.0,8.2,18.5,577.0,1.0,19.0,En Operación
2018-06-13 00:40:00,0.04,1015.85,0.0,8.21,16.89,578.0,1.0,19.0,En Operación
2018-06-13 00:45:00,0.08,1015.9,0.0,8.22,15.28,579.0,1.0,19.0,En Operación
2018-06-13 00:50:00,0.11,1015.95,0.0,8.24,13.66,580.0,1.0,19.0,En Operación
2018-06-13 00:55:00,0.15,1016.0,0.0,8.25,12.05,581.0,1.0,19.0,En Operación
2018-06-13 01:00:00,0.15,1016.0,0.0,8.25,12.05,582.0,0.0,20.0,En Operación
2018-06-13 01:05:00,0.15,1016.0,0.0,8.25,12.05,583.0,0.0,20.0,En Operación
2018-06-13 01:10:00,0.15,1016.06,0.0,8.29,10.85,584.0,0.0,20.0,En Operación
2018-06-13 01:15:00,0.15,1016.12,0.0,8.32,9.65,585.0,0.0,20.0,En Operación
2018-06-13 01:20:00,0.15,1016.19,0.0,8.36,8.45,586.0,0.0,20.0,En Operación
2018-06-13 01:25:00,0.15,1016.25,0.0,8.4,7.25,587.0,0.0,20.0,En Operación
2018-06-13 01:30:00,0.15,1016.25,0.0,8.4,7.25,588.0,0.0,20.0,En Operación
2018-06-13 01:35:00,0.15,1016.25,0.0,8.4,7.25,589.0,1.0,19.0,En Operación
2018-06-13 01:40:00,0.15,1016.22,0.0,8.43,7.05,590.0,1.0,19.0,En Operación
2018-06-13 01:45:00,0.15,1016.2,0.0,8.45,6.85,591.0,1.0,19.0,En Operación
2018-06-13 01:50:00,0.15,1016.18,0.0,8.48,6.65,592.0,1.0,19.0,En Operación
2018-06-13 01:55:00,0.15,1016.15,0.0,8.5,6.45,593.0,1.0,19.0,En Operación
2018-06-13 02:00:00,0.15,1016.15,0.0,8.5,6.45,594.0,1.0,19.0,En Operación
2018-06-13 02:05:00,0.15,1016.15,0.0,8.5,6.45,595.0,1.0,19.0,En Operación
2018-06-13 02:10:00,0.15,1016.14,0.0,8.54,6.85,596.0,1.0,19.0,En Operación
2018-06-13 02:15:00,0.15,1016.12,0.0,8.57,7.25,597.0,1.0,19.0,En Operación
2018-06-13 02:20:00,0.15,1016.11,0.0,8.61,7.65,598.0,1.0,19.0,En Operación
2018-06-13 02:25:00,0.15,1016.1,0.0,8.65,8.05,599.0,1.0,19.0,En Operación
2018-06-13 02:30:00,0.15,1016.1,0.0,8.65,8.05,600.0,1.0,19.0,En Operación
2018-06-13 02:35:00,0.15,1016.1,0.0,8.65,8.05,601.0,1.0,19.0,En Operación
2018-06-13 02:40:00,0.15,1016.14,0.0,8.62,8.05,602.0,1.0,19.0,En Operación
2018-06-13 02:45:00,0.15,1016.18,0.0,8.6,8.05,603.0,1.0,19.0,En Operación
2018-06-13 02:50:00,0.15,1016.21,0.0,8.58,8.05,604.0,1.0,19.0,En Operación
2018-06-13 02:55:00,0.15,1016.25,0.0,8.55,8.05,605.0,1.0,19.0,En Operación
2018-06-13 03:00:00,0.15,1016.25,0.0,8.55,8.05,606.0,1.0,19.0,En Operación
2018-06-13 03:05:00,0.15,1016.25,0.0,8.55,8.05,607.0,1.0,19.0,En Operación
2018-06-13 03:10:00,0.15,1016.32,0.0,8.54,9.46,608.0,1.0,19.0,En Operación
2018-06-13 03:15:00,0.15,1016.4,0.0,8.52,10.88,609.0,1.0,19.0,En Operación
2018-06-13 03:20:00,0.15,1016.47,0.0,8.51,12.29,610.0,1.0,19.0,En Operación
2018-06-13 03:25:00,0.15,1016.55,0.0,8.5,13.7,611.0,1.0,19.0,En Operación
2018-06-13 03:30:00,0.15,1016.55,0.0,8.5,13.7,612.0,1.0,19.0,En Operación
2018-06-13 03:35:00,0.15,1016.55,0.0,8.5,13.7,613.0,1.0,19.0,En Operación
2018-06-13 03:40:00,0.15,1016.56,0.0,8.49,12.09,614.0,1.0,19.0,En Operación
2018-06-13 03:45:00,0.15,1016.58,0.0,8.48,10.48,615.0,1.0,19.0,En Operación
2018-06-13 03:50:00,0.15,1016.59,0.0,8.46,8.86,616.0,1.0,19.0,En Operación
2018-06-13 03:55:00,0.15,1016.6,0.0,8.45,7.25,617.0,1.0,19.0,En Operación
2018-06-13 04:00:00,0.15,1016.6,0.0,8.45,7.25,618.0,1.0,19.0,En Operación
2018-06-13 04:05:00,0.15,1016.6,0.0,8.45,7.25,619.0,1.0,19.0,En Operación
2018-06-13 04:10:00,0.15,1016.65,0.0,8.45,8.86,620.0,1.0,19.0,En Operación
2018-06-13 04:15:00,0.15,1016.7,0.0,8.45,10.48,621.0,1.0,19.0,En Operación
2018-06-13 04:20:00,0.15,1016.75,0.0,8.45,12.09,622.0,1.0,19.0,En Operación
2018-06-13 04:25:00,0.15,1016.8,0.0,8.45,13.7,623.0,1.0,19.0,En Operación
2018-06-13 04:30:00,0.15,1016.8,0.0,8.45,13.7,624.0,1.0,19.0,En Operación
2018-06-13 04:35:00,0.15,1016.8,0.0,8.45,13.7,625.0,1.0,19.0,En Operación
2018-06-13 04:40:00,0.15,1016.81,0.0,8.42,13.5,626.0,1.0,19.0,En Operación
2018-06-13 04:45:00,0.15,1016.82,0.0,8.4,13.3,627.0,1.0,19.0,En Operación
2018-06-13 04:50:00,0.15,1016.84,0.0,8.38,13.1,628.0,1.0,19.0,En Operación
2018-06-13 04:55:00,0.15,1016.85,0.0,8.35,12.9,629.0,1.0,19.0,En Operación
2018-06-13 05:00:00,0.15,1016.85,0.0,8.35,12.9,630.0,1.0,19.0,En Operación
2018-06-13 05:05:00,0.15,1016.85,0.0,8.35,12.9,631.0,1.0,19.0,En Operación
2018-06-13 05:10:00,0.15,1016.94,0.0,8.3,12.9,632.0,1.0,19.0,En Operación
2018-06-13 05:15:00,0.15,1017.03,0.0,8.25,12.9,633.0,1.0,19.0,En Operación
2018-06-13 05:20:00,0.15,1017.11,0.0,8.2,12.9,634.0,1.0,19.0,En Operación
2018-06-13 05:25:00,0.15,1017.2,0.0,8.15,12.9,635.0,1.0,19.0,En Operación
2018-06-13 05:30:00,0.15,1017.2,0.0,8.15,12.9,636.0,1.0,19.0,En Operación
2018-06-13 05:35:00,0.15,1017.2,0.0,8.15,12.9,637.0,1.0,19.0,En Operación
2018-06-13 05:40:00,0.15,1017.26,0.0,8.14,12.7,638.0,1.0,19.0,En Operación
2018-06-13 05:45:00,0.15,1017.32,0.0,8.12,12.5,639.0,1.0,19.0,En Operación
2018-06-13 05:50:00,0.15,1017.39,0.0,8.11,12.3,640.0,1.0,19.0,En Operación
2018-06-13 05:55:00,0.15,1017.45,0.0,8.1,12.1,641.0,1.0,19.0,En Operación
2018-06-13 06:00:00,0.15,1017.45,0.0,8.1,12.1,642.0,1.0,19.0,En Operación
2018-06-13 06:05:00,0.15,1017.45,0.0,8.1,12.1,643.0,1.0,19.0,En Operación
2018-06-13 06:10:00,0.15,1017.64,0.0,8.06,10.69,644.0,1.0,19.0,En Operación
2018-06-13 06:15:00,0.15,1017.82,0.0,8.02,9.28,645.0,1.0,19.0,En Operación
2018-06-13 06:20:00,0.15,1018.01,0.0,7.99,7.86,646.0,1.0,19.0,En Operación
2018-06-13 06:25:00,0.15,1018.2,0.0,7.95,6.45,647.0,1.0,19.0,En Operación
2018-06-13 06:30:00,0.15,1018.2,0.0,7.95,6.45,648.0,1.0,19.0,En Operación
2018-06-13 06:35:00,0.15,1018.2,0.0,7.95,6.45,649.0,1.0,19.0,En Operación
2018-06-13 06:40:00,0.15,1018.24,0.0,7.92,7.25,650.0,1.0,19.0,En Operación
2018-06-13 06:45:00,0.15,1018.28,0.0,7.9,8.05,651.0,1.0,19.0,En Operación
2018-06-13 06:50:00,0.15,1018.31,0.0,7.88,8.85,652.0,1.0,19.0,En Operación
2018-06-13 06:55:00,0.15,1018.35,0.0,7.85,9.65,653.0,1.0,19.0,En Operación
2018-06-13 07:00:00,0.15,1018.35,0.0,7.85,9.65,654.0,1.0,19.0,En Operación
2018-06-13 07:05:00,0.15,1018.35,0.0,7.85,9.65,655.0,1.0,19.0,En Operación
2018-06-13 07:10:00,0.15,1018.5,0.0,7.79,9.25,656.0,1.0,19.0,En Operación
2018-06-13 07:15:00,0.15,1018.65,0.0,7.72,8.85,657.0,1.0,19.0,En Operación
2018-06-13 07:20:00,0.15,1018.8,0.0,7.66,8.45,658.0,1.0,19.0,En Operación
2018-06-13 07:25:00,0.15,1018.95,0.0,7.6,8.05,659.0,1.0,19.0,En Operación
2018-06-13 07:30:00,0.15,1018.95,0.0,7.6,8.05,660.0,1.0,19.0,En Operación
2018-06-13 07:35:00,0.15,1018.95,0.0,7.6,8.05,661.0,1.0,19.0,En Operación
2018-06-13 07:40:00,0.15,1018.99,0.0,7.57,7.45,662.0,0.0,20.0,En Operación
2018-06-13 07:45:00,0.15,1019.03,0.0,7.55,6.85,663.0,0.0,20.0,En Operación
2018-06-13 07:50:00,0.15,1019.06,0.0,7.52,6.25,664.0,0.0,20.0,En Operación
2018-06-13 07:55:00,0.15,1019.1,0.0,7.5,5.65,665.0,0.0,20.0,En Operación
2018-06-13 08:00:00,0.15,1019.1,0.0,7.5,5.65,666.0,0.0,20.0,En Operación
2018-06-13 08:05:00,0.15,1019.1,0.0,7.5,5.65,667.0,0.0,20.0,En Operación
2018-06-13 08:10:00,0.15,1019.31,0.0,7.46,6.65,668.0,0.0,20.0,En Operación
2018-06-13 08:15:00,0.15,1019.53,0.0,7.42,7.65,669.0,1.0,19.0,En Operación
2018-06-13 08:20:00,0.15,1019.74,0.0,7.39,8.65,670.0,1.0,19.0,En Operación
2018-06-13 08:25:00,0.15,1019.95,0.0,7.35,9.65,671.0,0.0,20.0,En Operación
2018-06-13 08:30:00,0.15,1019.95,0.0,7.35,9.65,672.0,0.0,20.0,En Operación
2018-06-13 08:35:00,0.15,1019.95,0.0,7.35,9.65,673.0,1.0,19.0,En Operación
2018-06-13 08:40:00,0.15,1020.04,0.0,7.38,9.05,674.0,2.0,18.0,En Operación
2018-06-13 08:45:00,0.15,1020.12,0.0,7.4,8.45,675.0,1.0,19.0,En Operación
2018-06-13 08:50:00,0.15,1020.21,0.0,7.42,7.85,676.0,1.0,19.0,En Operación
2018-06-13 08:55:00,0.15,1020.3,0.0,7.45,7.25,677.0,1.0,19.0,En Operación
2018-06-13 09:00:00,0.15,1020.3,0.0,7.45,7.25,678.0,1.0,19.0,En Operación
2018-06-13 09:05:00,0.15,1020.3,0.0,7.45,7.25,679.0,0.0,20.0,En Operación
2018-06-13 09:10:00,0.15,1020.54,0.0,7.5,7.05,680.0,0.0,20.0,En Operación
2018-06-13 09:15:00,0.15,1020.78,0.0,7.55,6.85,681.0,1.0,19.0,En Operación
2018-06-13 09:20:00,0.15,1021.01,0.0,7.6,6.65,682.0,2.0,18.0,En Operación
2018-06-13 09:25:00,0.15,1021.25,0.0,7.65,6.45,683.0,0.0,20.0,En Operación
2018-06-13 09:30:00,0.15,1021.25,0.0,7.65,6.45,684.0,0.0,20.0,En Operación
2018-06-13 09:35:00,0.15,1021.25,0.0,7.65,6.45,685.0,0.0,20.0,En Operación
2018-06-13 09:40:00,0.15,1021.39,0.0,7.78,6.25,686.0,0.0,20.0,En Operación
2018-06-13 09:45:00,0.15,1021.52,0.0,7.9,6.05,687.0,1.0,19.0,En Operación
2018-06-13 09:50:00,0.15,1021.66,0.0,8.02,5.85,688.0,1.0,19.0,En Operación
2018-06-13 09:55:00,0.15,1021.8,0.0,8.15,5.65,689.0,1.0,19.0,En Operación
2018-06-13 10:00:00,0.15,1021.8,0.0,8.15,5.65,690.0,1.0,19.0,En Operación
2018-06-13 10:05:00,0.15,1021.8,0.0,8.15,5.65,691.0,1.0,19.0,En Operación
2018-06-13 10:10:00,0.15,1021.91,0.0,8.25,5.85,692.0,0.0,20.0,En Operación
2018-06-13 10:15:00,0.15,1022.02,0.0,8.35,6.05,693.0,0.0,20.0,En Operación
2018-06-13 10:20:00,0.15,1022.14,0.0,8.45,6.25,694.0,0.0,20.0,En Operación
2018-06-13 10:25:00,0.15,1022.25,0.0,8.55,6.45,695.0,0.0,20.0,En Operación
2018-06-13 10:30:00,0.15,1022.25,0.0,8.55,6.45,696.0,0.0,20.0,En Operación
2018-06-13 10:35:00,0.15,1022.25,0.0,8.55,6.45,697.0,0.0,20.0,En Operación
2018-06-13 10:40:00,0.15,1022.34,0.0,8.6,7.66,698.0,0.0,20.0,En Operación
2018-06-13 10:45:00,0.15,1022.42,0.0,8.65,8.88,699.0,0.0,20.0,En Operación
2018-06-13 10:50:00,0.15,1022.51,0.0,8.7,10.09,700.0,0.0,20.0,En Operación
2018-06-13 10:55:00,0.15,1022.6,0.0,8.75,11.3,701.0,0.0,20.0,En Operación
2018-06-13 11:00:00,0.15,1022.6,0.0,8.75,11.3,702.0,0.0,20.0,En Operación
2018-06-13 11:05:00,0.15,1022.6,0.0,8.75,11.3,703.0,0.0,20.0,En Operación
2018-06-13 11:10:00,0.15,1022.64,0.0,8.74,9.69,704.0,1.0,19.0,En Operación
2018-06-13 11:15:00,0.15,1022.68,0.0,8.72,8.07,705.0,1.0,19.0,En Operación
2018-06-13 11:20:00,0.15,1022.71,0.0,8.71,6.46,706.0,1.0,19.0,En Operación
2018-06-13 11:25:00,0.15,1022.75,0.0,8.7,4.85,707.0,1.0,19.0,En Operación
2018-06-13 11:30:00,0.15,1022.75,0.0,8.7,4.85,708.0,0.0,20.0,En Operación
2018-06-13 11:35:00,0.15,1022.75,0.0,8.7,4.85,709.0,0.0,20.0,En Operación
2018-06-13 11:40:00,0.15,1022.79,0.0,8.69,6.06,710.0,0.0,20.0,En Operación
2018-06-13 11:45:00,0.15,1022.82,0.0,8.68,7.28,711.0,0.0,20.0,En Operación
2018-06-13 11:50:00,0.15,1022.86,0.0,8.66,8.49,712.0,0.0,20.0,En Operación
2018-06-13 11:55:00,0.15,1022.9,0.0,8.65,9.7,713.0,0.0,20.0,En Operación
2018-06-13 12:00:00,0.15,1022.9,0.0,8.65,9.7,714.0,0.0,20.0,En Operación
2018-06-13 12:05:00,0.15,1022.9,0.0,8.65,9.7,715.0,0.0,20.0,En Operación
2018-06-13 12:10:00,0.15,1023.0,0.0,8.66,10.7,716.0,0.0,20.0,En Operación
2018-06-13 12:15:00,0.15,1023.1,0.0,8.68,11.7,717.0,0.0,20.0,En Operación
2018-06-13 12:20:00,0.15,1023.2,0.0,8.69,12.7,718.0,0.0,20.0,En Operación
2018-06-13 12:25:00,0.15,1023.3,0.0,8.7,13.7,719.0,0.0,20.0,En Operación
2018-06-13 12:30:00,0.15,1023.3,0.0,8.7,13.7,720.0,0.0,20.0,En Operación
2018-06-13 12:35:00,0.15,1023.3,0.0,8.7,13.7,721.0,0.0,20.0,En Operación
2018-06-13 12:40:00,0.15,1023.28,0.0,8.72,12.29,722.0,0.0,20.0,En Operación
2018-06-13 12:45:00,0.15,1023.25,0.0,8.75,10.88,723.0,1.0,19.0,En Operación
2018-06-13 12:50:00,0.15,1023.22,0.0,8.78,9.46,724.0,0.0,20.0,En Operación
2018-06-13 12:55:00,0.15,1023.2,0.0,8.8,8.05,725.0,0.0,20.0,En Operación
2018-06-13 13:00:00,0.15,1023.2,0.0,8.8,8.05,726.0,0.0,20.0,En Operación
2018-06-13 13:05:00,0.15,1023.2,0.0,8.8,8.05,727.0,0.0,20.0,En Operación
2018-06-13 13:10:00,0.15,1023.18,0.0,8.85,9.66,728.0,1.0,19.0,En Operación
2018-06-13 13:15:00,0.15,1023.15,0.0,8.9,11.28,729.0,3.0,17.0,En Operación
2018-06-13 13:20:00,0.15,1023.12,0.0,8.95,12.89,730.0,6.0,14.0,En Operación
2018-06-13 13:25:00,0.15,1023.1,0.0,9.0,14.5,731.0,6.0,14.0,En Operación
2018-06-13 13:30:00,0.15,1023.1,0.0,9.0,14.5,732.0,7.0,13.0,En Operación
2018-06-13 13:35:00,0.15,1023.1,0.0,9.0,14.5,733.0,6.0,14.0,En Operación
2018-06-13 13:40:00,0.15,1023.1,0.0,8.98,12.29,734.0,6.0,14.0,En Operación
2018-06-13 13:45:00,0.15,1023.1,0.0,8.95,10.07,735.0,7.0,13.0,En Operación
2018-06-13 13:50:00,0.15,1023.1,0.0,8.93,7.86,736.0,7.0,13.0,En Operación
2018-06-13 13:55:00,0.15,1023.1,0.0,8.9,5.65,737.0,6.0,14.0,En Operación
2018-06-13 14:00:00,0.15,1023.1,0.0,8.9,5.65,738.0,3.0,17.0,En Operación
2018-06-13 14:05:00,0.15,1023.1,0.0,8.9,5.65,739.0,3.0,17.0,En Operación
2018-06-13 14:10:00,0.15,1023.08,0.0,9.0,5.64,740.0,3.0,17.0,En Operación
2018-06-13 14:15:00,0.15,1023.05,0.0,9.1,5.62,741.0,3.0,17.0,En Operación
2018-06-13 14:20:00,0.15,1023.02,0.0,9.2,5.61,742.0,2.0,18.0,En Operación
2018-06-13 14:25:00,0.15,1023.0,0.0,9.3,5.6,743.0,2.0,18.0,En Operación
2018-06-13 14:30:00,0.15,1023.0,0.0,9.3,5.6,744.0,1.0,19.0,En Operación
2018-06-13 14:35:00,0.15,1023.0,0.0,9.3,5.6,745.0,1.0,19.0,En Operación
2018-06-13 14:40:00,0.15,1022.99,0.0,9.35,5.8,746.0,2.0,18.0,En Operación
2018-06-13 14:45:00,0.15,1022.98,0.0,9.4,6.0,747.0,1.0,19.0,En Operación
2018-06-13 14:50:00,0.15,1022.96,0.0,9.45,6.2,748.0,1.0,19.0,En Operación
2018-06-13 14:55:00,0.15,1022.95,0.0,9.5,6.4,749.0,1.0,19.0,En Operación
2018-06-13 15:00:00,0.15,1022.95,0.0,9.5,6.4,750.0,1.0,19.0,En Operación
2018-06-13 15:05:00,0.15,1022.95,0.0,9.5,6.4,751.0,1.0,19.0,En Operación
2018-06-13 15:10:00,0.15,1022.92,0.0,9.64,7.21,752.0,1.0,19.0,En Operación
2018-06-13 15:15:00,0.15,1022.9,0.0,9.78,8.02,753.0,1.0,19.0,En Operación
2018-06-13 15:20:00,0.15,1022.88,0.0,9.91,8.84,754.0,1.0,19.0,En Operación
2018-06-13 15:25:00,0.15,1022.85,0.0,10.05,9.65,755.0,1.0,19.0,En Operación
2018-06-13 15:30:00,0.15,1022.85,0.0,10.05,9.65,756.0,1.0,19.0,En Operación
2018-06-13 15:35:00,0.15,1022.85,0.0,10.05,9.65,757.0,1.0,19.0,En Operación
2018-06-13 15:40:00,0.15,1022.86,0.0,10.08,8.24,758.0,1.0,19.0,En Operación
2018-06-13 15:45:00,0.15,1022.88,0.0,10.1,6.82,759.0,0.0,20.0,En Operación
2018-06-13 15:50:00,0.15,1022.89,0.0,10.12,5.41,760.0,0.0,20.0,En Operación
2018-06-13 15:55:00,0.15,1022.9,0.0,10.15,4.0,761.0,0.0,20.0,En Operación
2018-06-13 16:00:00,0.15,1022.9,0.0,10.15,4.0,762.0,2.0,18.0,En Operación
2018-06-13 16:05:00,0.15,1022.9,0.0,10.15,4.0,763.0,2.0,18.0,En Operación
2018-06-13 16:10:00,0.15,1022.98,0.0,10.14,4.4,764.0,4.0,16.0,En Operación
2018-06-13 16:15:00,0.15,1023.05,0.0,10.12,4.8,765.0,4.0,16.0,En Operación
2018-06-13 16:20:00,0.15,1023.12,0.0,10.11,5.2,766.0,4.0,16.0,En Operación
2018-06-13 16:25:00,0.15,1023.2,0.0,10.1,5.6,767.0,5.0,15.0,En Operación
2018-06-13 16:30:00,0.15,1023.2,0.0,10.1,5.6,768.0,6.0,14.0,En Operación
2018-06-13 16:35:00,0.15,1023.2,0.0,10.1,5.6,769.0,6.0,14.0,En Operación
2018-06-13 16:40:00,0.15,1023.22,0.0,10.11,6.61,770.0,6.0,14.0,En Operación
2018-06-13 16:45:00,0.15,1023.25,0.0,10.12,7.62,771.0,6.0,14.0,En Operación
2018-06-13 16:50:00,0.15,1023.28,0.0,10.14,8.64,772.0,5.0,15.0,En Operación
2018-06-13 16:55:00,0.15,1023.3,0.0,10.15,9.65,773.0,5.0,15.0,En Operación
2018-06-13 17:00:00,0.15,1023.3,0.0,10.15,9.65,774.0,5.0,15.0,En Operación
2018-06-13 17:05:00,0.15,1023.3,0.0,10.15,9.65,775.0,6.0,14.0,En Operación
2018-06-13 17:10:00,0.15,1023.38,0.0,10.1,8.64,776.0,6.0,14.0,En Operación
2018-06-13 17:15:00,0.15,1023.45,0.0,10.05,7.62,777.0,6.0,14.0,En Operación
2018-06-13 17:20:00,0.15,1023.52,0.0,10.0,6.61,778.0,7.0,13.0,En Operación
2018-06-13 17:25:00,0.15,1023.6,0.0,9.95,5.6,779.0,7.0,13.0,En Operación
2018-06-13 17:30:00,0.15,1023.6,0.0,9.95,5.6,780.0,7.0,13.0,En Operación
2018-06-13 17:35:00,0.15,1023.6,0.0,9.95,5.6,781.0,8.0,12.0,En Operación
2018-06-13 17:40:00,0.15,1023.62,0.0,9.94,5.4,782.0,9.0,11.0,En Operación
2018-06-13 17:45:00,0.15,1023.65,0.0,9.93,5.2,783.0,10.0,10.0,En Operación
2018-06-13 17:50:00,0.15,1023.68,0.0,9.91,5.0,784.0,10.0,10.0,En Operación
2018-06-13 17:55:00,0.15,1023.7,0.0,9.9,4.8,785.0,10.0,10.0,En Operación
2018-06-13 18:00:00,0.15,1023.7,0.0,9.9,4.8,786.0,9.0,11.0,En Operación
2018-06-13 18:05:00,0.15,1023.7,0.0,9.9,4.8,787.0,9.0,11.0,En Operación
2018-06-13 18:10:00,0.15,1023.75,0.0,9.84,4.4,788.0,9.0,11.0,En Operación
2018-06-13 18:15:00,0.15,1023.8,0.0,9.78,4.0,789.0,10.0,10.0,En Operación
2018-06-13 18:20:00,0.15,1023.85,0.0,9.71,3.6,790.0,9.0,11.0,En Operación
2018-06-13 18:25:00,0.15,1023.9,0.0,9.65,3.2,791.0,8.0,12.0,En Operación
2018-06-13 18:30:00,0.15,1023.9,0.0,9.65,3.2,792.0,8.0,12.0,En Operación
2018-06-13 18:35:00,0.15,1023.9,0.0,9.65,3.2,793.0,7.0,13.0,En Operación
2018-06-13 18:40:00,0.15,1023.94,0.0,9.62,3.2,794.0,7.0,13.0,En Operación
2018-06-13 18:45:00,0.15,1023.97,0.0,9.6,3.2,795.0,6.0,14.0,En Operación
2018-06-13 18:50:00,0.15,1024.01,0.0,9.58,3.2,796.0,6.0,14.0,En Operación
2018-06-13 18:55:00,0.15,1024.05,0.0,9.55,3.2,797.0,6.0,10.0,En Operación
2018-06-13 19:00:00,0.15,1024.05,0.0,9.55,3.2,798.0,7.0,13.0,En Operación
2018-06-13 19:05:00,0.15,1024.05,0.0,9.55,3.2,799.0,7.0,13.0,En Operación
2018-06-13 19:10:00,0.15,1024.14,0.0,9.52,3.0,800.0,7.0,13.0,En Operación
2018-06-13 19:15:00,0.15,1024.22,0.0,9.5,2.8,801.0,8.0,12.0,En Operación
2018-06-13 19:20:00,0.15,1024.31,0.0,9.48,2.6,802.0,9.0,11.0,En Operación
2018-06-13 19:25:00,0.15,1024.4,0.0,9.45,2.4,803.0,8.0,12.0,En Operación
2018-06-13 19:30:00,0.15,1024.4,0.0,9.45,2.4,804.0,8.0,12.0,En Operación
2018-06-13 19:35:00,0.15,1024.4,0.0,9.45,2.4,805.0,7.0,13.0,En Operación
2018-06-13 19:40:00,0.15,1024.47,0.0,9.44,2.4,806.0,7.0,13.0,En Operación
2018-06-13 19:45:00,0.15,1024.54,0.0,9.43,2.4,807.0,7.0,13.0,En Operación
2018-06-13 19:50:00,0.15,1024.61,0.0,9.42,2.4,808.0,8.0,12.0,En Operación
2018-06-13 19:55:00,0.15,1024.68,0.0,9.41,2.4,809.0,9.0,11.0,En Operación
2018-06-13 20:00:00,0.15,1024.75,0.0,9.4,2.4,810.0,9.0,11.0,En Operación
2018-06-13 20:05:00,0.15,1024.82,0.0,9.39,2.4,811.0,9.0,11.0,En Operación
2018-06-13 20:10:00,0.15,1024.89,0.0,9.38,2.4,812.0,8.0,12.0,En Operación
2018-06-13 20:15:00,0.15,1024.96,0.0,9.37,2.4,813.0,8.0,12.0,En Operación
2018-06-13 20:20:00,0.15,1025.03,0.0,9.36,2.4,814.0,8.0,12.0,En Operación
2018-06-13 20:25:00,0.15,1025.1,0.0,9.35,2.4,815.0,8.0,12.0,En Operación
2018-06-13 20:30:00,0.15,1025.1,0.0,9.35,2.4,816.0,9.0,11.0,En Operación
2018-06-13 20:35:00,0.15,1025.1,0.0,9.35,2.4,817.0,9.0,11.0,En Operación
2018-06-13 20:40:00,0.15,1025.12,0.0,9.3,2.4,818.0,10.0,10.0,En Operación
2018-06-13 20:45:00,0.15,1025.15,0.0,9.25,2.4,819.0,11.0,9.0,En Operación
2018-06-13 20:50:00,0.15,1025.18,0.0,9.2,2.4,820.0,11.0,9.0,En Operación
2018-06-13 20:55:00,0.15,1025.2,0.0,9.15,2.4,821.0,10.0,10.0,En Operación
2018-06-13 21:00:00,0.15,1025.2,0.0,9.15,2.4,822.0,9.0,11.0,En Operación
2018-06-13 21:05:00,0.15,1025.2,0.0,9.15,2.4,823.0,8.0,12.0,En Operación
2018-06-13 21:10:00,0.15,1025.24,0.0,9.04,3.0,824.0,6.0,14.0,En Operación
2018-06-13 21:15:00,0.15,1025.28,0.0,8.93,3.6,825.0,7.0,13.0,En Operación
2018-06-13 21:20:00,0.15,1025.31,0.0,8.81,4.2,826.0,7.0,13.0,En Operación
2018-06-13 21:25:00,0.15,1025.35,0.0,8.7,4.8,827.0,7.0,13.0,En Operación
2018-06-13 21:30:00,0.15,1025.35,0.0,8.7,4.8,828.0,9.0,11.0,En Operación
2018-06-13 21:35:00,0.15,1025.35,0.0,8.7,4.8,829.0,10.0,10.0,En Operación
2018-06-13 21:40:00,0.15,1025.38,0.0,8.66,4.4,830.0,10.0,10.0,En Operación
2018-06-13 21:45:00,0.15,1025.4,0.0,8.62,4.0,831.0,10.0,10.0,En Operación
2018-06-13 21:50:00,0.15,1025.42,0.0,8.59,3.6,832.0,10.0,10.0,En Operación
2018-06-13 21:55:00,0.15,1025.45,0.0,8.55,3.2,833.0,10.0,10.0,En Operación
2018-06-13 22:00:00,0.15,1025.45,0.0,8.55,3.2,834.0,9.0,11.0,En Operación
2018-06-13 22:05:00,0.15,1025.45,0.0,8.55,3.2,835.0,9.0,11.0,En Operación
2018-06-13 22:10:00,0.15,1025.49,0.0,8.49,2.6,836.0,9.0,11.0,En Operación
2018-06-13 22:15:00,0.15,1025.53,0.0,8.43,2.0,837.0,9.0,11.0,En Operación
2018-06-13 22:20:00,0.15,1025.56,0.0,8.36,1.4,838.0,9.0,11.0,En Operación
2018-06-13 22:25:00,0.15,1025.6,0.0,8.3,0.8,839.0,9.0,11.0,En Operación
2018-06-13 22:30:00,0.15,1025.6,0.0,8.3,0.8,840.0,9.0,11.0,En Operación
2018-06-13 22:35:00,0.15,1025.6,0.0,8.3,0.8,841.0,9.0,11.0,En Operación
2018-06-13 22:40:00,0.15,1025.64,0.0,8.29,1.2,842.0,9.0,11.0,En Operación
2018-06-13 22:45:00,0.15,1025.68,0.0,8.28,1.6,843.0,9.0,11.0,En Operación
2018-06-13 22:50:00,0.15,1025.71,0.0,8.26,2.0,844.0,8.0,12.0,En Operación
2018-06-13 22:55:00,0.15,1025.75,0.0,8.25,2.4,845.0,8.0,12.0,En Operación
2018-06-13 23:00:00,0.15,1025.75,0.0,8.25,2.4,846.0,8.0,12.0,En Operación
2018-06-13 23:05:00,0.15,1025.75,0.0,8.25,2.4,847.0,8.0,12.0,En Operación
2018-06-13 23:10:00,0.15,1025.8,0.0,8.2,2.6,848.0,8.0,12.0,En Operación
2018-06-13 23:15:00,0.15,1025.85,0.0,8.15,2.8,849.0,8.0,12.0,En Operación
2018-06-13 23:20:00,0.15,1025.9,0.0,8.1,3.0,850.0,8.0,12.0,En Operación
2018-06-13 23:25:00,0.15,1025.95,0.0,8.05,3.2,851.0,8.0,12.0,En Operación
2018-06-13 23:30:00,0.15,1025.95,0.0,8.05,3.2,852.0,9.0,11.0,En Operación
2018-06-13 23:35:00,0.15,1025.95,0.0,8.05,3.2,853.0,9.0,11.0,En Operación
2018-06-13 23:40:00,0.15,1025.95,0.0,8.01,3.6,854.0,9.0,11.0,En Operación
2018-06-13 23:45:00,0.15,1025.95,0.0,7.98,4.0,855.0,9.0,11.0,En Operación
2018-06-13 23:50:00,0.15,1025.95,0.0,7.94,4.4,856.0,9.0,11.0,En Operación
2018-06-13 23:55:00,0.15,1025.95,0.0,7.9,4.8,857.0,9.0,11.0,En Operación
2018-06-14 00:00:00,0.15,1025.95,0.0,7.9,4.8,858.0,9.0,11.0,En Operación
2018-06-14 00:05:00,0.15,1025.95,0.0,7.9,4.8,859.0,9.0,11.0,En Operación
2018-06-14 00:10:00,0.11,1026.0,0.0,7.78,4.0,860.0,9.0,11.0,En Operación
2018-06-14 00:15:00,0.08,1026.05,0.0,7.65,3.2,861.0,9.0,11.0,En Operación
2018-06-14 00:20:00,0.04,1026.1,0.0,7.52,2.4,862.0,8.0,12.0,En Operación
2018-06-14 00:25:00,0.0,1026.15,0.0,7.4,1.6,863.0,8.0,12.0,En Operación
2018-06-14 00:30:00,0.0,1026.15,0.0,7.4,1.6,864.0,8.0,12.0,En Operación
2018-06-14 00:35:00,0.0,1026.15,0.0,7.4,1.6,865.0,8.0,12.0,En Operación
2018-06-14 00:40:00,0.0,1026.14,0.0,7.34,2.6,866.0,8.0,12.0,En Operación
2018-06-14 00:45:00,0.0,1026.12,0.0,7.28,3.6,867.0,8.0,12.0,En Operación
2018-06-14 00:50:00,0.0,1026.11,0.0,7.21,4.6,868.0,9.0,11.0,En Operación
2018-06-14 00:55:00,0.0,1026.1,0.0,7.15,5.6,869.0,9.0,11.0,En Operación
2018-06-14 01:00:00,0.0,1026.1,0.0,7.15,5.6,870.0,9.0,11.0,En Operación
2018-06-14 01:05:00,0.0,1026.1,0.0,7.15,5.6,871.0,9.0,11.0,En Operación
2018-06-14 01:10:00,0.0,1026.11,0.0,7.11,4.8,872.0,9.0,11.0,En Operación
2018-06-14 01:15:00,0.0,1026.12,0.0,7.08,4.0,873.0,9.0,11.0,En Operación
2018-06-14 01:20:00,0.0,1026.14,0.0,7.04,3.2,874.0,9.0,11.0,En Operación
2018-06-14 01:25:00,0.0,1026.15,0.0,7.0,2.4,875.0,9.0,11.0,En Operación
2018-06-14 01:30:00,0.0,1026.15,0.0,7.0,2.4,876.0,9.0,11.0,En Operación
2018-06-14 01:35:00,0.0,1026.15,0.0,7.0,2.4,877.0,9.0,11.0,En Operación
2018-06-14 01:40:00,0.0,1026.19,0.0,6.95,3.0,878.0,9.0,11.0,En Operación
2018-06-14 01:45:00,0.0,1026.22,0.0,6.9,3.6,879.0,9.0,11.0,En Operación
2018-06-14 01:50:00,0.0,1026.26,0.0,6.85,4.2,880.0,9.0,11.0,En Operación
2018-06-14 01:55:00,0.0,1026.3,0.0,6.8,4.8,881.0,9.0,11.0,En Operación
2018-06-14 02:00:00,0.0,1026.3,0.0,6.8,4.8,882.0,9.0,11.0,En Operación
2018-06-14 02:05:00,0.0,1026.3,0.0,6.8,4.8,883.0,9.0,11.0,En Operación
2018-06-14 02:10:00,0.0,1026.34,0.0,6.66,4.2,884.0,9.0,11.0,En Operación
2018-06-14 02:15:00,0.0,1026.38,0.0,6.52,3.6,885.0,9.0,11.0,En Operación
2018-06-14 02:20:00,0.0,1026.41,0.0,6.39,3.0,886.0,9.0,11.0,En Operación
2018-06-14 02:25:00,0.0,1026.45,0.0,6.25,2.4,887.0,9.0,11.0,En Operación
2018-06-14 02:30:00,0.0,1026.45,0.0,6.25,2.4,888.0,9.0,11.0,En Operación
2018-06-14 02:35:00,0.0,1026.45,0.0,6.25,2.4,889.0,10.0,10.0,En Operación
2018-06-14 02:40:00,0.0,1026.44,0.0,6.22,3.0,890.0,10.0,10.0,En Operación
2018-06-14 02:45:00,0.0,1026.43,0.0,6.2,3.6,891.0,10.0,10.0,En Operación
2018-06-14 02:50:00,0.0,1026.41,0.0,6.18,4.2,892.0,10.0,10.0,En Operación
2018-06-14 02:55:00,0.0,1026.4,0.0,6.15,4.8,893.0,10.0,10.0,En Operación
2018-06-14 03:00:00,0.0,1026.4,0.0,6.15,4.8,894.0,10.0,10.0,En Operación
2018-06-14 03:05:00,0.0,1026.4,0.0,6.15,4.8,895.0,10.0,10.0,En Operación
2018-06-14 03:10:00,0.0,1026.43,0.0,6.01,5.0,896.0,10.0,10.0,En Operación
2018-06-14 03:15:00,0.0,1026.45,0.0,5.88,5.2,897.0,10.0,10.0,En Operación
2018-06-14 03:20:00,0.0,1026.47,0.0,5.74,5.4,898.0,10.0,10.0,En Operación
2018-06-14 03:25:00,0.0,1026.5,0.0,5.6,5.6,899.0,10.0,10.0,En Operación
2018-06-14 03:30:00,0.0,1026.5,0.0,5.6,5.6,900.0,10.0,10.0,En Operación
2018-06-14 03:35:00,0.0,1026.5,0.0,5.6,5.6,901.0,10.0,10.0,En Operación
2018-06-14 03:40:00,0.0,1026.51,0.0,5.57,5.2,902.0,10.0,10.0,En Operación
2018-06-14 03:45:00,0.0,1026.53,0.0,5.55,4.8,903.0,10.0,10.0,En Operación
2018-06-14 03:50:00,0.0,1026.54,0.0,5.52,4.4,904.0,10.0,10.0,En Operación
2018-06-14 03:55:00,0.0,1026.55,0.0,5.5,4.0,905.0,10.0,10.0,En Operación
2018-06-14 04:00:00,0.0,1026.55,0.0,5.5,4.0,906.0,10.0,10.0,En Operación
2018-06-14 04:05:00,0.0,1026.55,0.0,5.5,4.0,907.0,10.0,10.0,En Operación
2018-06-14 04:10:00,0.0,1026.56,0.0,5.39,4.0,908.0,10.0,10.0,En Operación
2018-06-14 04:15:00,0.0,1026.57,0.0,5.28,4.0,909.0,10.0,10.0,En Operación
2018-06-14 04:20:00,0.0,1026.59,0.0,5.16,4.0,910.0,10.0,10.0,En Operación
2018-06-14 04:25:00,0.0,1026.6,0.0,5.05,4.0,911.0,10.0,10.0,En Operación
2018-06-14 04:30:00,0.0,1026.6,0.0,5.05,4.0,912.0,10.0,10.0,En Operación
2018-06-14 04:35:00,0.0,1026.6,0.0,5.05,4.0,913.0,10.0,10.0,En Operación
2018-06-14 04:40:00,0.0,1026.59,0.0,5.08,4.2,914.0,10.0,10.0,En Operación
2018-06-14 04:45:00,0.0,1026.57,0.0,5.1,4.4,915.0,10.0,10.0,En Operación
2018-06-14 04:50:00,0.0,1026.56,0.0,5.12,4.6,916.0,10.0,10.0,En Operación
2018-06-14 04:55:00,0.0,1026.55,0.0,5.15,4.8,917.0,10.0,10.0,En Operación
2018-06-14 05:00:00,0.0,1026.55,0.0,5.15,4.8,918.0,10.0,10.0,En Operación
2018-06-14 05:05:00,0.0,1026.55,0.0,5.15,4.8,919.0,10.0,10.0,En Operación
2018-06-14 05:10:00,0.0,1026.54,0.0,5.22,5.0,920.0,10.0,10.0,En Operación
2018-06-14 05:15:00,0.0,1026.53,0.0,5.3,5.2,921.0,10.0,10.0,En Operación
2018-06-14 05:20:00,0.0,1026.51,0.0,5.38,5.4,922.0,10.0,10.0,En Operación
2018-06-14 05:25:00,0.0,1026.5,0.0,5.45,5.6,923.0,10.0,10.0,En Operación
2018-06-14 05:30:00,0.0,1026.5,0.0,5.45,5.6,924.0,10.0,10.0,En Operación
2018-06-14 05:35:00,0.0,1026.5,0.0,5.45,5.6,925.0,10.0,10.0,En Operación
2018-06-14 05:40:00,0.0,1026.5,0.0,5.48,4.8,926.0,10.0,10.0,En Operación
2018-06-14 05:45:00,0.0,1026.5,0.0,5.5,4.0,927.0,10.0,10.0,En Operación
2018-06-14 05:50:00,0.0,1026.5,0.0,5.52,3.2,928.0,10.0,10.0,En Operación
2018-06-14 05:55:00,0.0,1026.5,0.0,5.55,2.4,929.0,10.0,10.0,En Operación
2018-06-14 06:00:00,0.0,1026.5,0.0,5.55,2.4,930.0,10.0,10.0,En Operación
2018-06-14 06:05:00,0.0,1026.5,0.0,5.55,2.4,931.0,10.0,10.0,En Operación
2018-06-14 06:10:00,0.0,1026.47,0.0,5.59,2.6,932.0,10.0,10.0,En Operación
2018-06-14 06:15:00,0.0,1026.45,0.0,5.62,2.8,933.0,10.0,10.0,En Operación
2018-06-14 06:20:00,0.0,1026.43,0.0,5.66,3.0,934.0,10.0,10.0,En Operación
2018-06-14 06:25:00,0.0,1026.4,0.0,5.7,3.2,935.0,10.0,10.0,En Operación
2018-06-14 06:30:00,0.0,1026.4,0.0,5.7,3.2,936.0,10.0,10.0,En Operación
2018-06-14 06:35:00,0.0,1026.4,0.0,5.7,3.2,937.0,10.0,10.0,En Operación
2018-06-14 06:40:00,0.0,1026.41,0.0,5.66,3.8,938.0,10.0,10.0,En Operación
2018-06-14 06:45:00,0.0,1026.43,0.0,5.62,4.4,939.0,9.0,11.0,En Operación
2018-06-14 06:50:00,0.0,1026.44,0.0,5.59,5.0,940.0,9.0,11.0,En Operación
2018-06-14 06:55:00,0.0,1026.45,0.0,5.55,5.6,941.0,9.0,11.0,En Operación
2018-06-14 07:00:00,0.0,1026.45,0.0,5.55,5.6,942.0,9.0,11.0,En Operación
2018-06-14 07:05:00,0.0,1026.45,0.0,5.55,5.6,943.0,9.0,11.0,En Operación
2018-06-14 07:10:00,0.0,1026.5,0.0,5.61,4.8,944.0,9.0,11.0,En Operación
2018-06-14 07:15:00,0.0,1026.55,0.0,5.68,4.0,945.0,9.0,11.0,En Operación
2018-06-14 07:20:00,0.0,1026.6,0.0,5.74,3.2,946.0,8.0,12.0,En Operación
2018-06-14 07:25:00,0.0,1026.65,0.0,5.8,2.4,947.0,8.0,12.0,En Operación
2018-06-14 07:30:00,0.0,1026.65,0.0,5.8,2.4,948.0,8.0,12.0,En Operación
2018-06-14 07:35:00,0.0,1026.65,0.0,5.8,2.4,949.0,8.0,12.0,En Operación
2018-06-14 07:40:00,0.0,1026.71,0.0,5.79,2.6,950.0,8.0,12.0,En Operación
2018-06-14 07:45:00,0.0,1026.78,0.0,5.78,2.8,951.0,8.0,12.0,En Operación
2018-06-14 07:50:00,0.0,1026.84,0.0,5.76,3.0,952.0,8.0,12.0,En Operación
2018-06-14 07:55:00,0.0,1026.9,0.0,5.75,3.2,953.0,7.0,13.0,En Operación
2018-06-14 08:00:00,0.0,1026.9,0.0,5.75,3.2,954.0,7.0,13.0,En Operación
2018-06-14 08:05:00,0.0,1026.9,0.0,5.75,3.2,955.0,8.0,12.0,En Operación
2018-06-14 08:10:00,0.0,1027.09,0.0,5.75,2.8,956.0,8.0,12.0,En Operación
2018-06-14 08:15:00,0.0,1027.28,0.0,5.75,2.4,957.0,7.0,13.0,En Operación
2018-06-14 08:20:00,0.0,1027.46,0.0,5.75,2.0,958.0,6.0,14.0,En Operación
2018-06-14 08:25:00,0.0,1027.65,0.0,5.75,1.6,959.0,6.0,14.0,En Operación
2018-06-14 08:30:00,0.0,1027.65,0.0,5.75,1.6,960.0,7.0,13.0,En Operación
2018-06-14 08:35:00,0.0,1027.65,0.0,5.75,1.6,961.0,7.0,13.0,En Operación
2018-06-14 08:40:00,0.0,1027.69,0.0,5.78,2.2,962.0,7.0,13.0,En Operación
2018-06-14 08:45:00,0.0,1027.72,0.0,5.8,2.8,963.0,6.0,14.0,En Operación
2018-06-14 08:50:00,0.0,1027.76,0.0,5.82,3.4,964.0,6.0,14.0,En Operación
2018-06-14 08:55:00,0.0,1027.8,0.0,5.85,4.0,965.0,6.0,14.0,En Operación
2018-06-14 09:00:00,0.0,1027.8,0.0,5.85,4.0,966.0,5.0,15.0,En Operación
2018-06-14 09:05:00,0.0,1027.8,0.0,5.85,4.0,967.0,5.0,15.0,En Operación
2018-06-14 09:10:00,0.0,1027.91,0.0,5.94,3.4,968.0,3.0,17.0,En Operación
2018-06-14 09:15:00,0.0,1028.03,0.0,6.02,2.8,969.0,3.0,17.0,En Operación
2018-06-14 09:20:00,0.0,1028.14,0.0,6.11,2.2,970.0,3.0,17.0,En Operación
2018-06-14 09:25:00,0.0,1028.25,0.0,6.2,1.6,971.0,3.0,17.0,En Operación
2018-06-14 09:30:00,0.0,1028.25,0.0,6.2,1.6,972.0,3.0,17.0,En Operación
2018-06-14 09:35:00,0.0,1028.25,0.0,6.2,1.6,973.0,3.0,17.0,En Operación
2018-06-14 09:40:00,0.0,1028.34,0.0,6.42,1.8,974.0,3.0,17.0,En Operación
2018-06-14 09:45:00,0.0,1028.42,0.0,6.65,2.0,975.0,3.0,17.0,En Operación
2018-06-14 09:50:00,0.0,1028.51,0.0,6.88,2.2,976.0,3.0,17.0,En Operación
2018-06-14 09:55:00,0.0,1028.6,0.0,7.1,2.4,977.0,3.0,17.0,En Operación
2018-06-14 10:00:00,0.0,1028.6,0.0,7.1,2.4,978.0,3.0,17.0,En Operación
2018-06-14 10:05:00,0.0,1028.6,0.0,7.1,2.4,979.0,3.0,17.0,En Operación
2018-06-14 10:10:00,0.0,1028.61,0.0,7.25,3.2,980.0,3.0,17.0,En Operación
2018-06-14 10:15:00,0.0,1028.62,0.0,7.4,4.0,981.0,3.0,17.0,En Operación
2018-06-14 10:20:00,0.0,1028.64,0.0,7.55,4.8,982.0,3.0,17.0,En Operación
2018-06-14 10:25:00,0.0,1028.65,0.0,7.7,5.6,983.0,3.0,17.0,En Operación
2018-06-14 10:30:00,0.0,1028.65,0.0,7.7,5.6,984.0,2.0,18.0,En Operación
2018-06-14 10:35:00,0.0,1028.65,0.0,7.7,5.6,985.0,2.0,18.0,En Operación
2018-06-14 10:40:00,0.0,1028.69,0.0,7.9,5.2,986.0,2.0,18.0,En Operación
2018-06-14 10:45:00,0.0,1028.72,0.0,8.1,4.8,987.0,2.0,18.0,En Operación
2018-06-14 10:50:00,0.0,1028.76,0.0,8.3,4.4,988.0,3.0,17.0,En Operación
2018-06-14 10:55:00,0.0,1028.8,0.0,8.5,4.0,989.0,3.0,17.0,En Operación
2018-06-14 11:00:00,0.0,1028.8,0.0,8.5,4.0,990.0,3.0,17.0,En Operación
2018-06-14 11:05:00,0.0,1028.8,0.0,8.5,4.0,991.0,3.0,17.0,En Operación
2018-06-14 11:10:00,0.0,1028.78,0.0,8.59,3.8,992.0,2.0,18.0,En Operación
2018-06-14 11:15:00,0.0,1028.75,0.0,8.68,3.6,993.0,2.0,18.0,En Operación
2018-06-14 11:20:00,0.0,1028.72,0.0,8.76,3.4,994.0,2.0,18.0,En Operación
2018-06-14 11:25:00,0.0,1028.7,0.0,8.85,3.2,995.0,2.0,18.0,En Operación
2018-06-14 11:30:00,0.0,1028.7,0.0,8.85,3.2,996.0,2.0,18.0,En Operación
2018-06-14 11:35:00,0.0,1028.7,0.0,8.85,3.2,997.0,2.0,18.0,En Operación
2018-06-14 11:40:00,0.0,1028.7,0.0,8.96,4.81,998.0,2.0,18.0,En Operación
2018-06-14 11:45:00,0.0,1028.7,0.0,9.07,6.43,999.0,2.0,18.0,En Operación
2018-06-14 11:50:00,0.0,1028.7,0.0,9.19,8.04,1000.0,2.0,18.0,En Operación
2018-06-14 11:55:00,0.0,1028.7,0.0,9.3,9.65,1001.0,2.0,18.0,En Operación
2018-06-14 12:00:00,0.0,1028.7,0.0,9.3,9.65,1002.0,2.0,18.0,En Operación
2018-06-14 12:05:00,0.0,1028.7,0.0,9.3,9.65,1003.0,1.0,19.0,En Operación
2018-06-14 12:10:00,0.0,1028.65,0.0,9.5,8.04,1004.0,1.0,19.0,En Operación
2018-06-14 12:15:00,0.0,1028.6,0.0,9.7,6.43,1005.0,1.0,19.0,En Operación
2018-06-14 12:20:00,0.0,1028.55,0.0,9.9,4.81,1006.0,1.0,19.0,En Operación
2018-06-14 12:25:00,0.0,1028.5,0.0,10.1,3.2,1007.0,1.0,19.0,En Operación
2018-06-14 12:30:00,0.0,1028.5,0.0,10.1,3.2,1008.0,1.0,19.0,En Operación
2018-06-14 12:35:00,0.0,1028.5,0.0,10.1,3.2,1009.0,1.0,19.0,En Operación
2018-06-14 12:40:00,0.0,1028.46,0.0,10.19,4.81,1010.0,1.0,19.0,En Operación
2018-06-14 12:45:00,0.0,1028.42,0.0,10.27,6.43,1011.0,1.0,19.0,En Operación
2018-06-14 12:50:00,0.0,1028.39,0.0,10.36,8.04,1012.0,0.0,20.0,En Operación
2018-06-14 12:55:00,0.0,1028.35,0.0,10.45,9.65,1013.0,0.0,19.0,En Operación
2018-06-14 13:00:00,0.0,1028.35,0.0,10.45,9.65,1014.0,0.0,19.0,En Operación
2018-06-14 13:05:00,0.0,1028.35,0.0,10.45,9.65,1015.0,0.0,19.0,En Operación
2018-06-14 13:10:00,0.0,1028.22,0.0,10.5,9.45,1016.0,0.0,19.0,En Operación
2018-06-14 13:15:00,0.0,1028.1,0.0,10.55,9.25,1017.0,0.0,19.0,En Operación
2018-06-14 13:20:00,0.0,1027.97,0.0,10.6,9.05,1018.0,1.0,19.0,En Operación
2018-06-14 13:25:00,0.0,1027.85,0.0,10.65,8.85,1019.0,1.0,19.0,En Operación
2018-06-14 13:30:00,0.0,1027.85,0.0,10.65,8.85,1020.0,1.0,19.0,En Operación
2018-06-14 13:35:00,0.0,1027.85,0.0,10.65,8.85,1021.0,1.0,19.0,En Operación
2018-06-14 13:40:00,0.0,1027.79,0.0,10.65,8.64,1022.0,1.0,19.0,En Operación
2018-06-14 13:45:00,0.0,1027.72,0.0,10.65,8.43,1023.0,1.0,19.0,En Operación
2018-06-14 13:50:00,0.0,1027.66,0.0,10.65,8.21,1024.0,1.0,19.0,En Operación
2018-06-14 13:55:00,0.0,1027.6,0.0,10.65,8.0,1025.0,3.0,17.0,En Operación
2018-06-14 14:00:00,0.0,1027.6,0.0,10.65,8.0,1026.0,3.0,17.0,En Operación
2018-06-14 14:05:00,0.0,1027.6,0.0,10.65,8.0,1027.0,5.0,15.0,En Operación
2018-06-14 14:10:00,0.0,1027.46,0.0,10.81,8.21,1028.0,6.0,14.0,En Operación
2018-06-14 14:15:00,0.0,1027.32,0.0,10.98,8.43,1029.0,6.0,14.0,En Operación
2018-06-14 14:20:00,0.0,1027.19,0.0,11.14,8.64,1030.0,6.0,14.0,En Operación
2018-06-14 14:25:00,0.0,1027.05,0.0,11.3,8.85,1031.0,6.0,14.0,En Operación
2018-06-14 14:30:00,0.0,1027.05,0.0,11.3,8.85,1032.0,6.0,14.0,En Operación
2018-06-14 14:35:00,0.0,1027.05,0.0,11.3,8.85,1033.0,5.0,15.0,En Operación
2018-06-14 14:40:00,0.0,1027.05,0.0,11.28,7.44,1034.0,5.0,15.0,En Operación
2018-06-14 14:45:00,0.0,1027.05,0.0,11.25,6.02,1035.0,5.0,15.0,En Operación
2018-06-14 14:50:00,0.0,1027.05,0.0,11.22,4.61,1036.0,5.0,15.0,En Operación
2018-06-14 14:55:00,0.0,1027.05,0.0,11.2,3.2,1037.0,4.0,16.0,En Operación
2018-06-14 15:00:00,0.0,1027.05,0.0,11.2,3.2,1038.0,4.0,16.0,En Operación
2018-06-14 15:05:00,0.0,1027.05,0.0,11.2,3.2,1039.0,3.0,17.0,En Operación
2018-06-14 15:10:00,0.0,1027.01,0.0,11.11,3.4,1040.0,3.0,17.0,En Operación
2018-06-14 15:15:00,0.0,1026.97,0.0,11.02,3.6,1041.0,3.0,17.0,En Operación
2018-06-14 15:20:00,0.0,1026.94,0.0,10.94,3.8,1042.0,2.0,18.0,En Operación
2018-06-14 15:25:00,0.0,1026.9,0.0,10.85,4.0,1043.0,2.0,18.0,En Operación
2018-06-14 15:30:00,0.0,1026.9,0.0,10.85,4.0,1044.0,2.0,18.0,En Operación
2018-06-14 15:35:00,0.0,1026.9,0.0,10.85,4.0,1045.0,2.0,18.0,En Operación
2018-06-14 15:40:00,0.0,1026.93,0.0,10.86,4.0,1046.0,0.0,20.0,En Operación
2018-06-14 15:45:00,0.0,1026.95,0.0,10.88,4.0,1047.0,0.0,20.0,En Operación
2018-06-14 15:50:00,0.0,1026.97,0.0,10.89,4.0,1048.0,1.0,19.0,En Operación
2018-06-14 15:55:00,0.0,1027.0,0.0,10.9,4.0,1049.0,1.0,19.0,En Operación
2018-06-14 16:00:00,0.0,1027.0,0.0,10.9,4.0,1050.0,1.0,19.0,En Operación
2018-06-14 16:05:00,0.0,1027.0,0.0,10.9,4.0,1051.0,2.0,18.0,En Operación
2018-06-14 16:10:00,0.0,1027.06,0.0,10.88,4.0,1052.0,1.0,19.0,En Operación
2018-06-14 16:15:00,0.0,1027.12,0.0,10.85,4.0,1053.0,1.0,19.0,En Operación
2018-06-14 16:20:00,0.0,1027.19,0.0,10.82,4.0,1054.0,1.0,19.0,En Operación
2018-06-14 16:25:00,0.0,1027.25,0.0,10.8,4.0,1055.0,1.0,19.0,En Operación
2018-06-14 16:30:00,0.0,1027.25,0.0,10.8,4.0,1056.0,1.0,19.0,En Operación
2018-06-14 16:35:00,0.0,1027.25,0.0,10.8,4.0,1057.0,0.0,20.0,En Operación
2018-06-14 16:40:00,0.0,1027.28,0.0,10.78,4.0,1058.0,1.0,19.0,En Operación
2018-06-14 16:45:00,0.0,1027.3,0.0,10.75,4.0,1059.0,1.0,19.0,En Operación
2018-06-14 16:50:00,0.0,1027.32,0.0,10.72,4.0,1060.0,2.0,18.0,En Operación
2018-06-14 16:55:00,0.0,1027.35,0.0,10.7,4.0,1061.0,2.0,18.0,En Operación
2018-06-14 17:00:00,0.0,1027.35,0.0,10.7,4.0,1062.0,2.0,18.0,En Operación
2018-06-14 17:05:00,0.0,1027.35,0.0,10.7,4.0,1063.0,3.0,17.0,En Operación
2018-06-14 17:10:00,0.0,1027.41,0.0,10.52,4.0,1064.0,3.0,17.0,En Operación
2018-06-14 17:15:00,0.0,1027.47,0.0,10.35,4.0,1065.0,3.0,17.0,En Operación
2018-06-14 17:20:00,0.0,1027.54,0.0,10.18,4.0,1066.0,3.0,17.0,En Operación
2018-06-14 17:25:00,0.0,1027.6,0.0,10.0,4.0,1067.0,3.0,17.0,En Operación
2018-06-14 17:30:00,0.0,1027.6,0.0,10.0,4.0,1068.0,3.0,17.0,En Operación
2018-06-14 17:35:00,0.0,1027.6,0.0,10.0,4.0,1069.0,1.0,19.0,En Operación
2018-06-14 17:40:00,0.0,1027.64,0.0,9.95,4.0,1070.0,2.0,18.0,En Operación
2018-06-14 17:45:00,0.0,1027.68,0.0,9.9,4.0,1071.0,2.0,18.0,En Operación
2018-06-14 17:50:00,0.0,1027.71,0.0,9.85,4.0,1072.0,3.0,17.0,En Operación
2018-06-14 17:55:00,0.0,1027.75,0.0,9.8,4.0,1073.0,3.0,17.0,En Operación
2018-06-14 18:00:00,0.0,1027.75,0.0,9.8,4.0,1074.0,3.0,17.0,En Operación
2018-06-14 18:05:00,0.0,1027.75,0.0,9.8,4.0,1075.0,3.0,17.0,En Operación
2018-06-14 18:10:00,0.0,1027.81,0.0,9.69,3.8,1076.0,1.0,19.0,En Operación
2018-06-14 18:15:00,0.0,1027.88,0.0,9.57,3.6,1077.0,1.0,19.0,En Operación
2018-06-14 18:20:00,0.0,1027.94,0.0,9.46,3.4,1078.0,1.0,19.0,En Operación
2018-06-14 18:25:00,0.0,1028.0,0.0,9.35,3.2,1079.0,1.0,19.0,En Operación
2018-06-14 18:30:00,0.0,1028.0,0.0,9.35,3.2,1080.0,1.0,19.0,En Operación
2018-06-14 18:35:00,0.0,1028.0,0.0,9.35,3.2,1081.0,1.0,19.0,En Operación
2018-06-14 18:40:00,0.0,1028.03,0.0,9.3,3.2,1082.0,1.0,19.0,En Operación
2018-06-14 18:45:00,0.0,1028.05,0.0,9.25,3.2,1083.0,1.0,19.0,En Operación
2018-06-14 18:50:00,0.0,1028.07,0.0,9.2,3.2,1084.0,1.0,19.0,En Operación
2018-06-14 18:55:00,0.0,1028.1,0.0,9.15,3.2,1085.0,1.0,19.0,En Operación
2018-06-14 19:00:00,0.0,1028.1,0.0,9.15,3.2,1086.0,2.0,18.0,En Operación
2018-06-14 19:05:00,0.0,1028.1,0.0,9.15,3.2,1087.0,2.0,18.0,En Operación
2018-06-14 19:10:00,0.0,1028.2,0.0,9.05,3.2,1088.0,3.0,17.0,En Operación
2018-06-14 19:15:00,0.0,1028.3,0.0,8.95,3.2,1089.0,0.0,20.0,En Operación
2018-06-14 19:20:00,0.0,1028.4,0.0,8.85,3.2,1090.0,0.0,20.0,En Operación
2018-06-14 19:25:00,0.0,1028.5,0.0,8.75,3.2,1091.0,0.0,20.0,En Operación
2018-06-14 19:30:00,0.0,1028.5,0.0,8.75,3.2,1092.0,0.0,20.0,En Operación
2018-06-14 19:35:00,0.0,1028.5,0.0,8.75,3.2,1093.0,1.0,19.0,En Operación
2018-06-14 19:40:00,0.0,1028.54,0.0,8.74,3.2,1094.0,1.0,19.0,En Operación
2018-06-14 19:45:00,0.0,1028.58,0.0,8.72,3.2,1095.0,0.0,20.0,En Operación
2018-06-14 19:50:00,0.0,1028.61,0.0,8.71,3.2,1096.0,0.0,20.0,En Operación
2018-06-14 19:55:00,0.0,1028.65,0.0,8.7,3.2,1097.0,0.0,20.0,En Operación
2018-06-14 20:00:00,0.0,1028.65,0.0,8.7,3.2,1098.0,0.0,20.0,En Operación
2018-06-14 20:05:00,0.0,1028.65,0.0,8.7,3.2,1099.0,1.0,19.0,En Operación
2018-06-14 20:10:00,0.0,1028.74,0.0,8.66,3.2,1100.0,1.0,19.0,En Operación
2018-06-14 20:15:00,0.0,1028.82,0.0,8.62,3.2,1101.0,1.0,19.0,En Operación
2018-06-14 20:20:00,0.0,1028.91,0.0,8.59,3.2,1102.0,0.0,20.0,En Operación
2018-06-14 20:25:00,0.0,1029.0,0.0,8.55,3.2,1103.0,0.0,20.0,En Operación
2018-06-14 20:30:00,0.0,1029.0,0.0,8.55,3.2,1104.0,0.0,0.0,Fuera de Servicio
2018-06-14 20:35:00,0.0,1029.0,0.0,8.55,3.2,1105.0,0.0,0.0,Fuera de Servicio
2018-06-14 20:40:00,0.0,1029.05,0.0,8.54,3.2,1106.0,4.0,16.0,En Operación
2018-06-14 20:45:00,0.0,1029.1,0.0,8.52,3.2,1107.0,3.0,17.0,En Operación
2018-06-14 20:50:00,0.0,1029.15,0.0,8.51,3.2,1108.0,3.0,17.0,En Operación
2018-06-14 20:55:00,0.0,1029.2,0.0,8.5,3.2,1109.0,3.0,17.0,En Operación
2018-06-14 21:00:00,0.0,1029.2,0.0,8.5,3.2,1110.0,3.0,17.0,En Operación
2018-06-14 21:05:00,0.0,1029.2,0.0,8.5,3.2,1111.0,3.0,17.0,En Operación
2018-06-14 21:10:00,0.0,1029.25,0.0,8.4,2.8,1112.0,3.0,17.0,En Operación
2018-06-14 21:15:00,0.0,1029.3,0.0,8.3,2.4,1113.0,3.0,17.0,En Operación
2018-06-14 21:20:00,0.0,1029.35,0.0,8.2,2.0,1114.0,3.0,17.0,En Operación
2018-06-14 21:25:00,0.0,1029.4,0.0,8.1,1.6,1115.0,3.0,17.0,En Operación
2018-06-14 21:30:00,0.0,1029.4,0.0,8.1,1.6,1116.0,3.0,17.0,En Operación
2018-06-14 21:35:00,0.0,1029.4,0.0,8.1,1.6,1117.0,3.0,17.0,En Operación
2018-06-14 21:40:00,0.0,1029.41,0.0,8.06,1.6,1118.0,2.0,18.0,En Operación
2018-06-14 21:45:00,0.0,1029.43,0.0,8.02,1.6,1119.0,2.0,18.0,En Operación
2018-06-14 21:50:00,0.0,1029.44,0.0,7.99,1.6,1120.0,2.0,18.0,En Operación
2018-06-14 21:55:00,0.0,1029.45,0.0,7.95,1.6,1121.0,2.0,18.0,En Operación
2018-06-14 22:00:00,0.0,1029.45,0.0,7.95,1.6,1122.0,0.0,20.0,En Operación
2018-06-14 22:05:00,0.0,1029.45,0.0,7.95,1.6,1123.0,1.0,19.0,En Operación
2018-06-14 22:10:00,0.0,1029.53,0.0,7.88,1.4,1124.0,0.0,20.0,En Operación
2018-06-14 22:15:00,0.0,1029.6,0.0,7.8,1.2,1125.0,1.0,19.0,En Operación
2018-06-14 22:20:00,0.0,1029.68,0.0,7.72,1.0,1126.0,1.0,19.0,En Operación
2018-06-14 22:25:00,0.0,1029.75,0.0,7.65,0.8,1127.0,2.0,18.0,En Operación
2018-06-14 22:30:00,0.0,1029.75,0.0,7.65,0.8,1128.0,2.0,18.0,En Operación
2018-06-14 22:35:00,0.0,1029.75,0.0,7.65,0.8,1129.0,0.0,20.0,En Operación
2018-06-14 22:40:00,0.0,1029.78,0.0,7.6,1.2,1130.0,1.0,19.0,En Operación
2018-06-14 22:45:00,0.0,1029.8,0.0,7.55,1.6,1131.0,0.0,20.0,En Operación
2018-06-14 22:50:00,0.0,1029.82,0.0,7.5,2.0,1132.0,1.0,19.0,En Operación
2018-06-14 22:55:00,0.0,1029.85,0.0,7.45,2.4,1133.0,1.0,19.0,En Operación
2018-06-14 23:00:00,0.0,1029.85,0.0,7.45,2.4,1134.0,1.0,19.0,En Operación
2018-06-14 23:05:00,0.0,1029.85,0.0,7.45,2.4,1135.0,1.0,19.0,En Operación
2018-06-14 23:10:00,0.0,1029.95,0.0,7.3,2.0,1136.0,0.0,20.0,En Operación
2018-06-14 23:15:00,0.0,1030.05,0.0,7.15,1.6,1137.0,0.0,20.0,En Operación
2018-06-14 23:20:00,0.0,1030.15,0.0,7.0,1.2,1138.0,1.0,19.0,En Operación
2018-06-14 23:25:00,0.0,1030.25,0.0,6.85,0.8,1139.0,2.0,18.0,En Operación
2018-06-14 23:30:00,0.0,1030.25,0.0,6.85,0.8,1140.0,2.0,18.0,En Operación
2018-06-14 23:35:00,0.0,1030.25,0.0,6.85,0.8,1141.0,2.0,18.0,En Operación
2018-06-14 23:40:00,0.0,1030.26,0.0,6.81,0.8,1142.0,2.0,18.0,En Operación
2018-06-14 23:45:00,0.0,1030.28,0.0,6.78,0.8,1143.0,2.0,18.0,En Operación
2018-06-14 23:50:00,0.0,1030.29,0.0,6.74,0.8,1144.0,1.0,19.0,En Operación
2018-06-14 23:55:00,0.0,1030.3,0.0,6.7,0.8,1145.0,1.0,19.0,En Operación
2018-06-15 00:00:00,0.0,1030.3,0.0,6.7,0.8,1146.0,1.0,19.0,En Operación
2018-06-15 00:05:00,0.0,1030.3,0.0,6.7,0.8,1147.0,1.0,19.0,En Operación
2018-06-15 00:10:00,0.0,1030.36,0.0,6.52,0.6,1148.0,0.0,20.0,En Operación
2018-06-15 00:15:00,0.0,1030.42,0.0,6.35,0.4,1149.0,0.0,20.0,En Operación
2018-06-15 00:20:00,0.0,1030.49,0.0,6.18,0.2,1150.0,0.0,20.0,En Operación
2018-06-15 00:25:00,0.0,1030.55,0.0,6.0,0.0,1151.0,0.0,20.0,En Operación
2018-06-15 00:30:00,0.0,1030.55,0.0,6.0,0.0,1152.0,0.0,20.0,En Operación
2018-06-15 00:35:00,0.0,1030.55,0.0,6.0,0.0,1153.0,0.0,20.0,En Operación
2018-06-15 00:40:00,0.0,1030.56,0.0,5.98,0.0,1154.0,0.0,20.0,En Operación
2018-06-15 00:45:00,0.0,1030.57,0.0,5.95,0.0,1155.0,1.0,19.0,En Operación
2018-06-15 00:50:00,0.0,1030.59,0.0,5.93,0.0,1156.0,1.0,19.0,En Operación
2018-06-15 00:55:00,0.0,1030.6,0.0,5.9,0.0,1157.0,1.0,19.0,En Operación
2018-06-15 01:00:00,0.0,1030.6,0.0,5.9,0.0,1158.0,3.0,17.0,En Operación
2018-06-15 01:05:00,0.0,1030.6,0.0,5.9,0.0,1159.0,3.0,17.0,En Operación
2018-06-15 01:10:00,0.0,1030.61,0.0,5.85,0.2,1160.0,3.0,17.0,En Operación
2018-06-15 01:15:00,0.0,1030.62,0.0,5.8,0.4,1161.0,2.0,18.0,En Operación
2018-06-15 01:20:00,0.0,1030.64,0.0,5.75,0.6,1162.0,0.0,0.0,Fuera de Servicio
2018-06-15 01:25:00,0.0,1030.65,0.0,5.7,0.8,1163.0,0.0,0.0,Fuera de Servicio
2018-06-15 01:30:00,0.0,1030.65,0.0,5.7,0.8,1164.0,0.0,0.0,Fuera de Servicio
2018-06-15 01:35:00,0.0,1030.65,0.0,5.7,0.8,1165.0,0.0,0.0,Fuera de Servicio
2018-06-15 01:40:00,0.0,1030.64,0.0,5.7,0.8,1166.0,0.0,0.0,Fuera de Servicio
2018-06-15 01:45:00,0.0,1030.62,0.0,5.7,0.8,1167.0,0.0,0.0,Fuera de Servicio
2018-06-15 01:50:00,0.0,1030.61,0.0,5.7,0.8,1168.0,0.0,0.0,Fuera de Servicio
2018-06-15 01:55:00,0.0,1030.6,0.0,5.7,0.8,1169.0,0.0,0.0,Fuera de Servicio
2018-06-15 02:00:00,0.0,1030.6,0.0,5.7,0.8,1170.0,0.0,0.0,Fuera de Servicio
2018-06-15 02:05:00,0.0,1030.6,0.0,5.7,0.8,1171.0,0.0,0.0,Fuera de Servicio
2018-06-15 02:10:00,0.0,1030.57,0.0,5.55,0.6,1172.0,0.0,0.0,Fuera de Servicio
2018-06-15 02:15:00,0.0,1030.55,0.0,5.4,0.4,1173.0,0.0,0.0,Fuera de Servicio
2018-06-15 02:20:00,0.0,1030.53,0.0,5.25,0.2,1174.0,0.0,0.0,Fuera de Servicio
2018-06-15 02:25:00,0.0,1030.5,0.0,5.1,0.0,1175.0,0.0,0.0,Fuera de Servicio
2018-06-15 02:30:00,0.0,1030.5,0.0,5.1,0.0,1176.0,0.0,0.0,Fuera de Servicio
2018-06-15 02:35:00,0.0,1030.5,0.0,5.1,0.0,1177.0,0.0,0.0,Fuera de Servicio
2018-06-15 02:40:00,0.0,1030.5,0.0,5.1,0.6,1178.0,0.0,0.0,Fuera de Servicio
2018-06-15 02:45:00,0.0,1030.5,0.0,5.1,1.2,1179.0,0.0,0.0,Fuera de Servicio
2018-06-15 02:50:00,0.0,1030.5,0.0,5.1,1.8,1180.0,0.0,0.0,Fuera de Servicio
2018-06-15 02:55:00,0.0,1030.5,0.0,5.1,2.4,1181.0,0.0,0.0,Fuera de Servicio
2018-06-15 03:00:00,0.0,1030.5,0.0,5.1,2.4,1182.0,0.0,0.0,Fuera de Servicio
2018-06-15 03:05:00,0.0,1030.5,0.0,5.1,2.4,1183.0,2.0,18.0,En Operación
2018-06-15 03:10:00,0.0,1030.5,0.0,5.1,2.2,1184.0,6.0,14.0,En Operación
2018-06-15 03:15:00,0.0,1030.5,0.0,5.1,2.0,1185.0,6.0,14.0,En Operación
2018-06-15 03:20:00,0.0,1030.5,0.0,5.1,1.8,1186.0,6.0,14.0,En Operación
2018-06-15 03:25:00,0.0,1030.5,0.0,5.1,1.6,1187.0,6.0,14.0,En Operación
2018-06-15 03:30:00,0.0,1030.5,0.0,5.1,1.6,1188.0,6.0,14.0,En Operación
2018-06-15 03:35:00,0.0,1030.5,0.0,5.1,1.6,1189.0,6.0,14.0,En Operación
2018-06-15 03:40:00,0.0,1030.51,0.0,5.09,1.2,1190.0,6.0,14.0,En Operación
2018-06-15 03:45:00,0.0,1030.53,0.0,5.07,0.8,1191.0,6.0,14.0,En Operación
2018-06-15 03:50:00,0.0,1030.54,0.0,5.06,0.4,1192.0,6.0,14.0,En Operación
2018-06-15 03:55:00,0.0,1030.55,0.0,5.05,0.0,1193.0,6.0,14.0,En Operación
2018-06-15 04:00:00,0.0,1030.55,0.0,5.05,0.0,1194.0,6.0,14.0,En Operación
2018-06-15 04:05:00,0.0,1030.55,0.0,5.05,0.0,1195.0,6.0,14.0,En Operación
2018-06-15 04:10:00,0.0,1030.55,0.0,4.99,0.0,1196.0,6.0,14.0,En Operación
2018-06-15 04:15:00,0.0,1030.55,0.0,4.92,0.0,1197.0,6.0,14.0,En Operación
2018-06-15 04:20:00,0.0,1030.55,0.0,4.86,0.0,1198.0,6.0,14.0,En Operación
2018-06-15 04:25:00,0.0,1030.55,0.0,4.8,0.0,1199.0,6.0,14.0,En Operación
2018-06-15 04:30:00,0.0,1030.55,0.0,4.8,0.0,1200.0,6.0,14.0,En Operación
2018-06-15 04:35:00,0.0,1030.55,0.0,4.8,0.0,1201.0,6.0,14.0,En Operación
2018-06-15 04:40:00,0.0,1030.54,0.0,4.76,0.0,1202.0,6.0,14.0,En Operación
2018-06-15 04:45:00,0.0,1030.53,0.0,4.72,0.0,1203.0,6.0,14.0,En Operación
2018-06-15 04:50:00,0.0,1030.51,0.0,4.69,0.0,1204.0,6.0,14.0,En Operación
2018-06-15 04:55:00,0.0,1030.5,0.0,4.65,0.0,1205.0,6.0,14.0,En Operación
2018-06-15 05:00:00,0.0,1030.5,0.0,4.65,0.0,1206.0,6.0,14.0,En Operación
2018-06-15 05:05:00,0.0,1030.5,0.0,4.65,0.0,1207.0,6.0,14.0,En Operación
2018-06-15 05:10:00,0.0,1030.49,0.0,4.69,0.2,1208.0,6.0,14.0,En Operación
2018-06-15 05:15:00,0.0,1030.47,0.0,4.72,0.4,1209.0,6.0,14.0,En Operación
2018-06-15 05:20:00,0.0,1030.46,0.0,4.76,0.6,1210.0,6.0,14.0,En Operación
2018-06-15 05:25:00,0.0,1030.45,0.0,4.8,0.8,1211.0,6.0,14.0,En Operación
2018-06-15 05:30:00,0.0,1030.45,0.0,4.8,0.8,1212.0,6.0,14.0,En Operación
2018-06-15 05:35:00,0.0,1030.45,0.0,4.8,0.8,1213.0,6.0,14.0,En Operación
2018-06-15 05:40:00,0.0,1030.46,0.0,4.79,1.2,1214.0,6.0,14.0,En Operación
2018-06-15 05:45:00,0.0,1030.47,0.0,4.78,1.6,1215.0,6.0,14.0,En Operación
2018-06-15 05:50:00,0.0,1030.49,0.0,4.76,2.0,1216.0,6.0,14.0,En Operación
2018-06-15 05:55:00,0.0,1030.5,0.0,4.75,2.4,1217.0,6.0,14.0,En Operación
2018-06-15 06:00:00,0.0,1030.5,0.0,4.75,2.4,1218.0,6.0,14.0,En Operación
2018-06-15 06:05:00,0.0,1030.5,0.0,4.75,2.4,1219.0,6.0,14.0,En Operación
2018-06-15 06:10:00,0.0,1030.5,0.0,4.66,1.8,1220.0,6.0,14.0,En Operación
2018-06-15 06:15:00,0.0,1030.5,0.0,4.58,1.2,1221.0,6.0,14.0,En Operación
2018-06-15 06:20:00,0.0,1030.5,0.0,4.49,0.6,1222.0,6.0,14.0,En Operación
2018-06-15 06:25:00,0.0,1030.5,0.0,4.4,0.0,1223.0,6.0,14.0,En Operación
2018-06-15 06:30:00,0.0,1030.5,0.0,4.4,0.0,1224.0,6.0,14.0,En Operación
2018-06-15 06:35:00,0.0,1030.5,0.0,4.4,0.0,1225.0,6.0,14.0,En Operación
2018-06-15 06:40:00,0.0,1030.53,0.0,4.38,0.0,1226.0,5.0,15.0,En Operación
2018-06-15 06:45:00,0.0,1030.55,0.0,4.35,0.0,1227.0,4.0,16.0,En Operación
2018-06-15 06:50:00,0.0,1030.57,0.0,4.32,0.0,1228.0,4.0,16.0,En Operación
2018-06-15 06:55:00,0.0,1030.6,0.0,4.3,0.0,1229.0,4.0,16.0,En Operación
2018-06-15 07:00:00,0.0,1030.6,0.0,4.3,0.0,1230.0,4.0,16.0,En Operación
2018-06-15 07:05:00,0.0,1030.6,0.0,4.3,0.0,1231.0,4.0,16.0,En Operación
2018-06-15 07:10:00,0.0,1030.72,0.0,4.2,0.0,1232.0,4.0,16.0,En Operación
2018-06-15 07:15:00,0.0,1030.85,0.0,4.1,0.0,1233.0,3.0,17.0,En Operación
2018-06-15 07:20:00,0.0,1030.97,0.0,4.0,0.0,1234.0,3.0,17.0,En Operación
2018-06-15 07:25:00,0.0,1031.1,0.0,3.9,0.0,1235.0,3.0,17.0,En Operación
2018-06-15 07:30:00,0.0,1031.1,0.0,3.9,0.0,1236.0,3.0,17.0,En Operación
2018-06-15 07:35:00,0.0,1031.1,0.0,3.9,0.0,1237.0,3.0,17.0,En Operación
2018-06-15 07:40:00,0.0,1031.12,0.0,3.9,0.4,1238.0,1.0,19.0,En Operación
2018-06-15 07:45:00,0.0,1031.15,0.0,3.9,0.8,1239.0,1.0,19.0,En Operación
2018-06-15 07:50:00,0.0,1031.18,0.0,3.9,1.2,1240.0,2.0,18.0,En Operación
2018-06-15 07:55:00,0.0,1031.2,0.0,3.9,1.6,1241.0,1.0,19.0,En Operación
2018-06-15 08:00:00,0.0,1031.2,0.0,3.9,1.6,1242.0,1.0,19.0,En Operación
2018-06-15 08:05:00,0.0,1031.2,0.0,3.9,1.6,1243.0,1.0,19.0,En Operación
2018-06-15 08:10:00,0.0,1031.25,0.0,3.99,1.8,1244.0,1.0,19.0,En Operación
2018-06-15 08:15:00,0.0,1031.3,0.0,4.08,2.0,1245.0,1.0,19.0,En Operación
2018-06-15 08:20:00,0.0,1031.35,0.0,4.16,2.2,1246.0,0.0,20.0,En Operación
2018-06-15 08:25:00,0.0,1031.4,0.0,4.25,2.4,1247.0,0.0,20.0,En Operación
2018-06-15 08:30:00,0.0,1031.4,0.0,4.25,2.4,1248.0,0.0,20.0,En Operación
2018-06-15 08:35:00,0.0,1031.4,0.0,4.25,2.4,1249.0,0.0,20.0,En Operación
2018-06-15 08:40:00,0.0,1031.46,0.0,4.3,2.4,1250.0,0.0,20.0,En Operación
2018-06-15 08:45:00,0.0,1031.53,0.0,4.35,2.4,1251.0,0.0,20.0,En Operación
2018-06-15 08:50:00,0.0,1031.59,0.0,4.4,2.4,1252.0,0.0,20.0,En Operación
2018-06-15 08:55:00,0.0,1031.65,0.0,4.45,2.4,1253.0,0.0,20.0,En Operación
2018-06-15 09:00:00,0.0,1031.65,0.0,4.45,2.4,1254.0,0.0,20.0,En Operación
2018-06-15 09:05:00,0.0,1031.65,0.0,4.45,2.4,1255.0,0.0,20.0,En Operación
2018-06-15 09:10:00,0.0,1031.74,0.0,4.59,1.8,1256.0,0.0,20.0,En Operación
2018-06-15 09:15:00,0.0,1031.82,0.0,4.72,1.2,1257.0,0.0,20.0,En Operación
2018-06-15 09:20:00,0.0,1031.91,0.0,4.86,0.6,1258.0,0.0,20.0,En Operación
2018-06-15 09:25:00,0.0,1032.0,0.0,5.0,0.0,1259.0,0.0,20.0,En Operación
2018-06-15 09:30:00,0.0,1032.0,0.0,5.0,0.0,1260.0,0.0,20.0,En Operación
2018-06-15 09:35:00,0.0,1032.0,0.0,5.0,0.0,1261.0,0.0,20.0,En Operación
2018-06-15 09:40:00,0.0,1032.15,0.0,5.44,0.2,1262.0,1.0,19.0,En Operación
2018-06-15 09:45:00,0.0,1032.3,0.0,5.88,0.4,1263.0,1.0,19.0,En Operación
2018-06-15 09:50:00,0.0,1032.45,0.0,6.31,0.6,1264.0,1.0,19.0,En Operación
2018-06-15 09:55:00,0.0,1032.6,0.0,6.75,0.8,1265.0,1.0,19.0,En Operación
2018-06-15 10:00:00,0.0,1032.6,0.0,6.75,0.8,1266.0,1.0,19.0,En Operación
2018-06-15 10:05:00,0.0,1032.6,0.0,6.75,0.8,1267.0,1.0,19.0,En Operación
2018-06-15 10:10:00,0.0,1032.69,0.0,7.09,0.8,1268.0,1.0,19.0,En Operación
2018-06-15 10:15:00,0.0,1032.78,0.0,7.42,0.8,1269.0,1.0,19.0,En Operación
2018-06-15 10:20:00,0.0,1032.86,0.0,7.76,0.8,1270.0,0.0,20.0,En Operación
2018-06-15 10:25:00,0.0,1032.95,0.0,8.1,0.8,1271.0,0.0,20.0,En Operación
2018-06-15 10:30:00,0.0,1032.95,0.0,8.1,0.8,1272.0,0.0,20.0,En Operación
2018-06-15 10:35:00,0.0,1032.95,0.0,8.1,0.8,1273.0,0.0,20.0,En Operación
2018-06-15 10:40:00,0.0,1033.01,0.0,8.34,1.0,1274.0,0.0,20.0,En Operación
2018-06-15 10:45:00,0.0,1033.08,0.0,8.57,1.2,1275.0,0.0,20.0,En Operación
2018-06-15 10:50:00,0.0,1033.14,0.0,8.81,1.4,1276.0,0.0,20.0,En Operación
2018-06-15 10:55:00,0.0,1033.2,0.0,9.05,1.6,1277.0,0.0,20.0,En Operación
2018-06-15 11:00:00,0.0,1033.2,0.0,9.05,1.6,1278.0,0.0,20.0,En Operación
2018-06-15 11:05:00,0.0,1033.2,0.0,9.05,1.6,1279.0,0.0,20.0,En Operación
2018-06-15 11:10:00,0.0,1033.22,0.0,9.26,1.6,1280.0,1.0,19.0,En Operación
2018-06-15 11:15:00,0.0,1033.25,0.0,9.48,1.6,1281.0,0.0,20.0,En Operación
2018-06-15 11:20:00,0.0,1033.28,0.0,9.69,1.6,1282.0,0.0,20.0,En Operación
2018-06-15 11:25:00,0.0,1033.3,0.0,9.9,1.6,1283.0,0.0,20.0,En Operación
2018-06-15 11:30:00,0.0,1033.3,0.0,9.9,1.6,1284.0,0.0,20.0,En Operación
2018-06-15 11:35:00,0.0,1033.3,0.0,9.9,1.6,1285.0,0.0,20.0,En Operación
2018-06-15 11:40:00,0.0,1033.31,0.0,10.04,1.8,1286.0,0.0,20.0,En Operación
2018-06-15 11:45:00,0.0,1033.32,0.0,10.18,2.0,1287.0,0.0,20.0,En Operación
2018-06-15 11:50:00,0.0,1033.34,0.0,10.31,2.2,1288.0,0.0,20.0,En Operación
2018-06-15 11:55:00,0.0,1033.35,0.0,10.45,2.4,1289.0,1.0,19.0,En Operación
2018-06-15 12:00:00,0.0,1033.35,0.0,10.45,2.4,1290.0,1.0,19.0,En Operación
2018-06-15 12:05:00,0.0,1033.35,0.0,10.45,2.4,1291.0,1.0,19.0,En Operación
2018-06-15 12:10:00,0.0,1033.29,0.0,10.66,2.2,1292.0,1.0,19.0,En Operación
2018-06-15 12:15:00,0.0,1033.22,0.0,10.88,2.0,1293.0,1.0,19.0,En Operación
2018-06-15 12:20:00,0.0,1033.16,0.0,11.09,1.8,1294.0,1.0,19.0,En Operación
2018-06-15 12:25:00,0.0,1033.1,0.0,11.3,1.6,1295.0,2.0,18.0,En Operación
2018-06-15 12:30:00,0.0,1033.1,0.0,11.3,1.6,1296.0,2.0,18.0,En Operación
2018-06-15 12:35:00,0.0,1033.1,0.0,11.3,1.6,1297.0,3.0,17.0,En Operación
2018-06-15 12:40:00,0.0,1033.06,0.0,11.29,1.2,1298.0,1.0,19.0,En Operación
2018-06-15 12:45:00,0.0,1033.03,0.0,11.28,0.8,1299.0,0.0,20.0,En Operación
2018-06-15 12:50:00,0.0,1032.99,0.0,11.26,0.4,1300.0,0.0,20.0,En Operación
2018-06-15 12:55:00,0.0,1032.95,0.0,11.25,0.0,1301.0,1.0,19.0,En Operación
2018-06-15 13:00:00,0.0,1032.95,0.0,11.25,0.0,1302.0,1.0,19.0,En Operación
2018-06-15 13:05:00,0.0,1032.95,0.0,11.25,0.0,1303.0,1.0,19.0,En Operación
2018-06-15 13:10:00,0.0,1032.82,0.0,11.3,0.2,1304.0,0.0,20.0,En Operación
2018-06-15 13:15:00,0.0,1032.7,0.0,11.35,0.4,1305.0,1.0,19.0,En Operación
2018-06-15 13:20:00,0.0,1032.58,0.0,11.4,0.6,1306.0,1.0,19.0,En Operación
2018-06-15 13:25:00,0.0,1032.45,0.0,11.45,0.8,1307.0,1.0,19.0,En Operación
2018-06-15 13:30:00,0.0,1032.45,0.0,11.45,0.8,1308.0,1.0,19.0,En Operación
2018-06-15 13:35:00,0.0,1032.45,0.0,11.45,0.8,1309.0,1.0,19.0,En Operación
2018-06-15 13:40:00,0.0,1032.38,0.0,11.49,0.8,1310.0,1.0,19.0,En Operación
2018-06-15 13:45:00,0.0,1032.3,0.0,11.52,0.8,1311.0,1.0,19.0,En Operación
2018-06-15 13:50:00,0.0,1032.23,0.0,11.56,0.8,1312.0,1.0,19.0,En Operación
2018-06-15 13:55:00,0.0,1032.15,0.0,11.6,0.8,1313.0,3.0,17.0,En Operación
2018-06-15 14:00:00,0.0,1032.15,0.0,11.6,0.8,1314.0,4.0,16.0,En Operación
2018-06-15 14:05:00,0.0,1032.15,0.0,11.6,0.8,1315.0,3.0,17.0,En Operación
2018-06-15 14:10:00,0.0,1032.04,0.0,11.68,1.0,1316.0,3.0,17.0,En Operación
2018-06-15 14:15:00,0.0,1031.93,0.0,11.75,1.2,1317.0,4.0,16.0,En Operación
2018-06-15 14:20:00,0.0,1031.81,0.0,11.82,1.4,1318.0,4.0,16.0,En Operación
2018-06-15 14:25:00,0.0,1031.7,0.0,11.9,1.6,1319.0,4.0,16.0,En Operación
2018-06-15 14:30:00,0.0,1031.7,0.0,11.9,1.6,1320.0,4.0,16.0,En Operación
2018-06-15 14:35:00,0.0,1031.7,0.0,11.9,1.6,1321.0,4.0,16.0,En Operación
2018-06-15 14:40:00,0.0,1031.68,0.0,11.9,1.6,1322.0,4.0,16.0,En Operación
2018-06-15 14:45:00,0.0,1031.65,0.0,11.9,1.6,1323.0,4.0,16.0,En Operación
2018-06-15 14:50:00,0.0,1031.62,0.0,11.9,1.6,1324.0,4.0,16.0,En Operación
2018-06-15 14:55:00,0.0,1031.6,0.0,11.9,1.6,1325.0,6.0,14.0,En Operación
2018-06-15 15:00:00,0.0,1031.6,0.0,11.9,1.6,1326.0,6.0,14.0,En Operación
2018-06-15 15:05:00,0.0,1031.6,0.0,11.9,1.6,1327.0,7.0,13.0,En Operación
2018-06-15 15:10:00,0.0,1031.52,0.0,11.74,1.4,1328.0,7.0,13.0,En Operación
2018-06-15 15:15:00,0.0,1031.45,0.0,11.58,1.2,1329.0,8.0,12.0,En Operación
2018-06-15 15:20:00,0.0,1031.38,0.0,11.41,1.0,1330.0,8.0,12.0,En Operación
2018-06-15 15:25:00,0.0,1031.3,0.0,11.25,0.8,1331.0,8.0,12.0,En Operación
2018-06-15 15:30:00,0.0,1031.3,0.0,11.25,0.8,1332.0,8.0,12.0,En Operación
2018-06-15 15:35:00,0.0,1031.3,0.0,11.25,0.8,1333.0,9.0,11.0,En Operación
2018-06-15 15:40:00,0.0,1031.29,0.0,11.31,0.8,1334.0,9.0,11.0,En Operación
2018-06-15 15:45:00,0.0,1031.28,0.0,11.38,0.8,1335.0,9.0,11.0,En Operación
2018-06-15 15:50:00,0.0,1031.26,0.0,11.44,0.8,1336.0,8.0,11.0,En Operación
2018-06-15 15:55:00,0.0,1031.25,0.0,11.5,0.8,1337.0,8.0,12.0,En Operación
2018-06-15 16:00:00,0.0,1031.25,0.0,11.5,0.8,1338.0,8.0,12.0,En Operación
2018-06-15 16:05:00,0.0,1031.25,0.0,11.5,0.8,1339.0,7.0,13.0,En Operación
2018-06-15 16:10:00,0.0,1031.21,0.0,11.51,1.0,1340.0,5.0,15.0,En Operación
2018-06-15 16:15:00,0.0,1031.18,0.0,11.52,1.2,1341.0,5.0,15.0,En Operación
2018-06-15 16:20:00,0.0,1031.14,0.0,11.54,1.4,1342.0,7.0,13.0,En Operación
2018-06-15 16:25:00,0.0,1031.1,0.0,11.55,1.6,1343.0,7.0,13.0,En Operación
2018-06-15 16:30:00,0.0,1031.1,0.0,11.55,1.6,1344.0,7.0,13.0,En Operación
2018-06-15 16:35:00,0.0,1031.1,0.0,11.55,1.6,1345.0,7.0,13.0,En Operación
2018-06-15 16:40:00,0.0,1031.12,0.0,11.52,1.6,1346.0,8.0,12.0,En Operación
2018-06-15 16:45:00,0.0,1031.15,0.0,11.5,1.6,1347.0,7.0,13.0,En Operación
2018-06-15 16:50:00,0.0,1031.18,0.0,11.48,1.6,1348.0,7.0,13.0,En Operación
2018-06-15 16:55:00,0.0,1031.2,0.0,11.45,1.6,1349.0,6.0,14.0,En Operación
2018-06-15 17:00:00,0.0,1031.2,0.0,11.45,1.6,1350.0,6.0,14.0,En Operación
2018-06-15 17:05:00,0.0,1031.2,0.0,11.45,1.6,1351.0,4.0,16.0,En Operación
2018-06-15 17:10:00,0.0,1031.26,0.0,11.27,1.2,1352.0,4.0,16.0,En Operación
2018-06-15 17:15:00,0.0,1031.32,0.0,11.1,0.8,1353.0,4.0,16.0,En Operación
2018-06-15 17:20:00,0.0,1031.39,0.0,10.92,0.4,1354.0,6.0,14.0,En Operación
2018-06-15 17:25:00,0.0,1031.45,0.0,10.75,0.0,1355.0,7.0,13.0,En Operación
2018-06-15 17:30:00,0.0,1031.45,0.0,10.75,0.0,1356.0,7.0,13.0,En Operación
2018-06-15 17:35:00,0.0,1031.45,0.0,10.75,0.0,1357.0,8.0,12.0,En Operación
2018-06-15 17:40:00,0.0,1031.45,0.0,10.66,0.0,1358.0,7.0,13.0,En Operación
2018-06-15 17:45:00,0.0,1031.45,0.0,10.58,0.0,1359.0,8.0,12.0,En Operación
2018-06-15 17:50:00,0.0,1031.45,0.0,10.49,0.0,1360.0,9.0,11.0,En Operación
2018-06-15 17:55:00,0.0,1031.45,0.0,10.4,0.0,1361.0,9.0,11.0,En Operación
2018-06-15 18:00:00,0.0,1031.45,0.0,10.4,0.0,1362.0,8.0,12.0,En Operación
2018-06-15 18:05:00,0.0,1031.45,0.0,10.4,0.0,1363.0,8.0,12.0,En Operación
2018-06-15 18:10:00,0.0,1031.51,0.0,10.09,0.0,1364.0,8.0,12.0,En Operación
2018-06-15 18:15:00,0.0,1031.58,0.0,9.78,0.0,1365.0,8.0,12.0,En Operación
2018-06-15 18:20:00,0.0,1031.64,0.0,9.46,0.0,1366.0,8.0,12.0,En Operación
2018-06-15 18:25:00,0.0,1031.7,0.0,9.15,0.0,1367.0,8.0,12.0,En Operación
2018-06-15 18:30:00,0.0,1031.7,0.0,9.15,0.0,1368.0,9.0,11.0,En Operación
2018-06-15 18:35:00,0.0,1031.7,0.0,9.15,0.0,1369.0,6.0,14.0,En Operación
2018-06-15 18:40:00,0.0,1031.71,0.0,9.1,0.0,1370.0,7.0,13.0,En Operación
2018-06-15 18:45:00,0.0,1031.72,0.0,9.05,0.0,1371.0,7.0,13.0,En Operación
2018-06-15 18:50:00,0.0,1031.74,0.0,9.0,0.0,1372.0,7.0,13.0,En Operación
2018-06-15 18:55:00,0.0,1031.75,0.0,8.95,0.0,1373.0,6.0,14.0,En Operación
2018-06-15 19:00:00,0.0,1031.75,0.0,8.95,0.0,1374.0,7.0,13.0,En Operación
2018-06-15 19:05:00,0.0,1031.75,0.0,8.95,0.0,1375.0,7.0,13.0,En Operación
2018-06-15 19:10:00,0.0,1031.82,0.0,8.7,0.0,1376.0,7.0,13.0,En Operación
2018-06-15 19:15:00,0.0,1031.9,0.0,8.45,0.0,1377.0,7.0,13.0,En Operación
2018-06-15 19:20:00,0.0,1031.97,0.0,8.2,0.0,1378.0,8.0,12.0,En Operación
2018-06-15 19:25:00,0.0,1032.05,0.0,7.95,0.0,1379.0,7.0,13.0,En Operación
2018-06-15 19:30:00,0.0,1032.05,0.0,7.95,0.0,1380.0,9.0,11.0,En Operación
2018-06-15 19:35:00,0.0,1032.05,0.0,7.95,0.0,1381.0,8.0,12.0,En Operación
2018-06-15 19:40:00,0.0,1032.05,0.0,7.92,0.0,1382.0,7.0,13.0,En Operación
2018-06-15 19:45:00,0.0,1032.05,0.0,7.9,0.0,1383.0,7.0,13.0,En Operación
2018-06-15 19:50:00,0.0,1032.05,0.0,7.88,0.0,1384.0,7.0,13.0,En Operación
2018-06-15 19:55:00,0.0,1032.05,0.0,7.85,0.0,1385.0,5.0,15.0,En Operación
2018-06-15 20:00:00,0.0,1032.05,0.0,7.85,0.0,1386.0,5.0,15.0,En Operación
2018-06-15 20:05:00,0.0,1032.05,0.0,7.85,0.0,1387.0,4.0,16.0,En Operación
2018-06-15 20:10:00,0.0,1032.09,0.0,7.79,0.0,1388.0,5.0,15.0,En Operación
2018-06-15 20:15:00,0.0,1032.12,0.0,7.72,0.0,1389.0,5.0,15.0,En Operación
2018-06-15 20:20:00,0.0,1032.16,0.0,7.66,0.0,1390.0,5.0,15.0,En Operación
2018-06-15 20:25:00,0.0,1032.2,0.0,7.6,0.0,1391.0,5.0,15.0,En Operación
2018-06-15 20:30:00,0.0,1032.2,0.0,7.6,0.0,1392.0,6.0,14.0,En Operación
2018-06-15 20:35:00,0.0,1032.2,0.0,7.6,0.0,1393.0,6.0,14.0,En Operación
2018-06-15 20:40:00,0.0,1032.22,0.0,7.57,0.0,1394.0,7.0,13.0,En Operación
2018-06-15 20:45:00,0.0,1032.25,0.0,7.55,0.0,1395.0,7.0,13.0,En Operación
2018-06-15 20:50:00,0.0,1032.28,0.0,7.52,0.0,1396.0,7.0,13.0,En Operación
2018-06-15 20:55:00,0.0,1032.3,0.0,7.5,0.0,1397.0,7.0,13.0,En Operación
2018-06-15 21:00:00,0.0,1032.3,0.0,7.5,0.0,1398.0,7.0,13.0,En Operación
2018-06-15 21:05:00,0.0,1032.3,0.0,7.5,0.0,1399.0,6.0,14.0,En Operación
2018-06-15 21:10:00,0.0,1032.34,0.0,7.41,0.0,1400.0,6.0,14.0,En Operación
2018-06-15 21:15:00,0.0,1032.38,0.0,7.32,0.0,1401.0,6.0,14.0,En Operación
2018-06-15 21:20:00,0.0,1032.41,0.0,7.24,0.0,1402.0,8.0,12.0,En Operación
2018-06-15 21:25:00,0.0,1032.45,0.0,7.15,0.0,1403.0,9.0,11.0,En Operación
2018-06-15 21:30:00,0.0,1032.45,0.0,7.15,0.0,1404.0,10.0,10.0,En Operación
2018-06-15 21:35:00,0.0,1032.45,0.0,7.15,0.0,1405.0,10.0,10.0,En Operación
2018-06-15 21:40:00,0.0,1032.45,0.0,7.11,0.0,1406.0,11.0,9.0,En Operación
2018-06-15 21:45:00,0.0,1032.45,0.0,7.08,0.0,1407.0,11.0,9.0,En Operación
2018-06-15 21:50:00,0.0,1032.45,0.0,7.04,0.0,1408.0,11.0,9.0,En Operación
2018-06-15 21:55:00,0.0,1032.45,0.0,7.0,0.0,1409.0,11.0,9.0,En Operación
2018-06-15 22:00:00,0.0,1032.45,0.0,7.0,0.0,1410.0,11.0,9.0,En Operación
2018-06-15 22:05:00,0.0,1032.45,0.0,7.0,0.0,1411.0,11.0,9.0,En Operación
2018-06-15 22:10:00,0.0,1032.47,0.0,6.92,0.0,1412.0,10.0,10.0,En Operación
2018-06-15 22:15:00,0.0,1032.5,0.0,6.85,0.0,1413.0,11.0,9.0,En Operación
2018-06-15 22:20:00,0.0,1032.53,0.0,6.78,0.0,1414.0,11.0,9.0,En Operación
2018-06-15 22:25:00,0.0,1032.55,0.0,6.7,0.0,1415.0,11.0,9.0,En Operación
2018-06-15 22:30:00,0.0,1032.55,0.0,6.7,0.0,1416.0,11.0,9.0,En Operación
2018-06-15 22:35:00,0.0,1032.55,0.0,6.7,0.0,1417.0,12.0,8.0,En Operación
2018-06-15 22:40:00,0.0,1032.54,0.0,6.7,0.0,1418.0,12.0,8.0,En Operación
2018-06-15 22:45:00,0.0,1032.53,0.0,6.7,0.0,1419.0,12.0,8.0,En Operación
2018-06-15 22:50:00,0.0,1032.51,0.0,6.7,0.0,1420.0,11.0,9.0,En Operación
2018-06-15 22:55:00,0.0,1032.5,0.0,6.7,0.0,1421.0,12.0,8.0,En Operación
2018-06-15 23:00:00,0.0,1032.5,0.0,6.7,0.0,1422.0,11.0,9.0,En Operación
2018-06-15 23:05:00,0.0,1032.5,0.0,6.7,0.0,1423.0,12.0,8.0,En Operación
2018-06-15 23:10:00,0.0,1032.5,0.0,6.69,0.0,1424.0,12.0,8.0,En Operación
2018-06-15 23:15:00,0.0,1032.5,0.0,6.68,0.0,1425.0,12.0,8.0,En Operación
2018-06-15 23:20:00,0.0,1032.5,0.0,6.66,0.0,1426.0,12.0,8.0,En Operación
2018-06-15 23:25:00,0.0,1032.5,0.0,6.65,0.0,1427.0,11.0,9.0,En Operación
2018-06-15 23:30:00,0.0,1032.5,0.0,6.65,0.0,1428.0,12.0,8.0,En Operación
2018-06-15 23:35:00,0.0,1032.5,0.0,6.65,0.0,1429.0,11.0,9.0,En Operación
2018-06-15 23:40:00,0.0,1032.51,0.0,6.66,0.0,1430.0,12.0,8.0,En Operación
2018-06-15 23:45:00,0.0,1032.53,0.0,6.68,0.0,1431.0,12.0,8.0,En Operación
2018-06-15 23:50:00,0.0,1032.54,0.0,6.69,0.0,1432.0,12.0,8.0,En Operación
2018-06-15 23:55:00,0.0,1032.55,0.0,6.7,0.0,1433.0,12.0,8.0,En Operación
2018-06-16 00:00:00,0.0,1032.55,0.0,6.7,0.0,1434.0,11.0,9.0,En Operación
2018-06-16 00:05:00,0.0,1032.55,0.0,6.7,0.0,1435.0,12.0,8.0,En Operación
2018-06-16 00:10:00,0.0,1032.56,0.0,6.66,0.0,1436.0,12.0,8.0,En Operación
2018-06-16 00:15:00,0.0,1032.57,0.0,6.62,0.0,1437.0,12.0,8.0,En Operación
2018-06-16 00:20:00,0.0,1032.59,0.0,6.59,0.0,1438.0,12.0,8.0,En Operación
2018-06-16 00:25:00,0.0,1032.6,0.0,6.55,0.0,1439.0,11.0,9.0,En Operación
2018-06-16 00:30:00,0.0,1032.6,0.0,6.55,0.0,1440.0,11.0,9.0,En Operación
2018-06-16 00:35:00,0.0,1032.6,0.0,6.55,0.0,1441.0,10.0,10.0,En Operación
2018-06-16 00:40:00,0.0,1032.59,0.0,6.52,0.0,1442.0,11.0,9.0,En Operación
2018-06-16 00:45:00,0.0,1032.57,0.0,6.5,0.0,1443.0,11.0,9.0,En Operación
2018-06-16 00:50:00,0.0,1032.56,0.0,6.48,0.0,1444.0,11.0,9.0,En Operación
2018-06-16 00:55:00,0.0,1032.55,0.0,6.45,0.0,1445.0,11.0,9.0,En Operación
2018-06-16 01:00:00,0.0,1032.55,0.0,6.45,0.0,1446.0,11.0,9.0,En Operación
2018-06-16 01:05:00,0.0,1032.55,0.0,6.45,0.0,1447.0,11.0,9.0,En Operación
2018-06-16 01:10:00,0.0,1032.54,0.0,6.39,0.2,1448.0,11.0,9.0,En Operación
2018-06-16 01:15:00,0.0,1032.53,0.0,6.32,0.4,1449.0,11.0,9.0,En Operación
2018-06-16 01:20:00,0.0,1032.51,0.0,6.26,0.6,1450.0,10.0,10.0,En Operación
2018-06-16 01:25:00,0.0,1032.5,0.0,6.2,0.8,1451.0,12.0,8.0,En Operación
2018-06-16 01:30:00,0.0,1032.5,0.0,6.2,0.8,1452.0,11.0,9.0,En Operación
2018-06-16 01:35:00,0.0,1032.5,0.0,6.2,0.8,1453.0,12.0,8.0,En Operación
2018-06-16 01:40:00,0.0,1032.5,0.0,6.21,0.8,1454.0,12.0,8.0,En Operación
2018-06-16 01:45:00,0.0,1032.5,0.0,6.22,0.8,1455.0,12.0,8.0,En Operación
2018-06-16 01:50:00,0.0,1032.5,0.0,6.24,0.8,1456.0,11.0,9.0,En Operación
2018-06-16 01:55:00,0.0,1032.5,0.0,6.25,0.8,1457.0,12.0,8.0,En Operación
2018-06-16 02:00:00,0.0,1032.5,0.0,6.25,0.8,,,,
2018-06-16 02:05:00,0.0,1032.5,0.0,6.25,0.8,,,,
2018-06-16 02:10:00,0.0,1032.51,0.0,6.44,1.2,,,,
2018-06-16 02:15:00,0.0,1032.53,0.0,6.62,1.6,,,,
2018-06-16 02:20:00,0.0,1032.54,0.0,6.81,2.0,,,,
2018-06-16 02:25:00,0.0,1032.55,0.0,7.0,2.4,,,,
2018-06-16 02:30:00,0.0,1032.55,0.0,7.0,2.4,,,,
2018-06-16 02:35:00,0.0,1032.55,0.0,7.0,2.4,,,,
2018-06-16 02:40:00,0.0,1032.54,0.0,7.05,2.4,,,,
2018-06-16 02:45:00,0.0,1032.53,0.0,7.1,2.4,,,,
2018-06-16 02:50:00,0.0,1032.51,0.0,7.15,2.4,,,,
2018-06-16 02:55:00,0.0,1032.5,0.0,7.2,2.4,,,,
2018-06-16 03:00:00,0.0,1032.5,0.0,7.2,2.4,1470.0,11.0,9.0,En Operación
2018-06-16 03:05:00,0.0,1032.5,0.0,7.2,2.4,1471.0,11.0,9.0,En Operación
2018-06-16 03:10:00,0.0,1032.44,0.0,7.1,2.2,1472.0,11.0,9.0,En Operación
2018-06-16 03:15:00,0.0,1032.38,0.0,7.0,2.0,1473.0,11.0,9.0,En Operación
2018-06-16 03:20:00,0.0,1032.31,0.0,6.9,1.8,1474.0,11.0,9.0,En Operación
2018-06-16 03:25:00,0.0,1032.25,0.0,6.8,1.6,1475.0,11.0,9.0,En Operación
2018-06-16 03:30:00,0.0,1032.25,0.0,6.8,1.6,1476.0,11.0,9.0,En Operación
2018-06-16 03:35:00,0.0,1032.25,0.0,6.8,1.6,1477.0,11.0,9.0,En Operación
2018-06-16 03:40:00,0.0,1032.06,0.0,6.78,2.0,1478.0,11.0,9.0,En Operación
2018-06-16 03:45:00,0.0,1031.88,0.0,6.75,2.4,1479.0,11.0,9.0,En Operación
2018-06-16 03:50:00,0.0,1031.69,0.0,6.72,2.8,1480.0,11.0,9.0,En Operación
2018-06-16 03:55:00,0.0,1031.5,0.0,6.7,3.2,1481.0,9.0,11.0,En Operación
2018-06-16 04:00:00,0.0,1031.5,0.0,6.7,3.2,1482.0,9.0,11.0,En Operación
2018-06-16 04:05:00,0.0,1031.5,0.0,6.7,3.2,1483.0,10.0,10.0,En Operación
2018-06-16 04:10:00,0.0,1031.4,0.0,6.35,2.4,1484.0,10.0,10.0,En Operación
2018-06-16 04:15:00,0.0,1031.3,0.0,6.0,1.6,1485.0,10.0,10.0,En Operación
2018-06-16 04:20:00,0.0,1031.2,0.0,5.65,0.8,1486.0,10.0,10.0,En Operación
2018-06-16 04:25:00,0.0,1031.1,0.0,5.3,0.0,1487.0,10.0,10.0,En Operación
2018-06-16 04:30:00,0.0,1031.1,0.0,5.3,0.0,1488.0,10.0,10.0,En Operación
2018-06-16 04:35:00,0.0,1031.1,0.0,5.3,0.0,1489.0,10.0,10.0,En Operación
2018-06-16 04:40:00,0.0,1031.1,0.0,5.3,0.0,1490.0,10.0,10.0,En Operación
2018-06-16 04:45:00,0.0,1031.1,0.0,5.3,0.0,1491.0,10.0,10.0,En Operación
2018-06-16 04:50:00,0.0,1031.1,0.0,5.3,0.0,1492.0,10.0,10.0,En Operación
2018-06-16 04:55:00,0.0,1031.1,0.0,5.3,0.0,1493.0,11.0,9.0,En Operación
2018-06-16 05:00:00,0.0,1031.1,0.0,5.3,0.0,1494.0,11.0,9.0,En Operación
2018-06-16 05:05:00,0.0,1031.1,0.0,5.3,0.0,1495.0,11.0,9.0,En Operación
2018-06-16 05:10:00,0.0,1031.0,0.0,5.12,0.0,1496.0,10.0,10.0,En Operación
2018-06-16 05:15:00,0.0,1030.9,0.0,4.95,0.0,1497.0,10.0,10.0,En Operación
2018-06-16 05:20:00,0.0,1030.8,0.0,4.77,0.0,1498.0,10.0,10.0,En Operación
2018-06-16 05:25:00,0.0,1030.7,0.0,4.6,0.0,1499.0,10.0,10.0,En Operación
2018-06-16 05:30:00,0.0,1030.7,0.0,4.6,0.0,1500.0,10.0,10.0,En Operación
2018-06-16 05:35:00,0.0,1030.7,0.0,4.6,0.0,1501.0,10.0,10.0,En Operación
2018-06-16 05:40:00,0.0,1030.7,0.0,4.6,0.0,1502.0,10.0,10.0,En Operación
2018-06-16 05:45:00,0.0,1030.7,0.0,4.6,0.0,1503.0,10.0,10.0,En Operación
2018-06-16 05:50:00,0.0,1030.7,0.0,4.6,0.0,1504.0,10.0,10.0,En Operación
2018-06-16 05:55:00,0.0,1030.7,0.0,4.6,0.0,1505.0,10.0,10.0,En Operación
2018-06-16 06:00:00,0.0,1030.7,0.0,4.6,0.0,1506.0,10.0,10.0,En Operación
2018-06-16 06:05:00,0.0,1030.7,0.0,4.6,0.0,1507.0,10.0,10.0,En Operación
2018-06-16 06:10:00,0.0,1030.6,0.0,4.38,0.0,1508.0,10.0,10.0,En Operación
2018-06-16 06:15:00,0.0,1030.5,0.0,4.15,0.0,1509.0,10.0,10.0,En Operación
2018-06-16 06:20:00,0.0,1030.4,0.0,3.92,0.0,1510.0,10.0,10.0,En Operación
2018-06-16 06:25:00,0.0,1030.3,0.0,3.7,0.0,1511.0,10.0,10.0,En Operación
2018-06-16 06:30:00,0.0,1030.3,0.0,3.7,0.0,1512.0,10.0,10.0,En Operación
2018-06-16 06:35:00,0.0,1030.3,0.0,3.7,0.0,1513.0,10.0,10.0,En Operación
2018-06-16 06:40:00,0.0,1030.3,0.0,3.7,0.0,1514.0,10.0,10.0,En Operación
2018-06-16 06:45:00,0.0,1030.3,0.0,3.7,0.0,1515.0,10.0,10.0,En Operación
2018-06-16 06:50:00,0.0,1030.3,0.0,3.7,0.0,1516.0,10.0,10.0,En Operación
2018-06-16 06:55:00,0.0,1030.3,0.0,3.7,0.0,1517.0,10.0,10.0,En Operación
2018-06-16 07:00:00,0.0,1030.3,0.0,3.7,0.0,1518.0,10.0,10.0,En Operación
2018-06-16 07:05:00,0.0,1030.3,0.0,3.7,0.0,1519.0,10.0,10.0,En Operación
2018-06-16 07:10:00,0.0,1030.3,0.0,3.58,0.0,1520.0,10.0,10.0,En Operación
2018-06-16 07:15:00,0.0,1030.3,0.0,3.45,0.0,1521.0,10.0,10.0,En Operación
2018-06-16 07:20:00,0.0,1030.3,0.0,3.32,0.0,1522.0,10.0,10.0,En Operación
2018-06-16 07:25:00,0.0,1030.3,0.0,3.2,0.0,1523.0,10.0,10.0,En Operación
2018-06-16 07:30:00,0.0,1030.3,0.0,3.2,0.0,1524.0,10.0,10.0,En Operación
2018-06-16 07:35:00,0.0,1030.3,0.0,3.2,0.0,1525.0,10.0,10.0,En Operación
2018-06-16 07:40:00,0.0,1030.3,0.0,3.2,0.0,1526.0,10.0,10.0,En Operación
2018-06-16 07:45:00,0.0,1030.3,0.0,3.2,0.0,1527.0,10.0,10.0,En Operación
2018-06-16 07:50:00,0.0,1030.3,0.0,3.2,0.0,1528.0,10.0,10.0,En Operación
2018-06-16 07:55:00,0.0,1030.3,0.0,3.2,0.0,1529.0,10.0,10.0,En Operación
2018-06-16 08:00:00,0.0,1030.3,0.0,3.2,0.0,1530.0,10.0,10.0,En Operación
2018-06-16 08:05:00,0.0,1030.3,0.0,3.2,0.0,1531.0,11.0,9.0,En Operación
2018-06-16 08:10:00,0.0,1030.4,0.0,3.22,0.0,1532.0,11.0,9.0,En Operación
2018-06-16 08:15:00,0.0,1030.5,0.0,3.25,0.0,1533.0,11.0,9.0,En Operación
2018-06-16 08:20:00,0.0,1030.6,0.0,3.28,0.0,1534.0,11.0,9.0,En Operación
2018-06-16 08:25:00,0.0,1030.7,0.0,3.3,0.0,1535.0,11.0,9.0,En Operación
2018-06-16 08:30:00,0.0,1030.7,0.0,3.3,0.0,1536.0,11.0,9.0,En Operación
2018-06-16 08:35:00,0.0,1030.7,0.0,3.3,0.0,1537.0,11.0,9.0,En Operación
2018-06-16 08:40:00,0.0,1030.7,0.0,3.3,0.0,1538.0,11.0,9.0,En Operación
2018-06-16 08:45:00,0.0,1030.7,0.0,3.3,0.0,1539.0,11.0,9.0,En Operación
2018-06-16 08:50:00,0.0,1030.7,0.0,3.3,0.0,1540.0,11.0,9.0,En Operación
2018-06-16 08:55:00,0.0,1030.7,0.0,3.3,0.0,1541.0,11.0,9.0,En Operación
2018-06-16 09:00:00,0.0,1030.7,0.0,3.3,0.0,1542.0,11.0,9.0,En Operación
2018-06-16 09:05:00,0.0,1030.7,0.0,3.3,0.0,1543.0,11.0,9.0,En Operación
2018-06-16 09:10:00,0.0,1030.82,0.0,3.55,0.4,1544.0,12.0,8.0,En Operación
2018-06-16 09:15:00,0.0,1030.95,0.0,3.8,0.8,1545.0,12.0,8.0,En Operación
2018-06-16 09:20:00,0.0,1031.08,0.0,4.05,1.2,1546.0,12.0,8.0,En Operación
2018-06-16 09:25:00,0.0,1031.2,0.0,4.3,1.6,1547.0,13.0,7.0,En Operación
2018-06-16 09:30:00,0.0,1031.2,0.0,4.3,1.6,1548.0,11.0,9.0,En Operación
2018-06-16 09:35:00,0.0,1031.2,0.0,4.3,1.6,1549.0,11.0,9.0,En Operación
2018-06-16 09:40:00,0.0,1031.22,0.0,5.08,2.8,1550.0,11.0,9.0,En Operación
2018-06-16 09:45:00,0.0,1031.25,0.0,5.85,4.0,1551.0,11.0,9.0,En Operación
2018-06-16 09:50:00,0.0,1031.28,0.0,6.62,5.2,1552.0,12.0,8.0,En Operación
2018-06-16 09:55:00,0.0,1031.3,0.0,7.4,6.4,1553.0,12.0,8.0,En Operación
2018-06-16 10:00:00,0.0,1031.3,0.0,7.4,6.4,1554.0,12.0,8.0,En Operación
2018-06-16 10:05:00,0.0,1031.3,0.0,7.4,6.4,1555.0,14.0,6.0,En Operación
2018-06-16 10:10:00,0.0,1031.3,0.0,7.8,6.8,1556.0,14.0,6.0,En Operación
2018-06-16 10:15:00,0.0,1031.3,0.0,8.2,7.2,1557.0,15.0,5.0,En Operación
2018-06-16 10:20:00,0.0,1031.3,0.0,8.6,7.6,1558.0,16.0,4.0,En Operación
2018-06-16 10:25:00,0.0,1031.3,0.0,9.0,8.0,1559.0,15.0,5.0,En Operación
2018-06-16 10:30:00,0.0,1031.3,0.0,9.0,8.0,1560.0,15.0,5.0,En Operación
2018-06-16 10:35:00,0.0,1031.3,0.0,9.0,8.0,1561.0,15.0,5.0,En Operación
2018-06-16 10:40:00,0.0,1031.3,0.0,9.2,8.0,1562.0,15.0,5.0,En Operación
2018-06-16 10:45:00,0.0,1031.3,0.0,9.4,8.0,1563.0,15.0,5.0,En Operación
2018-06-16 10:50:00,0.0,1031.3,0.0,9.6,8.0,1564.0,14.0,6.0,En Operación
2018-06-16 10:55:00,0.0,1031.3,0.0,9.8,8.0,1565.0,14.0,6.0,En Operación
2018-06-16 11:00:00,0.0,1031.3,0.0,9.8,8.0,1566.0,14.0,6.0,En Operación
2018-06-16 11:05:00,0.0,1031.3,0.0,9.8,8.0,1567.0,14.0,6.0,En Operación
2018-06-16 11:10:00,0.0,1031.28,0.0,9.88,8.0,1568.0,14.0,6.0,En Operación
2018-06-16 11:15:00,0.0,1031.25,0.0,9.95,8.0,1569.0,13.0,7.0,En Operación
2018-06-16 11:20:00,0.0,1031.22,0.0,10.02,8.0,1570.0,13.0,7.0,En Operación
2018-06-16 11:25:00,0.0,1031.2,0.0,10.1,8.0,1571.0,13.0,7.0,En Operación
2018-06-16 11:30:00,0.0,1031.2,0.0,10.1,8.0,1572.0,13.0,7.0,En Operación
2018-06-16 11:35:00,0.0,1031.2,0.0,10.1,8.0,1573.0,13.0,7.0,En Operación
2018-06-16 11:40:00,0.0,1031.2,0.0,10.1,8.0,1574.0,13.0,7.0,En Operación
2018-06-16 11:45:00,0.0,1031.2,0.0,10.1,8.0,1575.0,13.0,7.0,En Operación
2018-06-16 11:50:00,0.0,1031.2,0.0,10.1,8.0,1576.0,13.0,7.0,En Operación
2018-06-16 11:55:00,0.0,1031.2,0.0,10.1,8.0,1577.0,12.0,8.0,En Operación
2018-06-16 12:00:00,0.0,1031.2,0.0,10.1,8.0,1578.0,12.0,8.0,En Operación
2018-06-16 12:05:00,0.0,1031.2,0.0,10.1,8.0,1579.0,12.0,8.0,En Operación
2018-06-16 12:10:00,0.0,1031.0,0.0,10.32,8.0,1580.0,12.0,8.0,En Operación
2018-06-16 12:15:00,0.0,1030.8,0.0,10.55,8.0,1581.0,13.0,7.0,En Operación
2018-06-16 12:20:00,0.0,1030.6,0.0,10.78,8.0,1582.0,13.0,7.0,En Operación
2018-06-16 12:25:00,0.0,1030.4,0.0,11.0,8.0,1583.0,12.0,8.0,En Operación
2018-06-16 12:30:00,0.0,1030.4,0.0,11.0,8.0,1584.0,11.0,9.0,En Operación
2018-06-16 12:35:00,0.0,1030.4,0.0,11.0,8.0,1585.0,11.0,9.0,En Operación
2018-06-16 12:40:00,0.0,1030.4,0.0,11.0,8.0,1586.0,11.0,9.0,En Operación
2018-06-16 12:45:00,0.0,1030.4,0.0,11.0,8.0,1587.0,11.0,9.0,En Operación
2018-06-16 12:50:00,0.0,1030.4,0.0,11.0,8.0,1588.0,11.0,9.0,En Operación
2018-06-16 12:55:00,0.0,1030.4,0.0,11.0,8.0,1589.0,12.0,8.0,En Operación
2018-06-16 13:00:00,0.0,1030.4,0.0,11.0,8.0,1590.0,11.0,9.0,En Operación
2018-06-16 13:05:00,0.0,1030.4,0.0,11.0,8.0,1591.0,11.0,9.0,En Operación
2018-06-16 13:10:00,0.0,1030.15,0.0,11.25,7.2,1592.0,11.0,9.0,En Operación
2018-06-16 13:15:00,0.0,1029.9,0.0,11.5,6.4,1593.0,11.0,9.0,En Operación
2018-06-16 13:20:00,0.0,1029.65,0.0,11.75,5.6,1594.0,12.0,8.0,En Operación
2018-06-16 13:25:00,0.0,1029.4,0.0,12.0,4.8,1595.0,12.0,8.0,En Operación
2018-06-16 13:30:00,0.0,1029.4,0.0,12.0,4.8,1596.0,12.0,8.0,En Operación
2018-06-16 13:35:00,0.0,1029.4,0.0,12.0,4.8,1597.0,12.0,8.0,En Operación
2018-06-16 13:40:00,0.0,1029.4,0.0,12.0,4.8,1598.0,12.0,8.0,En Operación
2018-06-16 13:45:00,0.0,1029.4,0.0,12.0,4.8,1599.0,12.0,8.0,En Operación
2018-06-16 13:50:00,0.0,1029.4,0.0,12.0,4.8,1600.0,12.0,8.0,En Operación
2018-06-16 13:55:00,0.0,1029.4,0.0,12.0,4.8,1601.0,12.0,8.0,En Operación
2018-06-16 14:00:00,0.0,1029.4,0.0,12.0,4.8,1602.0,12.0,8.0,En Operación
2018-06-16 14:05:00,0.0,1029.4,0.0,12.0,4.8,1603.0,12.0,8.0,En Operación
2018-06-16 14:10:00,0.0,1029.25,0.0,12.0,4.8,1604.0,12.0,8.0,En Operación
2018-06-16 14:15:00,0.0,1029.1,0.0,12.0,4.8,1605.0,12.0,8.0,En Operación
2018-06-16 14:20:00,0.0,1028.95,0.0,12.0,4.8,1606.0,12.0,8.0,En Operación
2018-06-16 14:25:00,0.0,1028.8,0.0,12.0,4.8,1607.0,12.0,8.0,En Operación
2018-06-16 14:30:00,0.0,1028.8,0.0,12.0,4.8,1608.0,12.0,8.0,En Operación
2018-06-16 14:35:00,0.0,1028.8,0.0,12.0,4.8,1609.0,12.0,8.0,En Operación
2018-06-16 14:40:00,0.0,1028.8,0.0,12.0,4.8,1610.0,12.0,8.0,En Operación
2018-06-16 14:45:00,0.0,1028.8,0.0,12.0,4.8,1611.0,12.0,8.0,En Operación
2018-06-16 14:50:00,0.0,1028.8,0.0,12.0,4.8,1612.0,12.0,8.0,En Operación
2018-06-16 14:55:00,0.0,1028.8,0.0,12.0,4.8,1613.0,13.0,7.0,En Operación
2018-06-16 15:00:00,0.0,1028.8,0.0,12.0,4.8,1614.0,11.0,9.0,En Operación
2018-06-16 15:05:00,0.0,1028.8,0.0,12.0,4.8,1615.0,11.0,9.0,En Operación
2018-06-16 15:10:00,0.0,1028.65,0.0,11.92,5.6,1616.0,10.0,10.0,En Operación
2018-06-16 15:15:00,0.0,1028.5,0.0,11.85,6.4,1617.0,10.0,10.0,En Operación
2018-06-16 15:20:00,0.0,1028.35,0.0,11.77,7.2,1618.0,10.0,10.0,En Operación
2018-06-16 15:25:00,0.0,1028.2,0.0,11.7,8.0,1619.0,10.0,10.0,En Operación
2018-06-16 15:30:00,0.0,1028.2,0.0,11.7,8.0,1620.0,10.0,10.0,En Operación
2018-06-16 15:35:00,0.0,1028.2,0.0,11.7,8.0,1621.0,10.0,10.0,En Operación
2018-06-16 15:40:00,0.0,1028.2,0.0,11.7,8.0,1622.0,10.0,10.0,En Operación
2018-06-16 15:45:00,0.0,1028.2,0.0,11.7,8.0,1623.0,9.0,11.0,En Operación
2018-06-16 15:50:00,0.0,1028.2,0.0,11.7,8.0,1624.0,9.0,11.0,En Operación
2018-06-16 15:55:00,0.0,1028.2,0.0,11.7,8.0,1625.0,9.0,11.0,En Operación
2018-06-16 16:00:00,0.0,1028.2,0.0,11.7,8.0,1626.0,9.0,11.0,En Operación
2018-06-16 16:05:00,0.0,1028.2,0.0,11.7,8.0,1627.0,9.0,11.0,En Operación
2018-06-16 16:10:00,0.0,1028.08,0.0,11.58,8.0,1628.0,11.0,9.0,En Operación
2018-06-16 16:15:00,0.0,1027.95,0.0,11.45,8.0,1629.0,11.0,9.0,En Operación
2018-06-16 16:20:00,0.0,1027.82,0.0,11.32,8.0,1630.0,11.0,9.0,En Operación
2018-06-16 16:25:00,0.0,1027.7,0.0,11.2,8.0,1631.0,11.0,9.0,En Operación
2018-06-16 16:30:00,0.0,1027.7,0.0,11.2,8.0,1632.0,11.0,9.0,En Operación
2018-06-16 16:35:00,0.0,1027.7,0.0,11.2,8.0,1633.0,10.0,10.0,En Operación
2018-06-16 16:40:00,0.0,1027.7,0.0,11.2,8.0,1634.0,10.0,10.0,En Operación
2018-06-16 16:45:00,0.0,1027.7,0.0,11.2,8.0,1635.0,10.0,10.0,En Operación
2018-06-16 16:50:00,0.0,1027.7,0.0,11.2,8.0,1636.0,11.0,9.0,En Operación
2018-06-16 16:55:00,0.0,1027.7,0.0,11.2,8.0,1637.0,11.0,9.0,En Operación
2018-06-16 17:00:00,0.0,1027.7,0.0,11.2,8.0,1638.0,12.0,8.0,En Operación
2018-06-16 17:05:00,0.0,1027.7,0.0,11.2,8.0,1639.0,10.0,10.0,En Operación
2018-06-16 17:10:00,0.0,1027.53,0.0,11.08,7.6,1640.0,10.0,10.0,En Operación
2018-06-16 17:15:00,0.0,1027.35,0.0,10.95,7.2,1641.0,10.0,10.0,En Operación
2018-06-16 17:20:00,0.0,1027.18,0.0,10.82,6.8,1642.0,9.0,11.0,En Operación
2018-06-16 17:25:00,0.0,1027.0,0.0,10.7,6.4,1643.0,8.0,12.0,En Operación
2018-06-16 17:30:00,0.0,1027.0,0.0,10.7,6.4,1644.0,8.0,12.0,En Operación
2018-06-16 17:35:00,0.0,1027.0,0.0,10.7,6.4,1645.0,8.0,12.0,En Operación
2018-06-16 17:40:00,0.0,1027.0,0.0,10.7,6.4,1646.0,8.0,12.0,En Operación
2018-06-16 17:45:00,0.0,1027.0,0.0,10.7,6.4,1647.0,8.0,12.0,En Operación
2018-06-16 17:50:00,0.0,1027.0,0.0,10.7,6.4,1648.0,7.0,13.0,En Operación
2018-06-16 17:55:00,0.0,1027.0,0.0,10.7,6.4,1649.0,7.0,13.0,En Operación
2018-06-16 18:00:00,0.0,1027.0,0.0,10.7,6.4,1650.0,7.0,13.0,En Operación
2018-06-16 18:05:00,0.0,1027.0,0.0,10.7,6.4,1651.0,7.0,13.0,En Operación
2018-06-16 18:10:00,0.0,1027.05,0.0,10.45,5.6,1652.0,7.0,13.0,En Operación
2018-06-16 18:15:00,0.0,1027.1,0.0,10.2,4.8,1653.0,7.0,13.0,En Operación
2018-06-16 18:20:00,0.0,1027.15,0.0,9.95,4.0,1654.0,7.0,13.0,En Operación
2018-06-16 18:25:00,0.0,1027.2,0.0,9.7,3.2,1655.0,7.0,13.0,En Operación
2018-06-16 18:30:00,0.0,1027.2,0.0,9.7,3.2,1656.0,9.0,11.0,En Operación
2018-06-16 18:35:00,0.0,1027.2,0.0,9.7,3.2,1657.0,9.0,11.0,En Operación
2018-06-16 18:40:00,0.0,1027.2,0.0,9.7,3.2,1658.0,7.0,13.0,En Operación
2018-06-16 18:45:00,0.0,1027.2,0.0,9.7,3.2,1659.0,8.0,12.0,En Operación
2018-06-16 18:50:00,0.0,1027.2,0.0,9.7,3.2,1660.0,8.0,12.0,En Operación
2018-06-16 18:55:00,0.0,1027.2,0.0,9.7,3.2,1661.0,8.0,12.0,En Operación
2018-06-16 19:00:00,0.0,1027.2,0.0,9.7,3.2,1662.0,8.0,12.0,En Operación
2018-06-16 19:05:00,0.0,1027.2,0.0,9.7,3.2,1663.0,8.0,12.0,En Operación
2018-06-16 19:10:00,0.0,1027.22,0.0,9.35,4.0,1664.0,8.0,12.0,En Operación
2018-06-16 19:15:00,0.0,1027.25,0.0,9.0,4.8,1665.0,8.0,12.0,En Operación
2018-06-16 19:20:00,0.0,1027.28,0.0,8.65,5.6,1666.0,8.0,12.0,En Operación
2018-06-16 19:25:00,0.0,1027.3,0.0,8.3,6.4,1667.0,8.0,12.0,En Operación
2018-06-16 19:30:00,0.0,1027.3,0.0,8.3,6.4,1668.0,8.0,12.0,En Operación
2018-06-16 19:35:00,0.0,1027.3,0.0,8.3,6.4,1669.0,7.0,13.0,En Operación
2018-06-16 19:40:00,0.0,1027.3,0.0,8.3,6.4,1670.0,7.0,13.0,En Operación
2018-06-16 19:45:00,0.0,1027.3,0.0,8.3,6.4,1671.0,7.0,13.0,En Operación
2018-06-16 19:50:00,0.0,1027.3,0.0,8.3,6.4,1672.0,6.0,14.0,En Operación
2018-06-16 19:55:00,0.0,1027.3,0.0,8.3,6.4,1673.0,6.0,14.0,En Operación
2018-06-16 20:00:00,0.0,1027.3,0.0,8.3,6.4,1674.0,5.0,15.0,En Operación
2018-06-16 20:05:00,0.0,1027.3,0.0,8.3,6.4,1675.0,5.0,15.0,En Operación
2018-06-16 20:10:00,0.0,1027.3,0.0,8.58,7.22,1676.0,5.0,15.0,En Operación
2018-06-16 20:15:00,0.0,1027.3,0.0,8.85,8.05,1677.0,5.0,15.0,En Operación
2018-06-16 20:20:00,0.0,1027.3,0.0,9.12,8.88,1678.0,5.0,15.0,En Operación
2018-06-16 20:25:00,0.0,1027.3,0.0,9.4,9.7,1679.0,5.0,15.0,En Operación
2018-06-16 20:30:00,0.0,1027.3,0.0,9.4,9.7,1680.0,5.0,15.0,En Operación
2018-06-16 20:35:00,0.0,1027.3,0.0,9.4,9.7,1681.0,5.0,15.0,En Operación
2018-06-16 20:40:00,0.0,1027.3,0.0,9.4,9.7,1682.0,5.0,15.0,En Operación
2018-06-16 20:45:00,0.0,1027.3,0.0,9.4,9.7,1683.0,5.0,15.0,En Operación
2018-06-16 20:50:00,0.0,1027.3,0.0,9.4,9.7,1684.0,5.0,15.0,En Operación
2018-06-16 20:55:00,0.0,1027.3,0.0,9.4,9.7,1685.0,4.0,16.0,En Operación
2018-06-16 21:00:00,0.0,1027.3,0.0,9.4,9.7,1686.0,4.0,16.0,En Operación
2018-06-16 21:05:00,0.0,1027.3,0.0,9.4,9.7,1687.0,3.0,17.0,En Operación
2018-06-16 21:10:00,0.0,1027.25,0.0,9.4,10.1,1688.0,3.0,17.0,En Operación
2018-06-16 21:15:00,0.0,1027.2,0.0,9.4,10.5,1689.0,3.0,17.0,En Operación
2018-06-16 21:20:00,0.0,1027.15,0.0,9.4,10.9,1690.0,3.0,17.0,En Operación
2018-06-16 21:25:00,0.0,1027.1,0.0,9.4,11.3,1691.0,3.0,17.0,En Operación
2018-06-16 21:30:00,0.0,1027.1,0.0,9.4,11.3,1692.0,3.0,17.0,En Operación
2018-06-16 21:35:00,0.0,1027.1,0.0,9.4,11.3,1693.0,3.0,17.0,En Operación
2018-06-16 21:40:00,0.0,1027.1,0.0,9.4,11.3,1694.0,3.0,17.0,En Operación
2018-06-16 21:45:00,0.0,1027.1,0.0,9.4,11.3,1695.0,3.0,17.0,En Operación
2018-06-16 21:50:00,0.0,1027.1,0.0,9.4,11.3,1696.0,3.0,17.0,En Operación
2018-06-16 21:55:00,0.0,1027.1,0.0,9.4,11.3,1697.0,3.0,17.0,En Operación
2018-06-16 22:00:00,0.0,1027.1,0.0,9.4,11.3,1698.0,3.0,17.0,En Operación
2018-06-16 22:05:00,0.0,1027.1,0.0,9.4,11.3,1699.0,3.0,17.0,En Operación
2018-06-16 22:10:00,0.0,1027.0,0.0,9.45,10.9,1700.0,3.0,17.0,En Operación
2018-06-16 22:15:00,0.0,1026.9,0.0,9.5,10.5,1701.0,3.0,17.0,En Operación
2018-06-16 22:20:00,0.0,1026.8,0.0,9.55,10.1,1702.0,3.0,17.0,En Operación
2018-06-16 22:25:00,0.0,1026.7,0.0,9.6,9.7,1703.0,3.0,17.0,En Operación
2018-06-16 22:30:00,0.0,1026.7,0.0,9.6,9.7,1704.0,3.0,17.0,En Operación
2018-06-16 22:35:00,0.0,1026.7,0.0,9.6,9.7,1705.0,3.0,17.0,En Operación
2018-06-16 22:40:00,0.0,1026.7,0.0,9.6,9.7,1706.0,3.0,17.0,En Operación
2018-06-16 22:45:00,0.0,1026.7,0.0,9.6,9.7,1707.0,3.0,17.0,En Operación
2018-06-16 22:50:00,0.0,1026.7,0.0,9.6,9.7,1708.0,3.0,17.0,En Operación
2018-06-16 22:55:00,0.0,1026.7,0.0,9.6,9.7,1709.0,3.0,17.0,En Operación
2018-06-16 23:00:00,0.0,1026.7,0.0,9.6,9.7,1710.0,3.0,17.0,En Operación
2018-06-16 23:05:00,0.0,1026.7,0.0,9.6,9.7,1711.0,3.0,17.0,En Operación
2018-06-16 23:10:00,0.0,1026.75,0.0,9.55,9.7,1712.0,3.0,17.0,En Operación
2018-06-16 23:15:00,0.0,1026.8,0.0,9.5,9.7,1713.0,3.0,17.0,En Operación
2018-06-16 23:20:00,0.0,1026.85,0.0,9.45,9.7,1714.0,3.0,17.0,En Operación
2018-06-16 23:25:00,0.0,1026.9,0.0,9.4,9.7,1715.0,3.0,17.0,En Operación
2018-06-16 23:30:00,0.0,1026.9,0.0,9.4,9.7,1716.0,3.0,17.0,En Operación
2018-06-16 23:35:00,0.0,1026.9,0.0,9.4,9.7,1717.0,3.0,17.0,En Operación
2018-06-16 23:40:00,0.0,1026.9,0.0,9.4,9.7,1718.0,3.0,17.0,En Operación
2018-06-16 23:45:00,0.0,1026.9,0.0,9.4,9.7,1719.0,3.0,17.0,En Operación
2018-06-16 23:50:00,0.0,1026.9,0.0,9.4,9.7,1720.0,3.0,17.0,En Operación
2018-06-16 23:55:00,0.0,1026.9,0.0,9.4,9.7,1721.0,3.0,17.0,En Operación
2018-06-17 00:00:00,0.0,1026.9,0.0,9.4,9.7,1722.0,3.0,17.0,En Operación
2018-06-17 00:05:00,0.0,1026.9,0.0,9.4,9.7,1723.0,3.0,17.0,En Operación
2018-06-17 00:10:00,0.0,1026.98,0.0,9.07,9.27,1724.0,3.0,17.0,En Operación
2018-06-17 00:15:00,0.0,1027.05,0.0,8.75,8.85,1725.0,3.0,17.0,En Operación
2018-06-17 00:20:00,0.0,1027.12,0.0,8.43,8.43,1726.0,3.0,17.0,En Operación
2018-06-17 00:25:00,0.0,1027.2,0.0,8.1,8.0,1727.0,3.0,17.0,En Operación
2018-06-17 00:30:00,0.0,1027.2,0.0,8.1,8.0,1728.0,3.0,17.0,En Operación
2018-06-17 00:35:00,0.0,1027.2,0.0,8.1,8.0,1729.0,3.0,17.0,En Operación
2018-06-17 00:40:00,0.0,1027.2,0.0,8.1,8.0,1730.0,3.0,17.0,En Operación
2018-06-17 00:45:00,0.0,1027.2,0.0,8.1,8.0,1731.0,3.0,17.0,En Operación
2018-06-17 00:50:00,0.0,1027.2,0.0,8.1,8.0,1732.0,3.0,17.0,En Operación
2018-06-17 00:55:00,0.0,1027.2,0.0,8.1,8.0,1733.0,3.0,17.0,En Operación
2018-06-17 01:00:00,0.0,1027.2,0.0,8.1,8.0,1734.0,3.0,17.0,En Operación
2018-06-17 01:05:00,0.0,1027.2,0.0,8.1,8.0,1735.0,3.0,17.0,En Operación
2018-06-17 01:10:00,0.0,1027.18,0.0,8.2,8.82,1736.0,3.0,17.0,En Operación
2018-06-17 01:15:00,0.0,1027.15,0.0,8.3,9.65,1737.0,3.0,17.0,En Operación
2018-06-17 01:20:00,0.0,1027.12,0.0,8.4,10.48,1738.0,3.0,17.0,En Operación
2018-06-17 01:25:00,0.0,1027.1,0.0,8.5,11.3,1739.0,3.0,17.0,En Operación
2018-06-17 01:30:00,0.0,1027.1,0.0,8.5,11.3,1740.0,3.0,17.0,En Operación
2018-06-17 01:35:00,0.0,1027.1,0.0,8.5,11.3,1741.0,3.0,17.0,En Operación
2018-06-17 01:40:00,0.0,1027.1,0.0,8.5,11.3,1742.0,3.0,17.0,En Operación
2018-06-17 01:45:00,0.0,1027.1,0.0,8.5,11.3,1743.0,3.0,17.0,En Operación
2018-06-17 01:50:00,0.0,1027.1,0.0,8.5,11.3,1744.0,3.0,17.0,En Operación
2018-06-17 01:55:00,0.0,1027.1,0.0,8.5,11.3,1745.0,3.0,17.0,En Operación
2018-06-17 02:00:00,0.0,1027.1,0.0,8.5,11.3,1746.0,3.0,17.0,En Operación
2018-06-17 02:05:00,0.0,1027.1,0.0,8.5,11.3,1747.0,3.0,17.0,En Operación
2018-06-17 02:10:00,0.0,1027.12,0.0,8.25,11.3,1748.0,3.0,17.0,En Operación
2018-06-17 02:15:00,0.0,1027.15,0.0,8.0,11.3,1749.0,3.0,17.0,En Operación
2018-06-17 02:20:00,0.0,1027.18,0.0,7.75,11.3,1750.0,3.0,17.0,En Operación
2018-06-17 02:25:00,0.0,1027.2,0.0,7.5,11.3,1751.0,3.0,17.0,En Operación
2018-06-17 02:30:00,0.0,1027.2,0.0,7.5,11.3,1752.0,3.0,17.0,En Operación
2018-06-17 02:35:00,0.0,1027.2,0.0,7.5,11.3,1753.0,3.0,17.0,En Operación
2018-06-17 02:40:00,0.0,1027.2,0.0,7.5,11.3,1754.0,3.0,17.0,En Operación
2018-06-17 02:45:00,0.0,1027.2,0.0,7.5,11.3,1755.0,3.0,17.0,En Operación
2018-06-17 02:50:00,0.0,1027.2,0.0,7.5,11.3,1756.0,3.0,17.0,En Operación
2018-06-17 02:55:00,0.0,1027.2,0.0,7.5,11.3,1757.0,3.0,17.0,En Operación
2018-06-17 03:00:00,0.0,1027.2,0.0,7.5,11.3,1758.0,3.0,17.0,En Operación
2018-06-17 03:05:00,0.0,1027.2,0.0,7.5,11.3,1759.0,3.0,17.0,En Operación
2018-06-17 03:10:00,0.0,1027.18,0.0,7.35,10.9,1760.0,3.0,17.0,En Operación
2018-06-17 03:15:00,0.0,1027.15,0.0,7.2,10.5,1761.0,3.0,17.0,En Operación
2018-06-17 03:20:00,0.0,1027.12,0.0,7.05,10.1,1762.0,3.0,17.0,En Operación
2018-06-17 03:25:00,0.0,1027.1,0.0,6.9,9.7,1763.0,3.0,17.0,En Operación
2018-06-17 03:30:00,0.0,1027.1,0.0,6.9,9.7,1764.0,3.0,17.0,En Operación
2018-06-17 03:35:00,0.0,1027.1,0.0,6.9,9.7,1765.0,3.0,17.0,En Operación
2018-06-17 03:40:00,0.0,1027.1,0.0,6.9,9.7,1766.0,3.0,17.0,En Operación
2018-06-17 03:45:00,0.0,1027.1,0.0,6.9,9.7,1767.0,3.0,17.0,En Operación
2018-06-17 03:50:00,0.0,1027.1,0.0,6.9,9.7,1768.0,3.0,17.0,En Operación
2018-06-17 03:55:00,0.0,1027.1,0.0,6.9,9.7,1769.0,3.0,17.0,En Operación
2018-06-17 04:00:00,0.0,1027.1,0.0,6.9,9.7,1770.0,3.0,17.0,En Operación
2018-06-17 04:05:00,0.0,1027.1,0.0,6.9,9.7,1771.0,3.0,17.0,En Operación
2018-06-17 04:10:00,0.0,1027.05,0.0,6.85,8.88,1772.0,3.0,17.0,En Operación
2018-06-17 04:15:00,0.0,1027.0,0.0,6.8,8.05,1773.0,3.0,17.0,En Operación
2018-06-17 04:20:00,0.0,1026.95,0.0,6.75,7.22,1774.0,3.0,17.0,En Operación
2018-06-17 04:25:00,0.0,1026.9,0.0,6.7,6.4,1775.0,3.0,17.0,En Operación
2018-06-17 04:30:00,0.0,1026.9,0.0,6.7,6.4,1776.0,3.0,17.0,En Operación
2018-06-17 04:35:00,0.0,1026.9,0.0,6.7,6.4,1777.0,3.0,17.0,En Operación
2018-06-17 04:40:00,0.0,1026.9,0.0,6.7,6.4,1778.0,3.0,17.0,En Operación
2018-06-17 04:45:00,0.0,1026.9,0.0,6.7,6.4,1779.0,3.0,17.0,En Operación
2018-06-17 04:50:00,0.0,1026.9,0.0,6.7,6.4,1780.0,3.0,17.0,En Operación
2018-06-17 04:55:00,0.0,1026.9,0.0,6.7,6.4,1781.0,3.0,17.0,En Operación
2018-06-17 05:00:00,0.0,1026.9,0.0,6.7,6.4,1782.0,3.0,17.0,En Operación
2018-06-17 05:05:00,0.0,1026.9,0.0,6.7,6.4,1783.0,3.0,17.0,En Operación
2018-06-17 05:10:00,0.0,1026.78,0.0,6.48,6.8,1784.0,3.0,17.0,En Operación
2018-06-17 05:15:00,0.0,1026.65,0.0,6.25,7.2,1785.0,3.0,17.0,En Operación
2018-06-17 05:20:00,0.0,1026.53,0.0,6.02,7.6,1786.0,3.0,17.0,En Operación
2018-06-17 05:25:00,0.0,1026.4,0.0,5.8,8.0,1787.0,3.0,17.0,En Operación
2018-06-17 05:30:00,0.0,1026.4,0.0,5.8,8.0,1788.0,3.0,17.0,En Operación
2018-06-17 05:35:00,0.0,1026.4,0.0,5.8,8.0,1789.0,3.0,17.0,En Operación
2018-06-17 05:40:00,0.0,1026.4,0.0,5.8,8.0,1790.0,3.0,17.0,En Operación
2018-06-17 05:45:00,0.0,1026.4,0.0,5.8,8.0,1791.0,3.0,17.0,En Operación
2018-06-17 05:50:00,0.0,1026.4,0.0,5.8,8.0,1792.0,3.0,17.0,En Operación
2018-06-17 05:55:00,0.0,1026.4,0.0,5.8,8.0,1793.0,3.0,17.0,En Operación
2018-06-17 06:00:00,0.0,1026.4,0.0,5.8,8.0,1794.0,3.0,17.0,En Operación
2018-06-17 06:05:00,0.0,1026.4,0.0,5.8,8.0,1795.0,3.0,17.0,En Operación
2018-06-17 06:10:00,0.0,1026.45,0.0,5.72,7.6,1796.0,3.0,17.0,En Operación
2018-06-17 06:15:00,0.0,1026.5,0.0,5.65,7.2,1797.0,3.0,17.0,En Operación
2018-06-17 06:20:00,0.0,1026.55,0.0,5.58,6.8,1798.0,3.0,17.0,En Operación
2018-06-17 06:25:00,0.0,1026.6,0.0,5.5,6.4,1799.0,3.0,17.0,En Operación
2018-06-17 06:30:00,0.0,1026.6,0.0,5.5,6.4,1800.0,3.0,17.0,En Operación
2018-06-17 06:35:00,0.0,1026.6,0.0,5.5,6.4,1801.0,3.0,17.0,En Operación
2018-06-17 06:40:00,0.0,1026.6,0.0,5.5,6.4,1802.0,3.0,17.0,En Operación
2018-06-17 06:45:00,0.0,1026.6,0.0,5.5,6.4,1803.0,3.0,17.0,En Operación
2018-06-17 06:50:00,0.0,1026.6,0.0,5.5,6.4,1804.0,3.0,17.0,En Operación
2018-06-17 06:55:00,0.0,1026.6,0.0,5.5,6.4,1805.0,3.0,17.0,En Operación
2018-06-17 07:00:00,0.0,1026.6,0.0,5.5,6.4,1806.0,3.0,17.0,En Operación
2018-06-17 07:05:00,0.0,1026.6,0.0,5.5,6.4,1807.0,3.0,17.0,En Operación
2018-06-17 07:10:00,0.0,1026.65,0.0,5.42,6.8,1808.0,3.0,17.0,En Operación
2018-06-17 07:15:00,0.0,1026.7,0.0,5.35,7.2,1809.0,3.0,17.0,En Operación
2018-06-17 07:20:00,0.0,1026.75,0.0,5.28,7.6,1810.0,3.0,17.0,En Operación
2018-06-17 07:25:00,0.0,1026.8,0.0,5.2,8.0,1811.0,3.0,17.0,En Operación
2018-06-17 07:30:00,0.0,1026.8,0.0,5.2,8.0,1812.0,3.0,17.0,En Operación
2018-06-17 07:35:00,0.0,1026.8,0.0,5.2,8.0,1813.0,3.0,17.0,En Operación
2018-06-17 07:40:00,0.0,1026.8,0.0,5.2,8.0,1814.0,3.0,17.0,En Operación
2018-06-17 07:45:00,0.0,1026.8,0.0,5.2,8.0,1815.0,3.0,17.0,En Operación
2018-06-17 07:50:00,0.0,1026.8,0.0,5.2,8.0,1816.0,3.0,17.0,En Operación
2018-06-17 07:55:00,0.0,1026.8,0.0,5.2,8.0,1817.0,3.0,17.0,En Operación
2018-06-17 08:00:00,0.0,1026.8,0.0,5.2,8.0,1818.0,3.0,17.0,En Operación
2018-06-17 08:05:00,0.0,1026.8,0.0,5.2,8.0,1819.0,3.0,17.0,En Operación
2018-06-17 08:10:00,0.0,1026.88,0.0,5.2,8.0,1820.0,3.0,17.0,En Operación
2018-06-17 08:15:00,0.0,1026.95,0.0,5.2,8.0,1821.0,3.0,17.0,En Operación
2018-06-17 08:20:00,0.0,1027.02,0.0,5.2,8.0,1822.0,3.0,17.0,En Operación
2018-06-17 08:25:00,0.0,1027.1,0.0,5.2,8.0,1823.0,3.0,17.0,En Operación
2018-06-17 08:30:00,0.0,1027.1,0.0,5.2,8.0,1824.0,3.0,17.0,En Operación
2018-06-17 08:35:00,0.0,1027.1,0.0,5.2,8.0,1825.0,3.0,17.0,En Operación
2018-06-17 08:40:00,0.0,1027.1,0.0,5.2,8.0,1826.0,3.0,17.0,En Operación
2018-06-17 08:45:00,0.0,1027.1,0.0,5.2,8.0,1827.0,3.0,17.0,En Operación
2018-06-17 08:50:00,0.0,1027.1,0.0,5.2,8.0,1828.0,3.0,17.0,En Operación
2018-06-17 08:55:00,0.0,1027.1,0.0,5.2,8.0,1829.0,3.0,17.0,En Operación
2018-06-17 09:00:00,0.0,1027.1,0.0,5.2,8.0,1830.0,3.0,17.0,En Operación
2018-06-17 09:05:00,0.0,1027.1,0.0,5.2,8.0,1831.0,3.0,17.0,En Operación
2018-06-17 09:10:00,0.0,1027.12,0.0,5.4,8.82,1832.0,3.0,17.0,En Operación
2018-06-17 09:15:00,0.0,1027.15,0.0,5.6,9.65,1833.0,3.0,17.0,En Operación
2018-06-17 09:20:00,0.0,1027.18,0.0,5.8,10.48,1834.0,3.0,17.0,En Operación
2018-06-17 09:25:00,0.0,1027.2,0.0,6.0,11.3,1835.0,3.0,17.0,En Operación
2018-06-17 09:30:00,0.0,1027.2,0.0,6.0,11.3,1836.0,3.0,17.0,En Operación
2018-06-17 09:35:00,0.0,1027.2,0.0,6.0,11.3,1837.0,3.0,17.0,En Operación
2018-06-17 09:40:00,0.0,1027.2,0.0,6.42,11.3,1838.0,3.0,17.0,En Operación
2018-06-17 09:45:00,0.0,1027.2,0.0,6.85,11.3,1839.0,3.0,17.0,En Operación
2018-06-17 09:50:00,0.0,1027.2,0.0,7.28,11.3,1840.0,3.0,17.0,En Operación
2018-06-17 09:55:00,0.0,1027.2,0.0,7.7,11.3,1841.0,3.0,17.0,En Operación
2018-06-17 10:00:00,0.0,1027.2,0.0,7.7,11.3,1842.0,3.0,17.0,En Operación
2018-06-17 10:05:00,0.0,1027.2,0.0,7.7,11.3,1843.0,3.0,17.0,En Operación
2018-06-17 10:10:00,0.0,1027.22,0.0,8.15,11.3,1844.0,3.0,17.0,En Operación
2018-06-17 10:15:00,0.0,1027.25,0.0,8.6,11.3,1845.0,3.0,17.0,En Operación
2018-06-17 10:20:00,0.0,1027.28,0.0,9.05,11.3,1846.0,3.0,17.0,En Operación
2018-06-17 10:25:00,0.0,1027.3,0.0,9.5,11.3,1847.0,3.0,17.0,En Operación
2018-06-17 10:30:00,0.0,1027.3,0.0,9.5,11.3,1848.0,3.0,17.0,En Operación
2018-06-17 10:35:00,0.0,1027.3,0.0,9.5,11.3,1849.0,3.0,17.0,En Operación
2018-06-17 10:40:00,0.0,1027.32,0.0,9.82,11.3,1850.0,3.0,17.0,En Operación
2018-06-17 10:45:00,0.0,1027.35,0.0,10.15,11.3,1851.0,5.0,15.0,En Operación
2018-06-17 10:50:00,0.0,1027.38,0.0,10.48,11.3,1852.0,5.0,15.0,En Operación
2018-06-17 10:55:00,0.0,1027.4,0.0,10.8,11.3,1853.0,5.0,15.0,En Operación
2018-06-17 11:00:00,0.0,1027.4,0.0,10.8,11.3,1854.0,5.0,15.0,En Operación
2018-06-17 11:05:00,0.0,1027.4,0.0,10.8,11.3,1855.0,3.0,17.0,En Operación
2018-06-17 11:10:00,0.0,1027.4,0.0,10.88,11.7,1856.0,3.0,17.0,En Operación
2018-06-17 11:15:00,0.0,1027.4,0.0,10.95,12.1,1857.0,3.0,17.0,En Operación
2018-06-17 11:20:00,0.0,1027.4,0.0,11.02,12.5,1858.0,2.0,18.0,En Operación
2018-06-17 11:25:00,0.0,1027.4,0.0,11.1,12.9,1859.0,2.0,18.0,En Operación
2018-06-17 11:30:00,0.0,1027.4,0.0,11.1,12.9,1860.0,2.0,18.0,En Operación
2018-06-17 11:35:00,0.0,1027.4,0.0,11.1,12.9,1861.0,2.0,18.0,En Operación
2018-06-17 11:40:00,0.0,1027.4,0.0,11.1,12.9,1862.0,2.0,18.0,En Operación
2018-06-17 11:45:00,0.0,1027.4,0.0,11.1,12.9,1863.0,2.0,18.0,En Operación
2018-06-17 11:50:00,0.0,1027.4,0.0,11.1,12.9,1864.0,2.0,18.0,En Operación
2018-06-17 11:55:00,0.0,1027.4,0.0,11.1,12.9,1865.0,2.0,18.0,En Operación
2018-06-17 12:00:00,0.0,1027.4,0.0,11.1,12.9,1866.0,2.0,18.0,En Operación
2018-06-17 12:05:00,0.0,1027.4,0.0,11.1,12.9,1867.0,2.0,18.0,En Operación
2018-06-17 12:10:00,0.0,1027.32,0.0,11.5,12.9,1868.0,3.0,17.0,En Operación
2018-06-17 12:15:00,0.0,1027.25,0.0,11.9,12.9,1869.0,3.0,17.0,En Operación
2018-06-17 12:20:00,0.0,1027.18,0.0,12.3,12.9,1870.0,3.0,17.0,En Operación
2018-06-17 12:25:00,0.0,1027.1,0.0,12.7,12.9,1871.0,3.0,17.0,En Operación
2018-06-17 12:30:00,0.0,1027.1,0.0,12.7,12.9,1872.0,4.0,16.0,En Operación
2018-06-17 12:35:00,0.0,1027.1,0.0,12.7,12.9,1873.0,3.0,17.0,En Operación
2018-06-17 12:40:00,0.0,1027.1,0.0,12.7,12.9,1874.0,2.0,18.0,En Operación
2018-06-17 12:45:00,0.0,1027.1,0.0,12.7,12.9,1875.0,1.0,19.0,En Operación
2018-06-17 12:50:00,0.0,1027.1,0.0,12.7,12.9,1876.0,2.0,18.0,En Operación
2018-06-17 12:55:00,0.0,1027.1,0.0,12.7,12.9,1877.0,3.0,17.0,En Operación
2018-06-17 13:00:00,0.0,1027.1,0.0,12.7,12.9,1878.0,3.0,17.0,En Operación
2018-06-17 13:05:00,0.0,1027.1,0.0,12.7,12.9,1879.0,2.0,18.0,En Operación
2018-06-17 13:10:00,0.0,1027.0,0.0,13.02,11.68,1880.0,2.0,18.0,En Operación
2018-06-17 13:15:00,0.0,1026.9,0.0,13.35,10.45,1881.0,2.0,18.0,En Operación
2018-06-17 13:20:00,0.0,1026.8,0.0,13.68,9.22,1882.0,2.0,18.0,En Operación
2018-06-17 13:25:00,0.0,1026.7,0.0,14.0,8.0,1883.0,2.0,18.0,En Operación
2018-06-17 13:30:00,0.0,1026.7,0.0,14.0,8.0,1884.0,2.0,18.0,En Operación
2018-06-17 13:35:00,0.0,1026.7,0.0,14.0,8.0,1885.0,2.0,18.0,En Operación
2018-06-17 13:40:00,0.0,1026.7,0.0,14.0,8.0,1886.0,3.0,17.0,En Operación
2018-06-17 13:45:00,0.0,1026.7,0.0,14.0,8.0,1887.0,3.0,17.0,En Operación
2018-06-17 13:50:00,0.0,1026.7,0.0,14.0,8.0,1888.0,3.0,17.0,En Operación
2018-06-17 13:55:00,0.0,1026.7,0.0,14.0,8.0,1889.0,3.0,17.0,En Operación
2018-06-17 14:00:00,0.0,1026.7,0.0,14.0,8.0,1890.0,3.0,17.0,En Operación
2018-06-17 14:05:00,0.0,1026.7,0.0,14.0,8.0,1891.0,3.0,17.0,En Operación
2018-06-17 14:10:00,0.0,1026.45,0.0,14.2,7.2,1892.0,5.0,15.0,En Operación
2018-06-17 14:15:00,0.0,1026.2,0.0,14.4,6.4,1893.0,2.0,18.0,En Operación
2018-06-17 14:20:00,0.0,1025.95,0.0,14.6,5.6,1894.0,1.0,19.0,En Operación
2018-06-17 14:25:00,0.0,1025.7,0.0,14.8,4.8,1895.0,1.0,19.0,En Operación
2018-06-17 14:30:00,0.0,1025.7,0.0,14.8,4.8,1896.0,1.0,19.0,En Operación
2018-06-17 14:35:00,0.0,1025.7,0.0,14.8,4.8,1897.0,1.0,19.0,En Operación
2018-06-17 14:40:00,0.0,1025.7,0.0,14.8,4.8,1898.0,1.0,19.0,En Operación
2018-06-17 14:45:00,0.0,1025.7,0.0,14.8,4.8,1899.0,2.0,18.0,En Operación
2018-06-17 14:50:00,0.0,1025.7,0.0,14.8,4.8,1900.0,1.0,19.0,En Operación
2018-06-17 14:55:00,0.0,1025.7,0.0,14.8,4.8,1901.0,2.0,18.0,En Operación
2018-06-17 15:00:00,0.0,1025.7,0.0,14.8,4.8,1902.0,3.0,17.0,En Operación
2018-06-17 15:05:00,0.0,1025.7,0.0,14.8,4.8,1903.0,3.0,17.0,En Operación
2018-06-17 15:10:00,0.0,1025.45,0.0,14.78,5.2,1904.0,3.0,17.0,En Operación
2018-06-17 15:15:00,0.0,1025.2,0.0,14.75,5.6,1905.0,4.0,16.0,En Operación
2018-06-17 15:20:00,0.0,1024.95,0.0,14.72,6.0,1906.0,4.0,16.0,En Operación
2018-06-17 15:25:00,0.0,1024.7,0.0,14.7,6.4,1907.0,4.0,16.0,En Operación
2018-06-17 15:30:00,0.0,1024.7,0.0,14.7,6.4,1908.0,4.0,16.0,En Operación
2018-06-17 15:35:00,0.0,1024.7,0.0,14.7,6.4,1909.0,4.0,16.0,En Operación
2018-06-17 15:40:00,0.0,1024.7,0.0,14.7,6.4,1910.0,4.0,16.0,En Operación
2018-06-17 15:45:00,0.0,1024.7,0.0,14.7,6.4,1911.0,5.0,15.0,En Operación
2018-06-17 15:50:00,0.0,1024.7,0.0,14.7,6.4,1912.0,5.0,15.0,En Operación
2018-06-17 15:55:00,0.0,1024.7,0.0,14.7,6.4,1913.0,5.0,15.0,En Operación
2018-06-17 16:00:00,0.0,1024.7,0.0,14.7,6.4,1914.0,6.0,14.0,En Operación
2018-06-17 16:05:00,0.0,1024.7,0.0,14.7,6.4,1915.0,5.0,15.0,En Operación
2018-06-17 16:10:00,0.0,1024.6,0.0,14.58,7.22,1916.0,4.0,16.0,En Operación
2018-06-17 16:15:00,0.0,1024.5,0.0,14.45,8.05,1917.0,4.0,16.0,En Operación
2018-06-17 16:20:00,0.0,1024.4,0.0,14.32,8.88,1918.0,4.0,16.0,En Operación
2018-06-17 16:25:00,0.0,1024.3,0.0,14.2,9.7,1919.0,4.0,16.0,En Operación
2018-06-17 16:30:00,0.0,1024.3,0.0,14.2,9.7,1920.0,4.0,16.0,En Operación
2018-06-17 16:35:00,0.0,1024.3,0.0,14.2,9.7,1921.0,4.0,16.0,En Operación
2018-06-17 16:40:00,0.0,1024.3,0.0,14.2,9.7,1922.0,3.0,17.0,En Operación
2018-06-17 16:45:00,0.0,1024.3,0.0,14.2,9.7,1923.0,4.0,16.0,En Operación
2018-06-17 16:50:00,0.0,1024.3,0.0,14.2,9.7,1924.0,3.0,17.0,En Operación
2018-06-17 16:55:00,0.0,1024.3,0.0,14.2,9.7,1925.0,3.0,17.0,En Operación
2018-06-17 17:00:00,0.0,1024.3,0.0,14.2,9.7,1926.0,2.0,18.0,En Operación
2018-06-17 17:05:00,0.0,1024.3,0.0,14.2,9.7,1927.0,2.0,18.0,En Operación
2018-06-17 17:10:00,0.0,1024.18,0.0,13.9,10.1,1928.0,2.0,18.0,En Operación
2018-06-17 17:15:00,0.0,1024.05,0.0,13.6,10.5,1929.0,2.0,18.0,En Operación
2018-06-17 17:20:00,0.0,1023.92,0.0,13.3,10.9,1930.0,0.0,20.0,En Operación
2018-06-17 17:25:00,0.0,1023.8,0.0,13.0,11.3,1931.0,0.0,19.0,En Operación
2018-06-17 17:30:00,0.0,1023.8,0.0,13.0,11.3,1932.0,0.0,19.0,En Operación
2018-06-17 17:35:00,0.0,1023.8,0.0,13.0,11.3,1933.0,0.0,19.0,En Operación
2018-06-17 17:40:00,0.0,1023.8,0.0,13.0,11.3,1934.0,0.0,19.0,En Operación
2018-06-17 17:45:00,0.0,1023.8,0.0,13.0,11.3,1935.0,0.0,19.0,En Operación
2018-06-17 17:50:00,0.0,1023.8,0.0,13.0,11.3,1936.0,0.0,19.0,En Operación
2018-06-17 17:55:00,0.0,1023.8,0.0,13.0,11.3,1937.0,0.0,19.0,En Operación
2018-06-17 18:00:00,0.0,1023.8,0.0,13.0,11.3,1938.0,0.0,19.0,En Operación
2018-06-17 18:05:00,0.0,1023.8,0.0,13.0,11.3,1939.0,0.0,19.0,En Operación
2018-06-17 18:10:00,0.0,1023.95,0.0,12.65,10.08,1940.0,0.0,19.0,En Operación
2018-06-17 18:15:00,0.0,1024.1,0.0,12.3,8.85,1941.0,0.0,19.0,En Operación
2018-06-17 18:20:00,0.0,1024.25,0.0,11.95,7.62,1942.0,0.0,19.0,En Operación
2018-06-17 18:25:00,0.0,1024.4,0.0,11.6,6.4,1943.0,0.0,19.0,En Operación
2018-06-17 18:30:00,0.0,1024.4,0.0,11.6,6.4,1944.0,1.0,18.0,En Operación
2018-06-17 18:35:00,0.0,1024.4,0.0,11.6,6.4,1945.0,0.0,19.0,En Operación
2018-06-17 18:40:00,0.0,1024.4,0.0,11.6,6.4,1946.0,0.0,19.0,En Operación
2018-06-17 18:45:00,0.0,1024.4,0.0,11.6,6.4,1947.0,0.0,19.0,En Operación
2018-06-17 18:50:00,0.0,1024.4,0.0,11.6,6.4,1948.0,0.0,19.0,En Operación
2018-06-17 18:55:00,0.0,1024.4,0.0,11.6,6.4,1949.0,0.0,19.0,En Operación
2018-06-17 19:00:00,0.0,1024.4,0.0,11.6,6.4,1950.0,0.0,19.0,En Operación
2018-06-17 19:05:00,0.0,1024.4,0.0,11.6,6.4,1951.0,1.0,18.0,En Operación
2018-06-17 19:10:00,0.0,1024.35,0.0,11.15,5.6,1952.0,2.0,17.0,En Operación
2018-06-17 19:15:00,0.0,1024.3,0.0,10.7,4.8,1953.0,2.0,17.0,En Operación
2018-06-17 19:20:00,0.0,1024.25,0.0,10.25,4.0,1954.0,2.0,17.0,En Operación
2018-06-17 19:25:00,0.0,1024.2,0.0,9.8,3.2,1955.0,0.0,19.0,En Operación
2018-06-17 19:30:00,0.0,1024.2,0.0,9.8,3.2,1956.0,0.0,19.0,En Operación
2018-06-17 19:35:00,0.0,1024.2,0.0,9.8,3.2,1957.0,0.0,19.0,En Operación
2018-06-17 19:40:00,0.0,1024.2,0.0,9.8,3.2,1958.0,0.0,19.0,En Operación
2018-06-17 19:45:00,0.0,1024.2,0.0,9.8,3.2,1959.0,0.0,19.0,En Operación
2018-06-17 19:50:00,0.0,1024.2,0.0,9.8,3.2,1960.0,0.0,19.0,En Operación
2018-06-17 19:55:00,0.0,1024.2,0.0,9.8,3.2,1961.0,0.0,19.0,En Operación
2018-06-17 20:00:00,0.0,1024.2,0.0,9.8,3.2,1962.0,0.0,19.0,En Operación
2018-06-17 20:05:00,0.0,1024.2,0.0,9.8,3.2,1963.0,0.0,19.0,En Operación
2018-06-17 20:10:00,0.0,1024.22,0.0,9.95,3.6,1964.0,0.0,19.0,En Operación
2018-06-17 20:15:00,0.0,1024.25,0.0,10.1,4.0,1965.0,0.0,19.0,En Operación
2018-06-17 20:20:00,0.0,1024.28,0.0,10.25,4.4,1966.0,0.0,19.0,En Operación
2018-06-17 20:25:00,0.0,1024.3,0.0,10.4,4.8,1967.0,0.0,19.0,En Operación
2018-06-17 20:30:00,0.0,1024.3,0.0,10.4,4.8,1968.0,0.0,19.0,En Operación
2018-06-17 20:35:00,0.0,1024.3,0.0,10.4,4.8,1969.0,1.0,18.0,En Operación
2018-06-17 20:40:00,0.0,1024.3,0.0,10.4,4.8,1970.0,1.0,18.0,En Operación
2018-06-17 20:45:00,0.0,1024.3,0.0,10.4,4.8,1971.0,1.0,18.0,En Operación
2018-06-17 20:50:00,0.0,1024.3,0.0,10.4,4.8,1972.0,2.0,16.0,En Operación
2018-06-17 20:55:00,0.0,1024.3,0.0,10.4,4.8,1973.0,4.0,16.0,En Operación
2018-06-17 21:00:00,0.0,1024.3,0.0,10.4,4.8,1974.0,3.0,17.0,En Operación
2018-06-17 21:05:00,0.0,1024.3,0.0,10.4,4.8,1975.0,5.0,15.0,En Operación
2018-06-17 21:10:00,0.0,1024.38,0.0,10.05,4.8,1976.0,4.0,16.0,En Operación
2018-06-17 21:15:00,0.0,1024.45,0.0,9.7,4.8,1977.0,5.0,15.0,En Operación
2018-06-17 21:20:00,0.0,1024.52,0.0,9.35,4.8,1978.0,5.0,15.0,En Operación
2018-06-17 21:25:00,0.0,1024.6,0.0,9.0,4.8,1979.0,7.0,13.0,En Operación
2018-06-17 21:30:00,0.0,1024.6,0.0,9.0,4.8,1980.0,7.0,13.0,En Operación
2018-06-17 21:35:00,0.0,1024.6,0.0,9.0,4.8,1981.0,7.0,13.0,En Operación
2018-06-17 21:40:00,0.0,1024.6,0.0,9.0,4.8,1982.0,7.0,13.0,En Operación
2018-06-17 21:45:00,0.0,1024.6,0.0,9.0,4.8,1983.0,7.0,13.0,En Operación
2018-06-17 21:50:00,0.0,1024.6,0.0,9.0,4.8,1984.0,7.0,13.0,En Operación
2018-06-17 21:55:00,0.0,1024.6,0.0,9.0,4.8,1985.0,7.0,13.0,En Operación
2018-06-17 22:00:00,0.0,1024.6,0.0,9.0,4.8,1986.0,7.0,13.0,En Operación
2018-06-17 22:05:00,0.0,1024.6,0.0,9.0,4.8,1987.0,7.0,13.0,En Operación
2018-06-17 22:10:00,0.0,1024.52,0.0,9.22,5.2,1988.0,7.0,13.0,En Operación
2018-06-17 22:15:00,0.0,1024.45,0.0,9.45,5.6,1989.0,6.0,14.0,En Operación
2018-06-17 22:20:00,0.0,1024.38,0.0,9.68,6.0,1990.0,8.0,12.0,En Operación
2018-06-17 22:25:00,0.0,1024.3,0.0,9.9,6.4,1991.0,8.0,12.0,En Operación
2018-06-17 22:30:00,0.0,1024.3,0.0,9.9,6.4,1992.0,8.0,12.0,En Operación
2018-06-17 22:35:00,0.0,1024.3,0.0,9.9,6.4,1993.0,8.0,12.0,En Operación
2018-06-17 22:40:00,0.0,1024.3,0.0,9.9,6.4,1994.0,9.0,11.0,En Operación
2018-06-17 22:45:00,0.0,1024.3,0.0,9.9,6.4,1995.0,8.0,12.0,En Operación
2018-06-17 22:50:00,0.0,1024.3,0.0,9.9,6.4,1996.0,9.0,11.0,En Operación
2018-06-17 22:55:00,0.0,1024.3,0.0,9.9,6.4,1997.0,7.0,13.0,En Operación
2018-06-17 23:00:00,0.0,1024.3,0.0,9.9,6.4,1998.0,6.0,14.0,En Operación
2018-06-17 23:05:00,0.0,1024.3,0.0,9.9,6.4,1999.0,6.0,14.0,En Operación
2018-06-17 23:10:00,0.0,1024.35,0.0,9.78,6.8,2000.0,6.0,14.0,En Operación
2018-06-17 23:15:00,0.0,1024.4,0.0,9.65,7.2,2001.0,6.0,14.0,En Operación
2018-06-17 23:20:00,0.0,1024.45,0.0,9.52,7.6,2002.0,6.0,14.0,En Operación
2018-06-17 23:25:00,0.0,1024.5,0.0,9.4,8.0,2003.0,6.0,14.0,En Operación
2018-06-17 23:30:00,0.0,1024.5,0.0,9.4,8.0,2004.0,6.0,14.0,En Operación
2018-06-17 23:35:00,0.0,1024.5,0.0,9.4,8.0,2005.0,6.0,14.0,En Operación
2018-06-17 23:40:00,0.0,1024.5,0.0,9.4,8.0,2006.0,6.0,14.0,En Operación
2018-06-17 23:45:00,0.0,1024.5,0.0,9.4,8.0,2007.0,6.0,14.0,En Operación
2018-06-17 23:50:00,0.0,1024.5,0.0,9.4,8.0,2008.0,6.0,14.0,En Operación
2018-06-17 23:55:00,0.0,1024.5,0.0,9.4,8.0,2009.0,4.0,16.0,En Operación
2018-06-18 00:00:00,0.0,1024.5,0.0,9.4,8.0,2010.0,3.0,17.0,En Operación
2018-06-18 00:05:00,0.0,1024.5,0.0,9.4,8.0,2011.0,4.0,16.0,En Operación
2018-06-18 00:10:00,0.0,1024.45,0.0,9.32,8.0,2012.0,4.0,16.0,En Operación
2018-06-18 00:15:00,0.0,1024.4,0.0,9.25,8.0,2013.0,4.0,16.0,En Operación
2018-06-18 00:20:00,0.0,1024.35,0.0,9.18,8.0,2014.0,4.0,16.0,En Operación
2018-06-18 00:25:00,0.0,1024.3,0.0,9.1,8.0,2015.0,4.0,16.0,En Operación
2018-06-18 00:30:00,0.0,1024.3,0.0,9.1,8.0,2016.0,4.0,16.0,En Operación
2018-06-18 00:35:00,0.0,1024.3,0.0,9.1,8.0,2017.0,3.0,17.0,En Operación
2018-06-18 00:40:00,0.0,1024.3,0.0,9.1,8.0,2018.0,2.0,18.0,En Operación
2018-06-18 00:45:00,0.0,1024.3,0.0,9.1,8.0,2019.0,2.0,18.0,En Operación
2018-06-18 00:50:00,0.0,1024.3,0.0,9.1,8.0,2020.0,2.0,18.0,En Operación
2018-06-18 00:55:00,0.0,1024.3,0.0,9.1,8.0,2021.0,2.0,18.0,En Operación
2018-06-18 01:00:00,0.0,1024.3,0.0,9.1,8.0,2022.0,2.0,18.0,En Operación
2018-06-18 01:05:00,0.0,1024.3,0.0,9.1,8.0,2023.0,2.0,18.0,En Operación
2018-06-18 01:10:00,0.0,1024.32,0.0,9.0,8.0,2024.0,2.0,18.0,En Operación
2018-06-18 01:15:00,0.0,1024.35,0.0,8.9,8.0,2025.0,2.0,18.0,En Operación
2018-06-18 01:20:00,0.0,1024.38,0.0,8.8,8.0,2026.0,2.0,18.0,En Operación
2018-06-18 01:25:00,0.0,1024.4,0.0,8.7,8.0,2027.0,2.0,18.0,En Operación
2018-06-18 01:30:00,0.0,1024.4,0.0,8.7,8.0,2028.0,2.0,18.0,En Operación
2018-06-18 01:35:00,0.0,1024.4,0.0,8.7,8.0,2029.0,2.0,18.0,En Operación
2018-06-18 01:40:00,0.0,1024.4,0.0,8.7,8.0,2030.0,2.0,18.0,En Operación
2018-06-18 01:45:00,0.0,1024.4,0.0,8.7,8.0,2031.0,2.0,18.0,En Operación
2018-06-18 01:50:00,0.0,1024.4,0.0,8.7,8.0,2032.0,2.0,18.0,En Operación
2018-06-18 01:55:00,0.0,1024.4,0.0,8.7,8.0,2033.0,2.0,18.0,En Operación
2018-06-18 02:00:00,0.0,1024.4,0.0,8.7,8.0,2034.0,2.0,18.0,En Operación
2018-06-18 02:05:00,0.0,1024.4,0.0,8.7,8.0,2035.0,1.0,19.0,En Operación
2018-06-18 02:10:00,0.0,1024.32,0.0,8.57,8.43,2036.0,1.0,19.0,En Operación
2018-06-18 02:15:00,0.0,1024.25,0.0,8.45,8.85,2037.0,1.0,19.0,En Operación
2018-06-18 02:20:00,0.0,1024.18,0.0,8.32,9.27,2038.0,1.0,19.0,En Operación
2018-06-18 02:25:00,0.0,1024.1,0.0,8.2,9.7,2039.0,1.0,19.0,En Operación
2018-06-18 02:30:00,0.0,1024.1,0.0,8.2,9.7,2040.0,1.0,19.0,En Operación
2018-06-18 02:35:00,0.0,1024.1,0.0,8.2,9.7,2041.0,1.0,19.0,En Operación
2018-06-18 02:40:00,0.0,1024.1,0.0,8.2,9.7,2042.0,1.0,19.0,En Operación
2018-06-18 02:45:00,0.0,1024.1,0.0,8.2,9.7,2043.0,1.0,19.0,En Operación
2018-06-18 02:50:00,0.0,1024.1,0.0,8.2,9.7,2044.0,1.0,19.0,En Operación
2018-06-18 02:55:00,0.0,1024.1,0.0,8.2,9.7,2045.0,1.0,19.0,En Operación
2018-06-18 03:00:00,0.0,1024.1,0.0,8.2,9.7,2046.0,1.0,19.0,En Operación
2018-06-18 03:05:00,0.0,1024.1,0.0,8.2,9.7,2047.0,1.0,19.0,En Operación
2018-06-18 03:10:00,0.0,1024.05,0.0,8.15,8.88,2048.0,1.0,19.0,En Operación
2018-06-18 03:15:00,0.0,1024.0,0.0,8.1,8.05,2049.0,1.0,19.0,En Operación
2018-06-18 03:20:00,0.0,1023.95,0.0,8.05,7.22,2050.0,1.0,19.0,En Operación
2018-06-18 03:25:00,0.0,1023.9,0.0,8.0,6.4,2051.0,1.0,19.0,En Operación
2018-06-18 03:30:00,0.0,1023.9,0.0,8.0,6.4,2052.0,1.0,19.0,En Operación
2018-06-18 03:35:00,0.0,1023.9,0.0,8.0,6.4,2053.0,1.0,19.0,En Operación
2018-06-18 03:40:00,0.0,1023.9,0.0,8.0,6.4,2054.0,1.0,19.0,En Operación
2018-06-18 03:45:00,0.0,1023.9,0.0,8.0,6.4,2055.0,1.0,19.0,En Operación
2018-06-18 03:50:00,0.0,1023.9,0.0,8.0,6.4,2056.0,1.0,19.0,En Operación
2018-06-18 03:55:00,0.0,1023.9,0.0,8.0,6.4,2057.0,1.0,19.0,En Operación
2018-06-18 04:00:00,0.0,1023.9,0.0,8.0,6.4,2058.0,1.0,19.0,En Operación
2018-06-18 04:05:00,0.0,1023.9,0.0,8.0,6.4,2059.0,1.0,19.0,En Operación
2018-06-18 04:10:00,0.0,1023.88,0.0,7.9,6.8,2060.0,1.0,19.0,En Operación
2018-06-18 04:15:00,0.0,1023.85,0.0,7.8,7.2,2061.0,1.0,19.0,En Operación
2018-06-18 04:20:00,0.0,1023.82,0.0,7.7,7.6,2062.0,1.0,19.0,En Operación
2018-06-18 04:25:00,0.0,1023.8,0.0,7.6,8.0,2063.0,1.0,19.0,En Operación
2018-06-18 04:30:00,0.0,1023.8,0.0,7.6,8.0,2064.0,1.0,19.0,En Operación
2018-06-18 04:35:00,0.0,1023.8,0.0,7.6,8.0,2065.0,1.0,19.0,En Operación
2018-06-18 04:40:00,0.0,1023.8,0.0,7.6,8.0,2066.0,1.0,19.0,En Operación
2018-06-18 04:45:00,0.0,1023.8,0.0,7.6,8.0,2067.0,1.0,19.0,En Operación
2018-06-18 04:50:00,0.0,1023.8,0.0,7.6,8.0,2068.0,1.0,19.0,En Operación
2018-06-18 04:55:00,0.0,1023.8,0.0,7.6,8.0,2069.0,1.0,19.0,En Operación
2018-06-18 05:00:00,0.0,1023.8,0.0,7.6,8.0,2070.0,1.0,19.0,En Operación
2018-06-18 05:05:00,0.0,1023.8,0.0,7.6,8.0,2071.0,1.0,19.0,En Operación
2018-06-18 05:10:00,0.0,1023.82,0.0,7.6,8.0,2072.0,1.0,19.0,En Operación
2018-06-18 05:15:00,0.0,1023.85,0.0,7.6,8.0,2073.0,1.0,19.0,En Operación
2018-06-18 05:20:00,0.0,1023.88,0.0,7.6,8.0,2074.0,0.0,20.0,En Operación
2018-06-18 05:25:00,0.0,1023.9,0.0,7.6,8.0,2075.0,0.0,20.0,En Operación
2018-06-18 05:30:00,0.0,1023.9,0.0,7.6,8.0,2076.0,0.0,20.0,En Operación
2018-06-18 05:35:00,0.0,1023.9,0.0,7.6,8.0,2077.0,0.0,20.0,En Operación
2018-06-18 05:40:00,0.0,1023.9,0.0,7.6,8.0,2078.0,0.0,20.0,En Operación
2018-06-18 05:45:00,0.0,1023.9,0.0,7.6,8.0,2079.0,0.0,20.0,En Operación
2018-06-18 05:50:00,0.0,1023.9,0.0,7.6,8.0,2080.0,0.0,20.0,En Operación
2018-06-18 05:55:00,0.0,1023.9,0.0,7.6,8.0,2081.0,0.0,20.0,En Operación
2018-06-18 06:00:00,0.0,1023.9,0.0,7.6,8.0,2082.0,0.0,20.0,En Operación
2018-06-18 06:05:00,0.0,1023.9,0.0,7.6,8.0,2083.0,0.0,20.0,En Operación
2018-06-18 06:10:00,0.0,1023.88,0.0,7.55,8.82,2084.0,0.0,20.0,En Operación
2018-06-18 06:15:00,0.0,1023.85,0.0,7.5,9.65,2085.0,0.0,20.0,En Operación
2018-06-18 06:20:00,0.0,1023.82,0.0,7.45,10.48,2086.0,0.0,20.0,En Operación
2018-06-18 06:25:00,0.0,1023.8,0.0,7.4,11.3,2087.0,0.0,20.0,En Operación
2018-06-18 06:30:00,0.0,1023.8,0.0,7.4,11.3,2088.0,0.0,20.0,En Operación
2018-06-18 06:35:00,0.0,1023.8,0.0,7.4,11.3,2089.0,0.0,20.0,En Operación
2018-06-18 06:40:00,0.0,1023.8,0.0,7.4,11.3,2090.0,0.0,20.0,En Operación
2018-06-18 06:45:00,0.0,1023.8,0.0,7.4,11.3,2091.0,0.0,20.0,En Operación
2018-06-18 06:50:00,0.0,1023.8,0.0,7.4,11.3,2092.0,0.0,20.0,En Operación
2018-06-18 06:55:00,0.0,1023.8,0.0,7.4,11.3,2093.0,0.0,20.0,En Operación
2018-06-18 07:00:00,0.0,1023.8,0.0,7.4,11.3,2094.0,0.0,20.0,En Operación
2018-06-18 07:05:00,0.0,1023.8,0.0,7.4,11.3,2095.0,0.0,20.0,En Operación
2018-06-18 07:10:00,0.0,1023.88,0.0,7.28,10.48,2096.0,0.0,20.0,En Operación
2018-06-18 07:15:00,0.0,1023.95,0.0,7.15,9.65,2097.0,0.0,20.0,En Operación
2018-06-18 07:20:00,0.0,1024.02,0.0,7.02,8.82,2098.0,0.0,20.0,En Operación
2018-06-18 07:25:00,0.0,1024.1,0.0,6.9,8.0,2099.0,1.0,19.0,En Operación
2018-06-18 07:30:00,0.0,1024.1,0.0,6.9,8.0,2100.0,1.0,19.0,En Operación
2018-06-18 07:35:00,0.0,1024.1,0.0,6.9,8.0,2101.0,1.0,19.0,En Operación
2018-06-18 07:40:00,0.0,1024.1,0.0,6.9,8.0,2102.0,1.0,19.0,En Operación
2018-06-18 07:45:00,0.0,1024.1,0.0,6.9,8.0,2103.0,2.0,18.0,En Operación
2018-06-18 07:50:00,0.0,1024.1,0.0,6.9,8.0,2104.0,1.0,19.0,En Operación
2018-06-18 07:55:00,0.0,1024.1,0.0,6.9,8.0,2105.0,1.0,19.0,En Operación
2018-06-18 08:00:00,0.0,1024.1,0.0,6.9,8.0,2106.0,1.0,19.0,En Operación
2018-06-18 08:05:00,0.0,1024.1,0.0,6.9,8.0,2107.0,1.0,19.0,En Operación
2018-06-18 08:10:00,0.0,1024.25,0.0,6.85,8.0,2108.0,0.0,20.0,En Operación
2018-06-18 08:15:00,0.0,1024.4,0.0,6.8,8.0,2109.0,0.0,20.0,En Operación
2018-06-18 08:20:00,0.0,1024.55,0.0,6.75,8.0,2110.0,0.0,20.0,En Operación
2018-06-18 08:25:00,0.0,1024.7,0.0,6.7,8.0,2111.0,0.0,20.0,En Operación
2018-06-18 08:30:00,0.0,1024.7,0.0,6.7,8.0,2112.0,0.0,20.0,En Operación
2018-06-18 08:35:00,0.0,1024.7,0.0,6.7,8.0,2113.0,1.0,19.0,En Operación
2018-06-18 08:40:00,0.0,1024.7,0.0,6.7,8.0,2114.0,1.0,19.0,En Operación
2018-06-18 08:45:00,0.0,1024.7,0.0,6.7,8.0,2115.0,1.0,19.0,En Operación
2018-06-18 08:50:00,0.0,1024.7,0.0,6.7,8.0,2116.0,1.0,19.0,En Operación
2018-06-18 08:55:00,0.0,1024.7,0.0,6.7,8.0,2117.0,1.0,19.0,En Operación
2018-06-18 09:00:00,0.0,1024.7,0.0,6.7,8.0,2118.0,2.0,18.0,En Operación
2018-06-18 09:05:00,0.0,1024.7,0.0,6.7,8.0,2119.0,3.0,17.0,En Operación
2018-06-18 09:10:00,0.0,1024.72,0.0,6.9,8.43,2120.0,2.0,18.0,En Operación
2018-06-18 09:15:00,0.0,1024.75,0.0,7.1,8.85,2121.0,3.0,17.0,En Operación
2018-06-18 09:20:00,0.0,1024.78,0.0,7.3,9.27,2122.0,3.0,17.0,En Operación
2018-06-18 09:25:00,0.0,1024.8,0.0,7.5,9.7,2123.0,3.0,17.0,En Operación
2018-06-18 09:30:00,0.0,1024.8,0.0,7.5,9.7,2124.0,3.0,17.0,En Operación
2018-06-18 09:35:00,0.0,1024.8,0.0,7.5,9.7,2125.0,1.0,19.0,En Operación
2018-06-18 09:40:00,0.0,1024.85,0.0,7.98,9.7,2126.0,2.0,18.0,En Operación
2018-06-18 09:45:00,0.0,1024.9,0.0,8.45,9.7,2127.0,2.0,18.0,En Operación
2018-06-18 09:50:00,0.0,1024.95,0.0,8.93,9.7,2128.0,2.0,18.0,En Operación
2018-06-18 09:55:00,0.0,1025.0,0.0,9.4,9.7,2129.0,2.0,18.0,En Operación
2018-06-18 10:00:00,0.0,1025.0,0.0,9.4,9.7,2130.0,2.0,18.0,En Operación
2018-06-18 10:05:00,0.0,1025.0,0.0,9.4,9.7,2131.0,2.0,18.0,En Operación
2018-06-18 10:10:00,0.0,1025.05,0.0,9.88,9.7,2132.0,2.0,18.0,En Operación
2018-06-18 10:15:00,0.0,1025.1,0.0,10.35,9.7,2133.0,2.0,18.0,En Operación
2018-06-18 10:20:00,0.0,1025.15,0.0,10.82,9.7,2134.0,1.0,19.0,En Operación
2018-06-18 10:25:00,0.0,1025.2,0.0,11.3,9.7,2135.0,1.0,19.0,En Operación
2018-06-18 10:30:00,0.0,1025.2,0.0,11.3,9.7,2136.0,1.0,19.0,En Operación
2018-06-18 10:35:00,0.0,1025.2,0.0,11.3,9.7,2137.0,1.0,19.0,En Operación
2018-06-18 10:40:00,0.0,1025.2,0.0,11.65,8.88,2138.0,1.0,19.0,En Operación
2018-06-18 10:45:00,0.0,1025.2,0.0,12.0,8.05,2139.0,1.0,19.0,En Operación
2018-06-18 10:50:00,0.0,1025.2,0.0,12.35,7.22,2140.0,1.0,19.0,En Operación
2018-06-18 10:55:00,0.0,1025.2,0.0,12.7,6.4,2141.0,1.0,19.0,En Operación
2018-06-18 11:00:00,0.0,1025.2,0.0,12.7,6.4,2142.0,1.0,19.0,En Operación
2018-06-18 11:05:00,0.0,1025.2,0.0,12.7,6.4,2143.0,1.0,19.0,En Operación
2018-06-18 11:10:00,0.0,1025.59,0.0,12.46,5.6,2144.0,0.0,20.0,En Operación
2018-06-18 11:15:00,0.0,1025.97,0.0,12.22,4.8,2145.0,0.0,20.0,En Operación
2018-06-18 11:20:00,0.0,1026.36,0.0,11.99,4.0,2146.0,0.0,20.0,En Operación
2018-06-18 11:25:00,0.0,1026.75,0.0,11.75,3.2,2147.0,0.0,20.0,En Operación
2018-06-18 11:30:00,0.0,1026.75,0.0,11.75,3.2,2148.0,0.0,20.0,En Operación
2018-06-18 11:35:00,0.0,1026.75,0.0,11.75,3.2,2149.0,0.0,20.0,En Operación
2018-06-18 11:40:00,0.0,1026.75,0.0,11.75,3.2,2150.0,0.0,20.0,En Operación
2018-06-18 11:45:00,0.0,1026.75,0.0,11.75,3.2,2151.0,0.0,20.0,En Operación
2018-06-18 11:50:00,0.0,1026.75,0.0,11.75,3.2,2152.0,0.0,20.0,En Operación
2018-06-18 11:55:00,0.0,1026.75,0.0,11.75,3.2,2153.0,1.0,19.0,En Operación
2018-06-18 12:00:00,0.0,1026.75,0.0,11.75,3.2,2154.0,1.0,19.0,En Operación
2018-06-18 12:05:00,0.0,1026.75,0.0,11.75,3.2,2155.0,1.0,19.0,En Operación
2018-06-18 12:10:00,0.0,1026.7,0.0,11.82,4.01,2156.0,1.0,19.0,En Operación
2018-06-18 12:15:00,0.0,1026.65,0.0,11.9,4.82,2157.0,1.0,19.0,En Operación
2018-06-18 12:20:00,0.0,1026.6,0.0,11.98,5.64,2158.0,1.0,19.0,En Operación
2018-06-18 12:25:00,0.0,1026.55,0.0,12.05,6.45,2159.0,1.0,19.0,En Operación
2018-06-18 12:30:00,0.0,1026.55,0.0,12.05,6.45,2160.0,2.0,18.0,En Operación
2018-06-18 12:35:00,0.0,1026.55,0.0,12.05,6.45,2161.0,2.0,18.0,En Operación
2018-06-18 12:40:00,0.0,1026.55,0.0,12.05,6.45,2162.0,3.0,17.0,En Operación
2018-06-18 12:45:00,0.0,1026.55,0.0,12.05,6.45,2163.0,4.0,16.0,En Operación
2018-06-18 12:50:00,0.0,1026.55,0.0,12.05,6.45,2164.0,4.0,16.0,En Operación
2018-06-18 12:55:00,0.0,1026.55,0.0,12.05,6.45,2165.0,4.0,16.0,En Operación
2018-06-18 13:00:00,0.0,1026.55,0.0,12.05,6.45,2166.0,4.0,16.0,En Operación
2018-06-18 13:05:00,0.0,1026.55,0.0,12.05,6.45,2167.0,3.0,17.0,En Operación
2018-06-18 13:10:00,0.0,1026.38,0.0,12.24,6.05,2168.0,3.0,17.0,En Operación
2018-06-18 13:15:00,0.0,1026.2,0.0,12.42,5.65,2169.0,3.0,17.0,En Operación
2018-06-18 13:20:00,0.0,1026.02,0.0,12.61,5.25,2170.0,3.0,17.0,En Operación
2018-06-18 13:25:00,0.0,1025.85,0.0,12.8,4.85,2171.0,5.0,15.0,En Operación
2018-06-18 13:30:00,0.0,1025.85,0.0,12.8,4.85,2172.0,4.0,16.0,En Operación
2018-06-18 13:35:00,0.0,1025.85,0.0,12.8,4.85,2173.0,4.0,16.0,En Operación
2018-06-18 13:40:00,0.0,1025.85,0.0,12.8,4.85,2174.0,4.0,16.0,En Operación
2018-06-18 13:45:00,0.0,1025.85,0.0,12.8,4.85,2175.0,4.0,16.0,En Operación
2018-06-18 13:50:00,0.0,1025.85,0.0,12.8,4.85,2176.0,4.0,16.0,En Operación
2018-06-18 13:55:00,0.0,1025.85,0.0,12.8,4.85,2177.0,5.0,15.0,En Operación
2018-06-18 14:00:00,0.0,1025.85,0.0,12.8,4.85,2178.0,5.0,15.0,En Operación
2018-06-18 14:05:00,0.0,1025.85,0.0,12.8,4.85,2179.0,4.0,16.0,En Operación
2018-06-18 14:10:00,0.0,1025.7,0.0,12.92,4.24,2180.0,2.0,18.0,En Operación
2018-06-18 14:15:00,0.0,1025.55,0.0,13.05,3.62,2181.0,0.0,20.0,En Operación
2018-06-18 14:20:00,0.0,1025.4,0.0,13.18,3.01,2182.0,2.0,18.0,En Operación
2018-06-18 14:25:00,0.0,1025.25,0.0,13.3,2.4,2183.0,1.0,19.0,En Operación
2018-06-18 14:30:00,0.0,1025.25,0.0,13.3,2.4,2184.0,0.0,19.0,En Operación
2018-06-18 14:35:00,0.0,1025.25,0.0,13.3,2.4,2185.0,0.0,19.0,En Operación
2018-06-18 14:40:00,0.0,1025.25,0.0,13.3,2.4,2186.0,1.0,18.0,En Operación
2018-06-18 14:45:00,0.0,1025.25,0.0,13.3,2.4,2187.0,0.0,19.0,En Operación
2018-06-18 14:50:00,0.0,1025.25,0.0,13.3,2.4,2188.0,1.0,18.0,En Operación
2018-06-18 14:55:00,0.0,1025.25,0.0,13.3,2.4,2189.0,3.0,16.0,En Operación
2018-06-18 15:00:00,0.0,1025.25,0.0,13.3,2.4,2190.0,3.0,16.0,En Operación
2018-06-18 15:05:00,0.0,1025.25,0.0,13.3,2.4,2191.0,2.0,17.0,En Operación
2018-06-18 15:10:00,0.0,1025.16,0.0,13.29,2.6,2192.0,1.0,18.0,En Operación
2018-06-18 15:15:00,0.0,1025.08,0.0,13.28,2.8,2193.0,0.0,19.0,En Operación
2018-06-18 15:20:00,0.0,1024.99,0.0,13.26,3.0,2194.0,1.0,18.0,En Operación
2018-06-18 15:25:00,0.0,1024.9,0.0,13.25,3.2,2195.0,2.0,17.0,En Operación
2018-06-18 15:30:00,0.0,1024.9,0.0,13.25,3.2,2196.0,1.0,18.0,En Operación
2018-06-18 15:35:00,0.0,1024.9,0.0,13.25,3.2,2197.0,1.0,18.0,En Operación
2018-06-18 15:40:00,0.0,1024.9,0.0,13.25,3.2,2198.0,1.0,18.0,En Operación
2018-06-18 15:45:00,0.0,1024.9,0.0,13.25,3.2,2199.0,1.0,18.0,En Operación
2018-06-18 15:50:00,0.0,1024.9,0.0,13.25,3.2,2200.0,1.0,18.0,En Operación
2018-06-18 15:55:00,0.0,1024.9,0.0,13.25,3.2,2201.0,1.0,18.0,En Operación
2018-06-18 16:00:00,0.0,1024.9,0.0,13.25,3.2,2202.0,3.0,16.0,En Operación
2018-06-18 16:05:00,0.0,1024.9,0.0,13.25,3.2,2203.0,4.0,15.0,En Operación
2018-06-18 16:10:00,0.0,1024.88,0.0,13.15,3.0,2204.0,4.0,15.0,En Operación
2018-06-18 16:15:00,0.0,1024.85,0.0,13.05,2.8,2205.0,3.0,16.0,En Operación
2018-06-18 16:20:00,0.0,1024.82,0.0,12.95,2.6,2206.0,3.0,16.0,En Operación
2018-06-18 16:25:00,0.0,1024.8,0.0,12.85,2.4,2207.0,3.0,16.0,En Operación
2018-06-18 16:30:00,0.0,1024.8,0.0,12.85,2.4,2208.0,3.0,16.0,En Operación
2018-06-18 16:35:00,0.0,1024.8,0.0,12.85,2.4,2209.0,3.0,16.0,En Operación
2018-06-18 16:40:00,0.0,1024.8,0.0,12.85,2.4,2210.0,3.0,16.0,En Operación
2018-06-18 16:45:00,0.0,1024.8,0.0,12.85,2.4,2211.0,3.0,16.0,En Operación
2018-06-18 16:50:00,0.0,1024.8,0.0,12.85,2.4,2212.0,1.0,18.0,En Operación
2018-06-18 16:55:00,0.0,1024.8,0.0,12.85,2.4,2213.0,2.0,17.0,En Operación
2018-06-18 17:00:00,0.0,1024.8,0.0,12.85,2.4,2214.0,2.0,17.0,En Operación
2018-06-18 17:05:00,0.0,1024.8,0.0,12.85,2.4,2215.0,2.0,17.0,En Operación
2018-06-18 17:10:00,0.0,1024.75,0.0,12.68,2.6,2216.0,4.0,15.0,En Operación
2018-06-18 17:15:00,0.0,1024.7,0.0,12.5,2.8,2217.0,4.0,15.0,En Operación
2018-06-18 17:20:00,0.0,1024.65,0.0,12.32,3.0,2218.0,4.0,15.0,En Operación
2018-06-18 17:25:00,0.0,1024.6,0.0,12.15,3.2,2219.0,4.0,15.0,En Operación
2018-06-18 17:30:00,0.0,1024.6,0.0,12.15,3.2,2220.0,4.0,15.0,En Operación
2018-06-18 17:35:00,0.0,1024.6,0.0,12.15,3.2,2221.0,4.0,15.0,En Operación
2018-06-18 17:40:00,0.0,1024.6,0.0,12.15,3.2,2222.0,3.0,16.0,En Operación
2018-06-18 17:45:00,0.0,1024.6,0.0,12.15,3.2,2223.0,3.0,16.0,En Operación
2018-06-18 17:50:00,0.0,1024.6,0.0,12.15,3.2,2224.0,3.0,16.0,En Operación
2018-06-18 17:55:00,0.0,1024.6,0.0,12.15,3.2,2225.0,4.0,15.0,En Operación
2018-06-18 18:00:00,0.0,1024.6,0.0,12.15,3.2,2226.0,4.0,15.0,En Operación
2018-06-18 18:05:00,0.0,1024.6,0.0,12.15,3.2,2227.0,4.0,15.0,En Operación
2018-06-18 18:10:00,0.0,1024.62,0.0,11.92,2.4,2228.0,6.0,13.0,En Operación
2018-06-18 18:15:00,0.0,1024.65,0.0,11.7,1.6,2229.0,7.0,12.0,En Operación
2018-06-18 18:20:00,0.0,1024.68,0.0,11.48,0.8,2230.0,5.0,14.0,En Operación
2018-06-18 18:25:00,0.0,1024.7,0.0,11.25,0.0,2231.0,6.0,13.0,En Operación
2018-06-18 18:30:00,0.0,1024.7,0.0,11.25,0.0,2232.0,6.0,13.0,En Operación
2018-06-18 18:35:00,0.0,1024.7,0.0,11.25,0.0,2233.0,5.0,14.0,En Operación
2018-06-18 18:40:00,0.0,1024.7,0.0,11.25,0.0,2234.0,6.0,13.0,En Operación
2018-06-18 18:45:00,0.0,1024.7,0.0,11.25,0.0,2235.0,6.0,13.0,En Operación
2018-06-18 18:50:00,0.0,1024.7,0.0,11.25,0.0,2236.0,6.0,13.0,En Operación
2018-06-18 18:55:00,0.0,1024.7,0.0,11.25,0.0,2237.0,6.0,13.0,En Operación
2018-06-18 19:00:00,0.0,1024.7,0.0,11.25,0.0,2238.0,6.0,13.0,En Operación
2018-06-18 19:05:00,0.0,1024.7,0.0,11.25,0.0,2239.0,7.0,12.0,En Operación
2018-06-18 19:10:00,0.0,1024.71,0.0,11.25,0.6,2240.0,8.0,11.0,En Operación
2018-06-18 19:15:00,0.0,1024.72,0.0,11.25,1.2,2241.0,8.0,11.0,En Operación
2018-06-18 19:20:00,0.0,1024.74,0.0,11.25,1.8,2242.0,7.0,12.0,En Operación
2018-06-18 19:25:00,0.0,1024.75,0.0,11.25,2.4,2243.0,7.0,12.0,En Operación
2018-06-18 19:30:00,0.0,1024.75,0.0,11.25,2.4,2244.0,6.0,13.0,En Operación
2018-06-18 19:35:00,0.0,1024.75,0.0,11.25,2.4,2245.0,7.0,12.0,En Operación
2018-06-18 19:40:00,0.0,1024.75,0.0,11.25,2.4,2246.0,7.0,12.0,En Operación
2018-06-18 19:45:00,0.0,1024.75,0.0,11.25,2.4,2247.0,7.0,12.0,En Operación
2018-06-18 19:50:00,0.0,1024.75,0.0,11.25,2.4,2248.0,7.0,12.0,En Operación
2018-06-18 19:55:00,0.0,1024.75,0.0,11.25,2.4,2249.0,7.0,12.0,En Operación
2018-06-18 20:00:00,0.0,1024.75,0.0,11.25,2.4,2250.0,7.0,12.0,En Operación
2018-06-18 20:05:00,0.0,1024.75,0.0,11.25,2.4,2251.0,7.0,12.0,En Operación
2018-06-18 20:10:00,0.0,1024.72,0.0,11.14,2.0,2252.0,7.0,12.0,En Operación
2018-06-18 20:15:00,0.0,1024.7,0.0,11.02,1.6,2253.0,7.0,12.0,En Operación
2018-06-18 20:20:00,0.0,1024.68,0.0,10.91,1.2,2254.0,6.0,13.0,En Operación
2018-06-18 20:25:00,0.0,1024.65,0.0,10.8,0.8,2255.0,6.0,13.0,En Operación
2018-06-18 20:30:00,0.0,1024.65,0.0,10.8,0.8,2256.0,6.0,13.0,En Operación
2018-06-18 20:35:00,0.0,1024.65,0.0,10.8,0.8,2257.0,6.0,13.0,En Operación
2018-06-18 20:40:00,0.0,1024.65,0.0,10.8,0.8,2258.0,7.0,12.0,En Operación
2018-06-18 20:45:00,0.0,1024.65,0.0,10.8,0.8,2259.0,7.0,12.0,En Operación
2018-06-18 20:50:00,0.0,1024.65,0.0,10.8,0.8,2260.0,7.0,12.0,En Operación
2018-06-18 20:55:00,0.0,1024.65,0.0,10.8,0.8,2261.0,7.0,12.0,En Operación
2018-06-18 21:00:00,0.0,1024.65,0.0,10.8,0.8,2262.0,7.0,12.0,En Operación
2018-06-18 21:05:00,0.0,1024.65,0.0,10.8,0.8,2263.0,7.0,12.0,En Operación
2018-06-18 21:10:00,0.0,1024.61,0.0,10.85,1.6,2264.0,6.0,13.0,En Operación
2018-06-18 21:15:00,0.0,1024.58,0.0,10.9,2.4,2265.0,6.0,13.0,En Operación
2018-06-18 21:20:00,0.0,1024.54,0.0,10.95,3.2,2266.0,6.0,13.0,En Operación
2018-06-18 21:25:00,0.0,1024.5,0.0,11.0,4.0,2267.0,7.0,12.0,En Operación
2018-06-18 21:30:00,0.0,1024.5,0.0,11.0,4.0,2268.0,8.0,11.0,En Operación
2018-06-18 21:35:00,0.0,1024.5,0.0,11.0,4.0,2269.0,8.0,11.0,En Operación
2018-06-18 21:40:00,0.0,1024.5,0.0,11.0,4.0,2270.0,9.0,10.0,En Operación
2018-06-18 21:45:00,0.0,1024.5,0.0,11.0,4.0,2271.0,10.0,9.0,En Operación
2018-06-18 21:50:00,0.0,1024.5,0.0,11.0,4.0,2272.0,10.0,9.0,En Operación
2018-06-18 21:55:00,0.0,1024.5,0.0,11.0,4.0,2273.0,10.0,9.0,En Operación
2018-06-18 22:00:00,0.0,1024.5,0.0,11.0,4.0,2274.0,10.0,9.0,En Operación
2018-06-18 22:05:00,0.0,1024.5,0.0,11.0,4.0,2275.0,10.0,9.0,En Operación
2018-06-18 22:10:00,0.0,1024.45,0.0,10.99,3.6,2276.0,10.0,9.0,En Operación
2018-06-18 22:15:00,0.0,1024.4,0.0,10.98,3.2,2277.0,10.0,9.0,En Operación
2018-06-18 22:20:00,0.0,1024.35,0.0,10.96,2.8,2278.0,10.0,9.0,En Operación
2018-06-18 22:25:00,0.0,1024.3,0.0,10.95,2.4,2279.0,11.0,8.0,En Operación
2018-06-18 22:30:00,0.0,1024.3,0.0,10.95,2.4,2280.0,11.0,8.0,En Operación
2018-06-18 22:35:00,0.0,1024.3,0.0,10.95,2.4,2281.0,11.0,8.0,En Operación
2018-06-18 22:40:00,0.0,1024.3,0.0,10.95,2.4,2282.0,12.0,7.0,En Operación
2018-06-18 22:45:00,0.0,1024.3,0.0,10.95,2.4,2283.0,12.0,7.0,En Operación
2018-06-18 22:50:00,0.0,1024.3,0.0,10.95,2.4,2284.0,12.0,7.0,En Operación
2018-06-18 22:55:00,0.0,1024.3,0.0,10.95,2.4,2285.0,11.0,8.0,En Operación
2018-06-18 23:00:00,0.0,1024.3,0.0,10.95,2.4,2286.0,11.0,8.0,En Operación
2018-06-18 23:05:00,0.0,1024.3,0.0,10.95,2.4,2287.0,11.0,8.0,En Operación
2018-06-18 23:10:00,0.0,1024.28,0.0,10.94,2.6,2288.0,10.0,9.0,En Operación
2018-06-18 23:15:00,0.0,1024.25,0.0,10.92,2.8,2289.0,11.0,8.0,En Operación
2018-06-18 23:20:00,0.0,1024.22,0.0,10.91,3.0,2290.0,11.0,8.0,En Operación
2018-06-18 23:25:00,0.0,1024.2,0.0,10.9,3.2,2291.0,10.0,9.0,En Operación
2018-06-18 23:30:00,0.0,1024.2,0.0,10.9,3.2,2292.0,9.0,10.0,En Operación
2018-06-18 23:35:00,0.0,1024.2,0.0,10.9,3.2,2293.0,10.0,9.0,En Operación
2018-06-18 23:40:00,0.0,1024.2,0.0,10.9,3.2,2294.0,9.0,10.0,En Operación
2018-06-18 23:45:00,0.0,1024.2,0.0,10.9,3.2,2295.0,9.0,10.0,En Operación
2018-06-18 23:50:00,0.0,1024.2,0.0,10.9,3.2,2296.0,9.0,10.0,En Operación
2018-06-18 23:55:00,0.0,1024.2,0.0,10.9,3.2,2297.0,9.0,10.0,En Operación
2018-06-19 00:00:00,0.0,1024.2,0.0,10.9,3.2,2298.0,8.0,11.0,En Operación
2018-06-19 00:05:00,0.0,1024.2,0.0,10.9,3.2,2299.0,8.0,11.0,En Operación
2018-06-19 00:10:00,0.0,1024.2,0.0,10.81,3.0,2300.0,8.0,11.0,En Operación
2018-06-19 00:15:00,0.0,1024.2,0.0,10.73,2.8,2301.0,8.0,11.0,En Operación
2018-06-19 00:20:00,0.0,1024.2,0.0,10.64,2.6,2302.0,8.0,11.0,En Operación
2018-06-19 00:25:00,0.0,1024.2,0.0,10.55,2.4,2303.0,8.0,11.0,En Operación
2018-06-19 00:30:00,0.0,1024.2,0.0,10.55,2.4,2304.0,8.0,11.0,En Operación
2018-06-19 00:35:00,0.0,1024.2,0.0,10.55,2.4,2305.0,8.0,11.0,En Operación
2018-06-19 00:40:00,0.0,1024.2,0.0,10.55,2.4,2306.0,7.0,12.0,En Operación
2018-06-19 00:45:00,0.0,1024.2,0.0,10.55,2.4,2307.0,7.0,12.0,En Operación
2018-06-19 00:50:00,0.0,1024.2,0.0,10.55,2.4,2308.0,6.0,13.0,En Operación
2018-06-19 00:55:00,0.0,1024.2,0.0,10.55,2.4,2309.0,7.0,12.0,En Operación
2018-06-19 01:00:00,0.0,1024.2,0.0,10.55,2.4,2310.0,7.0,12.0,En Operación
2018-06-19 01:05:00,0.0,1024.2,0.0,10.55,2.4,2311.0,7.0,12.0,En Operación
2018-06-19 01:10:00,0.0,1024.2,0.0,10.5,2.8,2312.0,7.0,12.0,En Operación
2018-06-19 01:15:00,0.0,1024.2,0.0,10.45,3.2,2313.0,7.0,12.0,En Operación
2018-06-19 01:20:00,0.0,1024.2,0.0,10.4,3.6,2314.0,7.0,12.0,En Operación
2018-06-19 01:25:00,0.0,1024.2,0.0,10.35,4.0,2315.0,7.0,12.0,En Operación
2018-06-19 01:30:00,0.0,1024.2,0.0,10.35,4.0,2316.0,7.0,12.0,En Operación
2018-06-19 01:35:00,0.0,1024.2,0.0,10.35,4.0,2317.0,7.0,12.0,En Operación
2018-06-19 01:40:00,0.0,1024.2,0.0,10.35,4.0,2318.0,7.0,12.0,En Operación
2018-06-19 01:45:00,0.0,1024.2,0.0,10.35,4.0,2319.0,7.0,12.0,En Operación
2018-06-19 01:50:00,0.0,1024.2,0.0,10.35,4.0,2320.0,7.0,12.0,En Operación
2018-06-19 01:55:00,0.0,1024.2,0.0,10.35,4.0,2321.0,7.0,12.0,En Operación
2018-06-19 02:00:00,0.0,1024.2,0.0,10.35,4.0,2322.0,7.0,12.0,En Operación
2018-06-19 02:05:00,0.0,1024.2,0.0,10.35,4.0,2323.0,7.0,12.0,En Operación
2018-06-19 02:10:00,0.0,1024.18,0.0,10.2,3.6,2324.0,7.0,12.0,En Operación
2018-06-19 02:15:00,0.0,1024.15,0.0,10.05,3.2,2325.0,7.0,12.0,En Operación
2018-06-19 02:20:00,0.0,1024.12,0.0,9.9,2.8,2326.0,7.0,12.0,En Operación
2018-06-19 02:25:00,0.0,1024.1,0.0,9.75,2.4,2327.0,6.0,13.0,En Operación
2018-06-19 02:30:00,0.0,1024.1,0.0,9.75,2.4,2328.0,6.0,13.0,En Operación
2018-06-19 02:35:00,0.0,1024.1,0.0,9.75,2.4,2329.0,5.0,14.0,En Operación
2018-06-19 02:40:00,0.0,1024.1,0.0,9.75,2.4,2330.0,4.0,15.0,En Operación
2018-06-19 02:45:00,0.0,1024.1,0.0,9.75,2.4,2331.0,4.0,15.0,En Operación
2018-06-19 02:50:00,0.0,1024.1,0.0,9.75,2.4,2332.0,4.0,15.0,En Operación
2018-06-19 02:55:00,0.0,1024.1,0.0,9.75,2.4,2333.0,4.0,15.0,En Operación
2018-06-19 03:00:00,0.0,1024.1,0.0,9.75,2.4,2334.0,4.0,15.0,En Operación
2018-06-19 03:05:00,0.0,1024.1,0.0,9.75,2.4,2335.0,4.0,15.0,En Operación
2018-06-19 03:10:00,0.0,1024.07,0.0,9.71,2.4,2336.0,0.0,0.0,Fuera de Servicio
2018-06-19 03:15:00,0.0,1024.05,0.0,9.68,2.4,2337.0,0.0,0.0,Fuera de Servicio
2018-06-19 03:20:00,0.0,1024.03,0.0,9.64,2.4,2338.0,0.0,0.0,Fuera de Servicio
2018-06-19 03:25:00,0.0,1024.0,0.0,9.6,2.4,2339.0,0.0,0.0,Fuera de Servicio
2018-06-19 03:30:00,0.0,1024.0,0.0,9.6,2.4,2340.0,0.0,0.0,Fuera de Servicio
2018-06-19 03:35:00,0.0,1024.0,0.0,9.6,2.4,2341.0,0.0,0.0,Fuera de Servicio
2018-06-19 03:40:00,0.0,1024.0,0.0,9.6,2.4,2342.0,0.0,0.0,Fuera de Servicio
2018-06-19 03:45:00,0.0,1024.0,0.0,9.6,2.4,2343.0,0.0,0.0,Fuera de Servicio
2018-06-19 03:50:00,0.0,1024.0,0.0,9.6,2.4,2344.0,0.0,0.0,Fuera de Servicio
2018-06-19 03:55:00,0.0,1024.0,0.0,9.6,2.4,2345.0,0.0,0.0,Fuera de Servicio
2018-06-19 04:00:00,0.0,1024.0,0.0,9.6,2.4,2346.0,0.0,0.0,Fuera de Servicio
2018-06-19 04:05:00,0.0,1024.0,0.0,9.6,2.4,2347.0,0.0,0.0,Fuera de Servicio
2018-06-19 04:10:00,0.0,1023.94,0.0,9.64,2.6,2348.0,0.0,0.0,Fuera de Servicio
2018-06-19 04:15:00,0.0,1023.88,0.0,9.68,2.8,2349.0,0.0,0.0,Fuera de Servicio
2018-06-19 04:20:00,0.0,1023.81,0.0,9.71,3.0,2350.0,0.0,0.0,Fuera de Servicio
2018-06-19 04:25:00,0.0,1023.75,0.0,9.75,3.2,2351.0,0.0,0.0,Fuera de Servicio
2018-06-19 04:30:00,0.0,1023.75,0.0,9.75,3.2,2352.0,0.0,0.0,Fuera de Servicio
2018-06-19 04:35:00,0.0,1023.75,0.0,9.75,3.2,2353.0,0.0,0.0,Fuera de Servicio
2018-06-19 04:40:00,0.0,1023.75,0.0,9.75,3.2,2354.0,0.0,0.0,Fuera de Servicio
2018-06-19 04:45:00,0.0,1023.75,0.0,9.75,3.2,2355.0,0.0,0.0,Fuera de Servicio
2018-06-19 04:50:00,0.0,1023.75,0.0,9.75,3.2,2356.0,0.0,0.0,Fuera de Servicio
2018-06-19 04:55:00,0.0,1023.75,0.0,9.75,3.2,2357.0,0.0,0.0,Fuera de Servicio
2018-06-19 05:00:00,0.0,1023.75,0.0,9.75,3.2,2358.0,4.0,15.0,En Operación
2018-06-19 05:05:00,0.0,1023.75,0.0,9.75,3.2,2359.0,4.0,15.0,En Operación
2018-06-19 05:10:00,0.0,1023.69,0.0,9.68,3.0,2360.0,4.0,15.0,En Operación
2018-06-19 05:15:00,0.0,1023.62,0.0,9.6,2.8,2361.0,4.0,15.0,En Operación
2018-06-19 05:20:00,0.0,1023.56,0.0,9.52,2.6,2362.0,4.0,15.0,En Operación
2018-06-19 05:25:00,0.0,1023.5,0.0,9.45,2.4,2363.0,4.0,15.0,En Operación
2018-06-19 05:30:00,0.0,1023.5,0.0,9.45,2.4,2364.0,4.0,15.0,En Operación
2018-06-19 05:35:00,0.0,1023.5,0.0,9.45,2.4,2365.0,4.0,15.0,En Operación
2018-06-19 05:40:00,0.0,1023.5,0.0,9.45,2.4,2366.0,4.0,15.0,En Operación
2018-06-19 05:45:00,0.0,1023.5,0.0,9.45,2.4,2367.0,4.0,15.0,En Operación
2018-06-19 05:50:00,0.0,1023.5,0.0,9.45,2.4,2368.0,4.0,15.0,En Operación
2018-06-19 05:55:00,0.0,1023.5,0.0,9.45,2.4,2369.0,4.0,15.0,En Operación
2018-06-19 06:00:00,0.0,1023.5,0.0,9.45,2.4,2370.0,4.0,15.0,En Operación
2018-06-19 06:05:00,0.0,1023.5,0.0,9.45,2.4,2371.0,4.0,15.0,En Operación
2018-06-19 06:10:00,0.0,1023.44,0.0,9.4,2.2,2372.0,4.0,15.0,En Operación
2018-06-19 06:15:00,0.0,1023.38,0.0,9.35,2.0,2373.0,4.0,15.0,En Operación
2018-06-19 06:20:00,0.0,1023.31,0.0,9.3,1.8,2374.0,4.0,15.0,En Operación
2018-06-19 06:25:00,0.0,1023.25,0.0,9.25,1.6,2375.0,4.0,15.0,En Operación
2018-06-19 06:30:00,0.0,1023.25,0.0,9.25,1.6,2376.0,4.0,15.0,En Operación
2018-06-19 06:35:00,0.0,1023.25,0.0,9.25,1.6,2377.0,4.0,15.0,En Operación
2018-06-19 06:40:00,0.0,1023.25,0.0,9.25,1.6,2378.0,4.0,15.0,En Operación
2018-06-19 06:45:00,0.0,1023.25,0.0,9.25,1.6,2379.0,3.0,16.0,En Operación
2018-06-19 06:50:00,0.0,1023.25,0.0,9.25,1.6,2380.0,3.0,16.0,En Operación
2018-06-19 06:55:00,0.0,1023.25,0.0,9.25,1.6,2381.0,3.0,16.0,En Operación
2018-06-19 07:00:00,0.0,1023.25,0.0,9.25,1.6,2382.0,4.0,15.0,En Operación
2018-06-19 07:05:00,0.0,1023.25,0.0,9.25,1.6,2383.0,4.0,15.0,En Operación
2018-06-19 07:10:00,0.0,1023.28,0.0,9.24,2.2,2384.0,4.0,15.0,En Operación
2018-06-19 07:15:00,0.0,1023.3,0.0,9.22,2.8,2385.0,3.0,16.0,En Operación
2018-06-19 07:20:00,0.0,1023.32,0.0,9.21,3.4,2386.0,3.0,16.0,En Operación
2018-06-19 07:25:00,0.0,1023.35,0.0,9.2,4.0,2387.0,3.0,16.0,En Operación
2018-06-19 07:30:00,0.0,1023.35,0.0,9.2,4.0,2388.0,3.0,16.0,En Operación
2018-06-19 07:35:00,0.0,1023.35,0.0,9.2,4.0,2389.0,3.0,16.0,En Operación
2018-06-19 07:40:00,0.0,1023.35,0.0,9.2,4.0,2390.0,2.0,17.0,En Operación
2018-06-19 07:45:00,0.0,1023.35,0.0,9.2,4.0,2391.0,1.0,18.0,En Operación
2018-06-19 07:50:00,0.0,1023.35,0.0,9.2,4.0,2392.0,1.0,18.0,En Operación
2018-06-19 07:55:00,0.0,1023.35,0.0,9.2,4.0,2393.0,0.0,19.0,En Operación
2018-06-19 08:00:00,0.0,1023.35,0.0,9.2,4.0,2394.0,0.0,19.0,En Operación
2018-06-19 08:05:00,0.0,1023.35,0.0,9.2,4.0,2395.0,2.0,17.0,En Operación
2018-06-19 08:10:00,0.0,1023.32,0.0,9.19,3.8,2396.0,1.0,18.0,En Operación
2018-06-19 08:15:00,0.0,1023.3,0.0,9.18,3.6,2397.0,1.0,18.0,En Operación
2018-06-19 08:20:00,0.0,1023.28,0.0,9.16,3.4,2398.0,0.0,19.0,En Operación
2018-06-19 08:25:00,0.0,1023.25,0.0,9.15,3.2,2399.0,0.0,19.0,En Operación
2018-06-19 08:30:00,0.0,1023.25,0.0,9.15,3.2,2400.0,1.0,18.0,En Operación
2018-06-19 08:35:00,0.0,1023.25,0.0,9.15,3.2,2401.0,0.0,19.0,En Operación
2018-06-19 08:40:00,0.0,1023.25,0.0,9.15,3.2,2402.0,0.0,19.0,En Operación
2018-06-19 08:45:00,0.0,1023.25,0.0,9.15,3.2,2403.0,0.0,19.0,En Operación
2018-06-19 08:50:00,0.0,1023.25,0.0,9.15,3.2,2404.0,0.0,19.0,En Operación
2018-06-19 08:55:00,0.0,1023.25,0.0,9.15,3.2,2405.0,1.0,18.0,En Operación
2018-06-19 09:00:00,0.0,1023.25,0.0,9.15,3.2,2406.0,1.0,18.0,En Operación
2018-06-19 09:05:00,0.0,1023.25,0.0,9.15,3.2,2407.0,1.0,18.0,En Operación
2018-06-19 09:10:00,0.0,1023.2,0.0,9.28,3.61,2408.0,0.0,19.0,En Operación
2018-06-19 09:15:00,0.0,1023.15,0.0,9.4,4.03,2409.0,0.0,19.0,En Operación
2018-06-19 09:20:00,0.0,1023.1,0.0,9.52,4.44,2410.0,0.0,19.0,En Operación
2018-06-19 09:25:00,0.0,1023.05,0.0,9.65,4.85,2411.0,0.0,19.0,En Operación
2018-06-19 09:30:00,0.0,1023.05,0.0,9.65,4.85,2412.0,0.0,19.0,En Operación
2018-06-19 09:35:00,0.0,1023.05,0.0,9.65,4.85,2413.0,0.0,19.0,En Operación
2018-06-19 09:40:00,0.0,1022.97,0.0,9.79,4.64,2414.0,0.0,19.0,En Operación
2018-06-19 09:45:00,0.0,1022.9,0.0,9.93,4.42,2415.0,0.0,19.0,En Operación
2018-06-19 09:50:00,0.0,1022.82,0.0,10.06,4.21,2416.0,0.0,19.0,En Operación
2018-06-19 09:55:00,0.0,1022.75,0.0,10.2,4.0,2417.0,0.0,19.0,En Operación
2018-06-19 10:00:00,0.0,1022.75,0.0,10.2,4.0,2418.0,0.0,19.0,En Operación
2018-06-19 10:05:00,0.0,1022.75,0.0,10.2,4.0,2419.0,0.0,19.0,En Operación
2018-06-19 10:10:00,0.0,1022.74,0.0,10.29,4.21,2420.0,0.0,19.0,En Operación
2018-06-19 10:15:00,0.0,1022.72,0.0,10.38,4.42,2421.0,0.0,19.0,En Operación
2018-06-19 10:20:00,0.0,1022.71,0.0,10.46,4.64,2422.0,0.0,19.0,En Operación
2018-06-19 10:25:00,0.0,1022.7,0.0,10.55,4.85,2423.0,0.0,19.0,En Operación
2018-06-19 10:30:00,0.0,1022.7,0.0,10.55,4.85,2424.0,0.0,19.0,En Operación
2018-06-19 10:35:00,0.0,1022.7,0.0,10.55,4.85,2425.0,0.0,19.0,En Operación
2018-06-19 10:40:00,0.0,1022.69,0.0,10.68,5.25,2426.0,1.0,18.0,En Operación
2018-06-19 10:45:00,0.0,1022.68,0.0,10.8,5.65,2427.0,1.0,18.0,En Operación
2018-06-19 10:50:00,0.0,1022.66,0.0,10.92,6.05,2428.0,1.0,18.0,En Operación
2018-06-19 10:55:00,0.0,1022.65,0.0,11.05,6.45,2429.0,1.0,18.0,En Operación
2018-06-19 11:00:00,0.0,1022.65,0.0,11.05,6.45,2430.0,0.0,19.0,En Operación
2018-06-19 11:05:00,0.0,1022.65,0.0,11.05,6.45,2431.0,0.0,19.0,En Operación
2018-06-19 11:10:00,0.0,1022.62,0.0,11.1,6.45,2432.0,0.0,19.0,En Operación
2018-06-19 11:15:00,0.0,1022.6,0.0,11.15,6.45,2433.0,0.0,19.0,En Operación
2018-06-19 11:20:00,0.0,1022.58,0.0,11.2,6.45,2434.0,0.0,19.0,En Operación
2018-06-19 11:25:00,0.0,1022.55,0.0,11.25,6.45,2435.0,0.0,19.0,En Operación
2018-06-19 11:30:00,0.0,1022.55,0.0,11.25,6.45,2436.0,0.0,19.0,En Operación
2018-06-19 11:35:00,0.0,1022.55,0.0,11.25,6.45,2437.0,1.0,18.0,En Operación
2018-06-19 11:40:00,0.0,1022.55,0.0,11.25,6.45,2438.0,2.0,17.0,En Operación
2018-06-19 11:45:00,0.0,1022.55,0.0,11.25,6.45,2439.0,2.0,17.0,En Operación
2018-06-19 11:50:00,0.0,1022.55,0.0,11.25,6.45,2440.0,2.0,17.0,En Operación
2018-06-19 11:55:00,0.0,1022.55,0.0,11.25,6.45,2441.0,2.0,17.0,En Operación
2018-06-19 12:00:00,0.0,1022.55,0.0,11.25,6.45,2442.0,2.0,17.0,En Operación
2018-06-19 12:05:00,0.0,1022.55,0.0,11.25,6.45,2443.0,2.0,17.0,En Operación
2018-06-19 12:10:00,0.0,1022.52,0.0,11.51,5.84,2444.0,2.0,17.0,En Operación
2018-06-19 12:15:00,0.0,1022.5,0.0,11.78,5.22,2445.0,2.0,17.0,En Operación
2018-06-19 12:20:00,0.0,1022.48,0.0,12.04,4.61,2446.0,3.0,16.0,En Operación
2018-06-19 12:25:00,0.0,1022.45,0.0,12.3,4.0,2447.0,3.0,16.0,En Operación
2018-06-19 12:30:00,0.0,1022.45,0.0,12.3,4.0,2448.0,3.0,16.0,En Operación
2018-06-19 12:35:00,0.0,1022.45,0.0,12.3,4.0,2449.0,4.0,15.0,En Operación
2018-06-19 12:40:00,0.0,1022.45,0.0,12.3,4.0,2450.0,4.0,15.0,En Operación
2018-06-19 12:45:00,0.0,1022.45,0.0,12.3,4.0,2451.0,4.0,15.0,En Operación
2018-06-19 12:50:00,0.0,1022.45,0.0,12.3,4.0,2452.0,1.0,18.0,En Operación
2018-06-19 12:55:00,0.0,1022.45,0.0,12.3,4.0,2453.0,1.0,18.0,En Operación
2018-06-19 13:00:00,0.0,1022.45,0.0,12.3,4.0,2454.0,1.0,18.0,En Operación
2018-06-19 13:05:00,0.0,1022.45,0.0,12.3,4.0,2455.0,2.0,17.0,En Operación
2018-06-19 13:10:00,0.0,1022.38,0.0,12.52,4.0,2456.0,2.0,17.0,En Operación
2018-06-19 13:15:00,0.0,1022.3,0.0,12.75,4.0,2457.0,0.0,19.0,En Operación
2018-06-19 13:20:00,0.0,1022.22,0.0,12.98,4.0,2458.0,1.0,18.0,En Operación
2018-06-19 13:25:00,0.0,1022.15,0.0,13.2,4.0,2459.0,0.0,19.0,En Operación
2018-06-19 13:30:00,0.0,1022.15,0.0,13.2,4.0,2460.0,1.0,18.0,En Operación
2018-06-19 13:35:00,0.0,1022.15,0.0,13.2,4.0,2461.0,0.0,19.0,En Operación
2018-06-19 13:40:00,0.0,1022.15,0.0,13.2,4.0,2462.0,2.0,17.0,En Operación
2018-06-19 13:45:00,0.0,1022.15,0.0,13.2,4.0,2463.0,2.0,17.0,En Operación
2018-06-19 13:50:00,0.0,1022.15,0.0,13.2,4.0,2464.0,2.0,17.0,En Operación
2018-06-19 13:55:00,0.0,1022.15,0.0,13.2,4.0,2465.0,3.0,16.0,En Operación
2018-06-19 14:00:00,0.0,1022.15,0.0,13.2,4.0,2466.0,2.0,17.0,En Operación
2018-06-19 14:05:00,0.0,1022.15,0.0,13.2,4.0,2467.0,4.0,15.0,En Operación
2018-06-19 14:10:00,0.0,1022.06,0.0,13.24,3.6,2468.0,4.0,15.0,En Operación
2018-06-19 14:15:00,0.0,1021.97,0.0,13.27,3.2,2469.0,5.0,14.0,En Operación
2018-06-19 14:20:00,0.0,1021.89,0.0,13.31,2.8,2470.0,4.0,15.0,En Operación
2018-06-19 14:25:00,0.0,1021.8,0.0,13.35,2.4,2471.0,4.0,15.0,En Operación
2018-06-19 14:30:00,0.0,1021.8,0.0,13.35,2.4,2472.0,3.0,16.0,En Operación
2018-06-19 14:35:00,0.0,1021.8,0.0,13.35,2.4,2473.0,4.0,15.0,En Operación
2018-06-19 14:40:00,0.0,1020.28,0.0,14.36,2.6,2474.0,4.0,15.0,En Operación
2018-06-19 14:45:00,0.0,1018.75,0.0,15.38,2.8,2475.0,2.0,17.0,En Operación
2018-06-19 14:50:00,0.0,1017.22,0.0,16.39,3.0,2476.0,2.0,17.0,En Operación
2018-06-19 14:55:00,0.0,1015.7,0.0,17.4,3.2,2477.0,1.0,18.0,En Operación
2018-06-19 15:00:00,0.0,1015.7,0.0,17.4,3.2,2478.0,1.0,18.0,En Operación
2018-06-19 15:05:00,0.0,1015.7,0.0,17.4,3.2,2479.0,0.0,19.0,En Operación
2018-06-19 15:10:00,0.0,1015.55,0.0,17.31,2.8,2480.0,0.0,19.0,En Operación
2018-06-19 15:15:00,0.0,1015.4,0.0,17.23,2.4,2481.0,0.0,19.0,En Operación
2018-06-19 15:20:00,0.0,1015.25,0.0,17.14,2.0,2482.0,0.0,19.0,En Operación
2018-06-19 15:25:00,0.0,1015.1,0.0,17.05,1.6,2483.0,0.0,19.0,En Operación
2018-06-19 15:30:00,0.0,1015.1,0.0,17.05,1.6,2484.0,0.0,19.0,En Operación
2018-06-19 15:35:00,0.0,1015.1,0.0,17.05,1.6,2485.0,0.0,19.0,En Operación
2018-06-19 15:40:00,0.0,1015.08,0.0,16.89,3.01,2486.0,1.0,18.0,En Operación
2018-06-19 15:45:00,0.0,1015.05,0.0,16.73,4.43,2487.0,1.0,18.0,En Operación
2018-06-19 15:50:00,0.0,1015.02,0.0,16.56,5.84,2488.0,1.0,18.0,En Operación
2018-06-19 15:55:00,0.0,1015.0,0.0,16.4,7.25,2489.0,1.0,18.0,En Operación
2018-06-19 16:00:00,0.0,1015.0,0.0,16.4,7.25,2490.0,1.0,18.0,En Operación
2018-06-19 16:05:00,0.0,1015.0,0.0,16.4,7.25,2491.0,1.0,18.0,En Operación
2018-06-19 16:10:00,0.0,1014.91,0.0,16.11,5.84,2492.0,3.0,16.0,En Operación
2018-06-19 16:15:00,0.0,1014.82,0.0,15.82,4.42,2493.0,2.0,17.0,En Operación
2018-06-19 16:20:00,0.0,1014.74,0.0,15.54,3.01,2494.0,2.0,17.0,En Operación
2018-06-19 16:25:00,0.0,1014.65,0.0,15.25,1.6,2495.0,2.0,17.0,En Operación
2018-06-19 16:30:00,0.0,1014.65,0.0,15.25,1.6,2496.0,1.0,18.0,En Operación
2018-06-19 16:35:00,0.0,1014.65,0.0,15.25,1.6,2497.0,1.0,18.0,En Operación
2018-06-19 16:40:00,0.0,1014.65,0.0,15.18,1.6,2498.0,1.0,18.0,En Operación
2018-06-19 16:45:00,0.0,1014.65,0.0,15.1,1.6,2499.0,1.0,18.0,En Operación
2018-06-19 16:50:00,0.0,1014.65,0.0,15.02,1.6,2500.0,1.0,18.0,En Operación
2018-06-19 16:55:00,0.0,1014.65,0.0,14.95,1.6,2501.0,0.0,19.0,En Operación
2018-06-19 17:00:00,0.0,1014.65,0.0,14.95,1.6,2502.0,0.0,19.0,En Operación
2018-06-19 17:05:00,0.0,1014.65,0.0,14.95,1.6,2503.0,0.0,19.0,En Operación
2018-06-19 17:10:00,0.0,1014.62,0.0,14.74,1.4,2504.0,0.0,19.0,En Operación
2018-06-19 17:15:00,0.0,1014.6,0.0,14.52,1.2,2505.0,1.0,18.0,En Operación
2018-06-19 17:20:00,0.0,1014.58,0.0,14.31,1.0,2506.0,1.0,18.0,En Operación
2018-06-19 17:25:00,0.0,1014.55,0.0,14.1,0.8,2507.0,0.0,19.0,En Operación
2018-06-19 17:30:00,0.0,1014.55,0.0,14.1,0.8,2508.0,1.0,18.0,En Operación
2018-06-19 17:35:00,0.0,1014.55,0.0,14.1,0.8,2509.0,0.0,19.0,En Operación
2018-06-19 17:40:00,0.0,1014.56,0.0,14.11,0.8,2510.0,0.0,19.0,En Operación
2018-06-19 17:45:00,0.0,1014.58,0.0,14.12,0.8,2511.0,1.0,18.0,En Operación
2018-06-19 17:50:00,0.0,1014.59,0.0,14.14,0.8,2512.0,2.0,17.0,En Operación
2018-06-19 17:55:00,0.0,1014.6,0.0,14.15,0.8,2513.0,3.0,16.0,En Operación
2018-06-19 18:00:00,0.0,1014.6,0.0,14.15,0.8,2514.0,3.0,16.0,En Operación
2018-06-19 18:05:00,0.0,1014.6,0.0,14.15,0.8,2515.0,4.0,15.0,En Operación
2018-06-19 18:10:00,0.0,1014.55,0.0,14.04,1.0,2516.0,3.0,16.0,En Operación
2018-06-19 18:15:00,0.0,1014.5,0.0,13.92,1.2,2517.0,2.0,17.0,En Operación
2018-06-19 18:20:00,0.0,1014.45,0.0,13.81,1.4,2518.0,2.0,17.0,En Operación
2018-06-19 18:25:00,0.0,1014.4,0.0,13.7,1.6,2519.0,1.0,18.0,En Operación
2018-06-19 18:30:00,0.0,1014.4,0.0,13.7,1.6,2520.0,3.0,16.0,En Operación
2018-06-19 18:35:00,0.0,1014.4,0.0,13.7,1.6,2521.0,4.0,15.0,En Operación
2018-06-19 18:40:00,0.0,1014.4,0.0,13.74,1.6,2522.0,5.0,14.0,En Operación
2018-06-19 18:45:00,0.0,1014.4,0.0,13.77,1.6,2523.0,5.0,14.0,En Operación
2018-06-19 18:50:00,0.0,1014.4,0.0,13.81,1.6,2524.0,5.0,14.0,En Operación
2018-06-19 18:55:00,0.0,1014.4,0.0,13.85,1.6,2525.0,5.0,14.0,En Operación
2018-06-19 19:00:00,0.0,1014.4,0.0,13.85,1.6,2526.0,5.0,14.0,En Operación
2018-06-19 19:05:00,0.0,1014.4,0.0,13.85,1.6,2527.0,7.0,12.0,En Operación
2018-06-19 19:10:00,0.0,1014.42,0.0,13.86,3.01,2528.0,8.0,11.0,En Operación
2018-06-19 19:15:00,0.0,1014.45,0.0,13.88,4.43,2529.0,8.0,11.0,En Operación
2018-06-19 19:20:00,0.0,1014.48,0.0,13.89,5.84,2530.0,8.0,11.0,En Operación
2018-06-19 19:25:00,0.0,1014.5,0.0,13.9,7.25,2531.0,8.0,11.0,En Operación
2018-06-19 19:30:00,0.0,1014.5,0.0,13.9,7.25,2532.0,8.0,11.0,En Operación
2018-06-19 19:35:00,0.0,1014.5,0.0,13.9,7.25,2533.0,8.0,11.0,En Operación
2018-06-19 19:40:00,0.0,1014.58,0.0,13.99,6.04,2534.0,10.0,9.0,En Operación
2018-06-19 19:45:00,0.0,1014.65,0.0,14.08,4.82,2535.0,10.0,9.0,En Operación
2018-06-19 19:50:00,0.0,1014.72,0.0,14.16,3.61,2536.0,8.0,11.0,En Operación
2018-06-19 19:55:00,0.0,1014.8,0.0,14.25,2.4,2537.0,9.0,10.0,En Operación
2018-06-19 20:00:00,0.0,1014.8,0.0,14.25,2.4,2538.0,8.0,11.0,En Operación
2018-06-19 20:05:00,0.0,1014.8,0.0,14.25,2.4,2539.0,8.0,11.0,En Operación
2018-06-19 20:10:00,0.0,1014.95,0.0,14.19,2.0,2540.0,8.0,11.0,En Operación
2018-06-19 20:15:00,0.0,1015.1,0.0,14.12,1.6,2541.0,8.0,11.0,En Operación
2018-06-19 20:20:00,0.0,1015.25,0.0,14.06,1.2,2542.0,8.0,11.0,En Operación
2018-06-19 20:25:00,0.0,1015.4,0.0,14.0,0.8,2543.0,6.0,13.0,En Operación
2018-06-19 20:30:00,0.0,1015.4,0.0,14.0,0.8,2544.0,7.0,12.0,En Operación
2018-06-19 20:35:00,0.0,1015.4,0.0,14.0,0.8,2545.0,9.0,10.0,En Operación
2018-06-19 20:40:00,0.0,1015.4,0.0,14.06,1.2,2546.0,10.0,9.0,En Operación
2018-06-19 20:45:00,0.0,1015.4,0.0,14.12,1.6,2547.0,9.0,10.0,En Operación
2018-06-19 20:50:00,0.0,1015.4,0.0,14.19,2.0,2548.0,9.0,10.0,En Operación
2018-06-19 20:55:00,0.0,1015.4,0.0,14.25,2.4,2549.0,11.0,8.0,En Operación
2018-06-19 21:00:00,0.0,1015.4,0.0,14.25,2.4,2550.0,13.0,6.0,En Operación
2018-06-19 21:05:00,0.0,1015.4,0.0,14.25,2.4,2551.0,12.0,7.0,En Operación
2018-06-19 21:10:00,0.0,1015.42,0.0,14.12,2.2,2552.0,12.0,7.0,En Operación
2018-06-19 21:15:00,0.0,1015.45,0.0,14.0,2.0,2553.0,12.0,7.0,En Operación
2018-06-19 21:20:00,0.0,1015.48,0.0,13.88,1.8,2554.0,12.0,7.0,En Operación
2018-06-19 21:25:00,0.0,1015.5,0.0,13.75,1.6,2555.0,11.0,8.0,En Operación
2018-06-19 21:30:00,0.0,1015.5,0.0,13.75,1.6,2556.0,10.0,9.0,En Operación
2018-06-19 21:35:00,0.0,1015.5,0.0,13.75,1.6,2557.0,11.0,8.0,En Operación
2018-06-19 21:40:00,0.0,1015.54,0.0,13.7,1.4,2558.0,10.0,9.0,En Operación
2018-06-19 21:45:00,0.0,1015.58,0.0,13.65,1.2,2559.0,11.0,8.0,En Operación
2018-06-19 21:50:00,0.0,1015.61,0.0,13.6,1.0,2560.0,11.0,8.0,En Operación
2018-06-19 21:55:00,0.0,1015.65,0.0,13.55,0.8,2561.0,11.0,8.0,En Operación
2018-06-19 22:00:00,0.0,1015.65,0.0,13.55,0.8,2562.0,11.0,8.0,En Operación
2018-06-19 22:05:00,0.0,1015.65,0.0,13.55,0.8,2563.0,10.0,9.0,En Operación
2018-06-19 22:10:00,0.0,1015.69,0.0,13.46,2.41,2564.0,9.0,10.0,En Operación
2018-06-19 22:15:00,0.0,1015.72,0.0,13.38,4.03,2565.0,9.0,10.0,En Operación
2018-06-19 22:20:00,0.0,1015.76,0.0,13.29,5.64,2566.0,9.0,10.0,En Operación
2018-06-19 22:25:00,0.0,1015.8,0.0,13.2,7.25,2567.0,9.0,10.0,En Operación
2018-06-19 22:30:00,0.0,1015.8,0.0,13.2,7.25,2568.0,7.0,12.0,En Operación
2018-06-19 22:35:00,0.0,1015.8,0.0,13.2,7.25,2569.0,7.0,12.0,En Operación
2018-06-19 22:40:00,0.0,1015.81,0.0,13.2,6.44,2570.0,7.0,12.0,En Operación
2018-06-19 22:45:00,0.0,1015.82,0.0,13.2,5.62,2571.0,7.0,12.0,En Operación
2018-06-19 22:50:00,0.0,1015.84,0.0,13.2,4.81,2572.0,7.0,12.0,En Operación
2018-06-19 22:55:00,0.0,1015.85,0.0,13.2,4.0,2573.0,7.0,12.0,En Operación
2018-06-19 23:00:00,0.0,1015.85,0.0,13.2,4.0,2574.0,7.0,12.0,En Operación
2018-06-19 23:05:00,0.0,1015.85,0.0,13.2,4.0,2575.0,7.0,12.0,En Operación
2018-06-19 23:10:00,0.0,1015.95,0.0,13.1,3.0,2576.0,6.0,13.0,En Operación
2018-06-19 23:15:00,0.0,1016.05,0.0,13.0,2.0,2577.0,5.0,14.0,En Operación
2018-06-19 23:20:00,0.0,1016.15,0.0,12.9,1.0,2578.0,5.0,14.0,En Operación
2018-06-19 23:25:00,0.0,1016.25,0.0,12.8,0.0,2579.0,5.0,14.0,En Operación
2018-06-19 23:30:00,0.0,1016.25,0.0,12.8,0.0,2580.0,4.0,15.0,En Operación
2018-06-19 23:35:00,0.0,1016.25,0.0,12.8,0.0,2581.0,4.0,15.0,En Operación
2018-06-19 23:40:00,0.0,1016.25,0.0,12.8,0.0,2582.0,1.0,17.0,En Operación
2018-06-19 23:45:00,0.0,1016.25,0.0,12.8,0.0,2583.0,1.0,17.0,En Operación
2018-06-19 23:50:00,0.0,1016.25,0.0,12.8,0.0,2584.0,2.0,16.0,En Operación
2018-06-19 23:55:00,0.0,1016.25,0.0,12.8,0.0,2585.0,2.0,16.0,En Operación
2018-06-20 00:00:00,0.0,1016.25,0.0,12.8,0.0,2586.0,0.0,18.0,En Operación
2018-06-20 00:05:00,0.0,1016.25,0.0,12.8,0.0,2587.0,0.0,18.0,En Operación
2018-06-20 00:10:00,0.0,1016.31,0.0,12.79,0.0,2588.0,0.0,18.0,En Operación
2018-06-20 00:15:00,0.0,1016.38,0.0,12.78,0.0,2589.0,2.0,16.0,En Operación
2018-06-20 00:20:00,0.0,1016.44,0.0,12.76,0.0,2590.0,2.0,16.0,En Operación
2018-06-20 00:25:00,0.0,1016.5,0.0,12.75,0.0,2591.0,1.0,17.0,En Operación
2018-06-20 00:30:00,0.0,1016.5,0.0,12.75,0.0,2592.0,1.0,17.0,En Operación
2018-06-20 00:35:00,0.0,1016.5,0.0,12.75,0.0,2593.0,1.0,17.0,En Operación
2018-06-20 00:40:00,0.0,1016.51,0.0,12.7,0.0,2594.0,1.0,17.0,En Operación
2018-06-20 00:45:00,0.0,1016.52,0.0,12.65,0.0,2595.0,2.0,16.0,En Operación
2018-06-20 00:50:00,0.0,1016.54,0.0,12.6,0.0,2596.0,2.0,16.0,En Operación
2018-06-20 00:55:00,0.0,1016.55,0.0,12.55,0.0,2597.0,3.0,15.0,En Operación
2018-06-20 01:00:00,0.0,1016.55,0.0,12.55,0.0,2598.0,4.0,14.0,En Operación
2018-06-20 01:05:00,0.0,1016.55,0.0,12.55,0.0,2599.0,5.0,13.0,En Operación
2018-06-20 01:10:00,0.0,1016.6,0.0,12.56,1.0,2600.0,5.0,13.0,En Operación
2018-06-20 01:15:00,0.0,1016.65,0.0,12.58,2.0,2601.0,5.0,13.0,En Operación
2018-06-20 01:20:00,0.0,1016.7,0.0,12.59,3.0,2602.0,5.0,13.0,En Operación
2018-06-20 01:25:00,0.0,1016.75,0.0,12.6,4.0,2603.0,5.0,13.0,En Operación
2018-06-20 01:30:00,0.0,1016.75,0.0,12.6,4.0,2604.0,5.0,13.0,En Operación
2018-06-20 01:35:00,0.0,1016.75,0.0,12.6,4.0,2605.0,5.0,13.0,En Operación
2018-06-20 01:40:00,0.0,1016.71,0.0,12.59,3.4,2606.0,5.0,13.0,En Operación
2018-06-20 01:45:00,0.0,1016.68,0.0,12.58,2.8,2607.0,5.0,13.0,En Operación
2018-06-20 01:50:00,0.0,1016.64,0.0,12.56,2.2,2608.0,5.0,13.0,En Operación
2018-06-20 01:55:00,0.0,1016.6,0.0,12.55,1.6,2609.0,5.0,13.0,En Operación
2018-06-20 02:00:00,0.0,1016.6,0.0,12.55,1.6,2610.0,5.0,13.0,En Operación
2018-06-20 02:05:00,0.0,1016.6,0.0,12.55,1.6,2611.0,5.0,13.0,En Operación
2018-06-20 02:10:00,0.0,1016.6,0.0,12.51,1.2,2612.0,5.0,13.0,En Operación
2018-06-20 02:15:00,0.0,1016.6,0.0,12.48,0.8,2613.0,5.0,13.0,En Operación
2018-06-20 02:20:00,0.0,1016.6,0.0,12.44,0.4,2614.0,5.0,13.0,En Operación
2018-06-20 02:25:00,0.0,1016.6,0.0,12.4,0.0,2615.0,5.0,13.0,En Operación
2018-06-20 02:30:00,0.0,1016.6,0.0,12.4,0.0,2616.0,5.0,13.0,En Operación
2018-06-20 02:35:00,0.0,1016.6,0.0,12.4,0.0,2617.0,5.0,13.0,En Operación
2018-06-20 02:40:00,0.0,1016.59,0.0,12.4,0.0,2618.0,5.0,13.0,En Operación
2018-06-20 02:45:00,0.0,1016.58,0.0,12.4,0.0,2619.0,5.0,13.0,En Operación
2018-06-20 02:50:00,0.0,1016.56,0.0,12.4,0.0,2620.0,5.0,13.0,En Operación
2018-06-20 02:55:00,0.0,1016.55,0.0,12.4,0.0,2621.0,5.0,13.0,En Operación
2018-06-20 03:00:00,0.0,1016.55,0.0,12.4,0.0,2622.0,5.0,13.0,En Operación
2018-06-20 03:05:00,0.0,1016.55,0.0,12.4,0.0,2623.0,5.0,13.0,En Operación
2018-06-20 03:10:00,0.0,1016.55,0.0,12.35,0.0,2624.0,5.0,13.0,En Operación
2018-06-20 03:15:00,0.0,1016.55,0.0,12.3,0.0,2625.0,5.0,13.0,En Operación
2018-06-20 03:20:00,0.0,1016.55,0.0,12.25,0.0,2626.0,5.0,13.0,En Operación
2018-06-20 03:25:00,0.0,1016.55,0.0,12.2,0.0,2627.0,5.0,13.0,En Operación
2018-06-20 03:30:00,0.0,1016.55,0.0,12.2,0.0,2628.0,5.0,13.0,En Operación
2018-06-20 03:35:00,0.0,1016.55,0.0,12.2,0.0,2629.0,5.0,13.0,En Operación
2018-06-20 03:40:00,0.0,1016.56,0.0,12.15,0.0,2630.0,5.0,13.0,En Operación
2018-06-20 03:45:00,0.0,1016.58,0.0,12.1,0.0,2631.0,5.0,13.0,En Operación
2018-06-20 03:50:00,0.0,1016.59,0.0,12.05,0.0,2632.0,5.0,13.0,En Operación
2018-06-20 03:55:00,0.0,1016.6,0.0,12.0,0.0,2633.0,5.0,13.0,En Operación
2018-06-20 04:00:00,0.0,1016.6,0.0,12.0,0.0,2634.0,5.0,13.0,En Operación
2018-06-20 04:05:00,0.0,1016.6,0.0,12.0,0.0,2635.0,4.0,14.0,En Operación
2018-06-20 04:10:00,0.0,1016.61,0.0,11.9,0.0,2636.0,4.0,14.0,En Operación
2018-06-20 04:15:00,0.0,1016.62,0.0,11.8,0.0,2637.0,4.0,14.0,En Operación
2018-06-20 04:20:00,0.0,1016.64,0.0,11.7,0.0,2638.0,4.0,14.0,En Operación
2018-06-20 04:25:00,0.0,1016.65,0.0,11.6,0.0,2639.0,4.0,14.0,En Operación
2018-06-20 04:30:00,0.0,1016.65,0.0,11.6,0.0,2640.0,4.0,14.0,En Operación
2018-06-20 04:35:00,0.0,1016.65,0.0,11.6,0.0,2641.0,4.0,14.0,En Operación
2018-06-20 04:40:00,0.0,1016.62,0.0,11.58,0.0,2642.0,4.0,14.0,En Operación
2018-06-20 04:45:00,0.0,1016.6,0.0,11.55,0.0,2643.0,4.0,14.0,En Operación
2018-06-20 04:50:00,0.0,1016.58,0.0,11.52,0.0,2644.0,3.0,15.0,En Operación
2018-06-20 04:55:00,0.0,1016.55,0.0,11.5,0.0,2645.0,3.0,15.0,En Operación
2018-06-20 05:00:00,0.0,1016.55,0.0,11.5,0.0,2646.0,3.0,15.0,En Operación
2018-06-20 05:05:00,0.0,1016.55,0.0,11.5,0.0,2647.0,3.0,15.0,En Operación
2018-06-20 05:10:00,0.0,1016.51,0.0,11.42,0.0,2648.0,3.0,15.0,En Operación
2018-06-20 05:15:00,0.0,1016.47,0.0,11.35,0.0,2649.0,3.0,15.0,En Operación
2018-06-20 05:20:00,0.0,1016.44,0.0,11.27,0.0,2650.0,3.0,15.0,En Operación
2018-06-20 05:25:00,0.0,1016.4,0.0,11.2,0.0,2651.0,3.0,15.0,En Operación
2018-06-20 05:30:00,0.0,1016.4,0.0,11.2,0.0,2652.0,3.0,15.0,En Operación
2018-06-20 05:35:00,0.0,1016.4,0.0,11.2,0.0,2653.0,3.0,15.0,En Operación
2018-06-20 05:40:00,0.0,1016.39,0.0,11.12,0.0,2654.0,3.0,15.0,En Operación
2018-06-20 05:45:00,0.0,1016.38,0.0,11.05,0.0,2655.0,3.0,15.0,En Operación
2018-06-20 05:50:00,0.0,1016.36,0.0,10.98,0.0,2656.0,3.0,15.0,En Operación
2018-06-20 05:55:00,0.0,1016.35,0.0,10.9,0.0,2657.0,3.0,15.0,En Operación
2018-06-20 06:00:00,0.0,1016.35,0.0,10.9,0.0,2658.0,3.0,15.0,En Operación
2018-06-20 06:05:00,0.0,1016.35,0.0,10.9,0.0,2659.0,3.0,15.0,En Operación
2018-06-20 06:10:00,0.0,1016.36,0.0,10.81,0.0,2660.0,3.0,15.0,En Operación
2018-06-20 06:15:00,0.0,1016.38,0.0,10.73,0.0,2661.0,3.0,15.0,En Operación
2018-06-20 06:20:00,0.0,1016.39,0.0,10.64,0.0,2662.0,3.0,15.0,En Operación
2018-06-20 06:25:00,0.0,1016.4,0.0,10.55,0.0,2663.0,3.0,15.0,En Operación
2018-06-20 06:30:00,0.0,1016.4,0.0,10.55,0.0,2664.0,3.0,15.0,En Operación
2018-06-20 06:35:00,0.0,1016.4,0.0,10.55,0.0,2665.0,3.0,15.0,En Operación
2018-06-20 06:40:00,0.0,1016.4,0.0,10.52,0.0,2666.0,3.0,15.0,En Operación
2018-06-20 06:45:00,0.0,1016.4,0.0,10.5,0.0,2667.0,3.0,15.0,En Operación
2018-06-20 06:50:00,0.0,1016.4,0.0,10.48,0.0,2668.0,3.0,15.0,En Operación
2018-06-20 06:55:00,0.0,1016.4,0.0,10.45,0.0,2669.0,3.0,15.0,En Operación
2018-06-20 07:00:00,0.0,1016.4,0.0,10.45,0.0,2670.0,3.0,15.0,En Operación
2018-06-20 07:05:00,0.0,1016.4,0.0,10.45,0.0,2671.0,3.0,15.0,En Operación
2018-06-20 07:10:00,0.0,1016.42,0.0,10.42,0.0,2672.0,3.0,15.0,En Operación
2018-06-20 07:15:00,0.0,1016.45,0.0,10.4,0.0,2673.0,3.0,15.0,En Operación
2018-06-20 07:20:00,0.0,1016.48,0.0,10.38,0.0,2674.0,3.0,15.0,En Operación
2018-06-20 07:25:00,0.0,1016.5,0.0,10.35,0.0,2675.0,3.0,15.0,En Operación
2018-06-20 07:30:00,0.0,1016.5,0.0,10.35,0.0,2676.0,3.0,15.0,En Operación
2018-06-20 07:35:00,0.0,1016.5,0.0,10.35,0.0,2677.0,2.0,16.0,En Operación
2018-06-20 07:40:00,0.0,1016.52,0.0,10.34,0.0,2678.0,2.0,16.0,En Operación
2018-06-20 07:45:00,0.0,1016.55,0.0,10.32,0.0,2679.0,2.0,16.0,En Operación
2018-06-20 07:50:00,0.0,1016.58,0.0,10.31,0.0,2680.0,2.0,16.0,En Operación
2018-06-20 07:55:00,0.0,1016.6,0.0,10.3,0.0,2681.0,2.0,16.0,En Operación
2018-06-20 08:00:00,0.0,1016.6,0.0,10.3,0.0,2682.0,1.0,17.0,En Operación
2018-06-20 08:05:00,0.0,1016.6,0.0,10.3,0.0,2683.0,1.0,17.0,En Operación
2018-06-20 08:10:00,0.0,1016.68,0.0,10.26,0.0,2684.0,1.0,17.0,En Operación
2018-06-20 08:15:00,0.0,1016.75,0.0,10.23,0.0,2685.0,1.0,17.0,En Operación
2018-06-20 08:20:00,0.0,1016.82,0.0,10.19,0.0,2686.0,1.0,17.0,En Operación
2018-06-20 08:25:00,0.0,1016.9,0.0,10.15,0.0,2687.0,1.0,17.0,En Operación
2018-06-20 08:30:00,0.0,1016.9,0.0,10.15,0.0,2688.0,1.0,17.0,En Operación
2018-06-20 08:35:00,0.0,1016.9,0.0,10.15,0.0,2689.0,1.0,17.0,En Operación
2018-06-20 08:40:00,0.0,1016.92,0.0,10.2,0.0,2690.0,1.0,17.0,En Operación
2018-06-20 08:45:00,0.0,1016.95,0.0,10.25,0.0,2691.0,1.0,17.0,En Operación
2018-06-20 08:50:00,0.0,1016.98,0.0,10.3,0.0,2692.0,2.0,16.0,En Operación
2018-06-20 08:55:00,0.0,1017.0,0.0,10.35,0.0,2693.0,1.0,17.0,En Operación
2018-06-20 09:00:00,0.0,1017.0,0.0,10.35,0.0,2694.0,1.0,17.0,En Operación
2018-06-20 09:05:00,0.0,1017.0,0.0,10.35,0.0,2695.0,1.0,17.0,En Operación
2018-06-20 09:10:00,0.0,1017.04,0.0,10.66,0.0,2696.0,0.0,18.0,En Operación
2018-06-20 09:15:00,0.0,1017.08,0.0,10.98,0.0,2697.0,0.0,18.0,En Operación
2018-06-20 09:20:00,0.0,1017.11,0.0,11.29,0.0,2698.0,0.0,18.0,En Operación
2018-06-20 09:25:00,0.0,1017.15,0.0,11.6,0.0,2699.0,0.0,18.0,En Operación
2018-06-20 09:30:00,0.0,1017.15,0.0,11.6,0.0,2700.0,0.0,18.0,En Operación
2018-06-20 09:35:00,0.0,1017.15,0.0,11.6,0.0,2701.0,0.0,18.0,En Operación
2018-06-20 09:40:00,0.0,1017.18,0.0,11.98,0.0,2702.0,0.0,18.0,En Operación
2018-06-20 09:45:00,0.0,1017.2,0.0,12.35,0.0,2703.0,0.0,18.0,En Operación
2018-06-20 09:50:00,0.0,1017.22,0.0,12.72,0.0,2704.0,1.0,17.0,En Operación
2018-06-20 09:55:00,0.0,1017.25,0.0,13.1,0.0,2705.0,1.0,17.0,En Operación
2018-06-20 10:00:00,0.0,1017.25,0.0,13.1,0.0,2706.0,1.0,17.0,En Operación
2018-06-20 10:05:00,0.0,1017.25,0.0,13.1,0.0,2707.0,1.0,17.0,En Operación
2018-06-20 10:10:00,0.0,1017.26,0.0,13.34,0.6,2708.0,1.0,17.0,En Operación
2018-06-20 10:15:00,0.0,1017.28,0.0,13.58,1.2,2709.0,1.0,17.0,En Operación
2018-06-20 10:20:00,0.0,1017.29,0.0,13.81,1.8,2710.0,0.0,18.0,En Operación
2018-06-20 10:25:00,0.0,1017.3,0.0,14.05,2.4,2711.0,1.0,17.0,En Operación
2018-06-20 10:30:00,0.0,1017.3,0.0,14.05,2.4,2712.0,1.0,17.0,En Operación
2018-06-20 10:35:00,0.0,1017.3,0.0,14.05,2.4,2713.0,1.0,17.0,En Operación
2018-06-20 10:40:00,0.0,1017.29,0.0,14.25,1.8,2714.0,1.0,17.0,En Operación
2018-06-20 10:45:00,0.0,1017.28,0.0,14.45,1.2,2715.0,1.0,17.0,En Operación
2018-06-20 10:50:00,0.0,1017.26,0.0,14.65,0.6,2716.0,0.0,18.0,En Operación
2018-06-20 10:55:00,0.0,1017.25,0.0,14.85,0.0,2717.0,0.0,18.0,En Operación
2018-06-20 11:00:00,0.0,1017.25,0.0,14.85,0.0,2718.0,0.0,18.0,En Operación
2018-06-20 11:05:00,0.0,1017.25,0.0,14.85,0.0,2719.0,0.0,18.0,En Operación
2018-06-20 11:10:00,0.0,1017.19,0.0,14.94,0.0,2720.0,0.0,18.0,En Operación
2018-06-20 11:15:00,0.0,1017.12,0.0,15.02,0.0,2721.0,0.0,18.0,En Operación
2018-06-20 11:20:00,0.0,1017.06,0.0,15.11,0.0,2722.0,0.0,18.0,En Operación
2018-06-20 11:25:00,0.0,1017.0,0.0,15.2,0.0,2723.0,0.0,18.0,En Operación
2018-06-20 11:30:00,0.0,1017.0,0.0,15.2,0.0,2724.0,0.0,18.0,En Operación
2018-06-20 11:35:00,0.0,1017.0,0.0,15.2,0.0,2725.0,0.0,18.0,En Operación
2018-06-20 11:40:00,0.0,1016.98,0.0,15.16,0.2,2726.0,0.0,18.0,En Operación
2018-06-20 11:45:00,0.0,1016.95,0.0,15.12,0.4,2727.0,0.0,18.0,En Operación
2018-06-20 11:50:00,0.0,1016.92,0.0,15.09,0.6,2728.0,0.0,18.0,En Operación
2018-06-20 11:55:00,0.0,1016.9,0.0,15.05,0.8,2729.0,1.0,17.0,En Operación
2018-06-20 12:00:00,0.0,1016.9,0.0,15.05,0.8,2730.0,1.0,17.0,En Operación
2018-06-20 12:05:00,0.0,1016.9,0.0,15.05,0.8,2731.0,0.0,18.0,En Operación
2018-06-20 12:10:00,0.0,1016.75,0.0,15.0,0.8,2732.0,0.0,18.0,En Operación
2018-06-20 12:15:00,0.0,1016.6,0.0,14.95,0.8,2733.0,0.0,18.0,En Operación
2018-06-20 12:20:00,0.0,1016.45,0.0,14.9,0.8,2734.0,0.0,18.0,En Operación
2018-06-20 12:25:00,0.0,1016.3,0.0,14.85,0.8,2735.0,6.0,12.0,En Operación
2018-06-20 12:30:00,0.0,1016.3,0.0,14.85,0.8,2736.0,10.0,8.0,En Operación
2018-06-20 12:35:00,0.0,1016.3,0.0,14.85,0.8,2737.0,9.0,9.0,En Operación
2018-06-20 12:40:00,0.0,1016.22,0.0,15.02,1.0,2738.0,9.0,9.0,En Operación
2018-06-20 12:45:00,0.0,1016.15,0.0,15.2,1.2,2739.0,8.0,10.0,En Operación
2018-06-20 12:50:00,0.0,1016.08,0.0,15.38,1.4,2740.0,9.0,9.0,En Operación
2018-06-20 12:55:00,0.0,1016.0,0.0,15.55,1.6,2741.0,10.0,8.0,En Operación
2018-06-20 13:00:00,0.0,1016.0,0.0,15.55,1.6,2742.0,9.0,9.0,En Operación
2018-06-20 13:05:00,0.0,1016.0,0.0,15.55,1.6,2743.0,9.0,9.0,En Operación
2018-06-20 13:10:00,0.0,1015.81,0.0,15.51,1.6,2744.0,8.0,10.0,En Operación
2018-06-20 13:15:00,0.0,1015.62,0.0,15.48,1.6,2745.0,8.0,10.0,En Operación
2018-06-20 13:20:00,0.0,1015.44,0.0,15.44,1.6,2746.0,9.0,9.0,En Operación
2018-06-20 13:25:00,0.0,1015.25,0.0,15.4,1.6,2747.0,9.0,9.0,En Operación
2018-06-20 13:30:00,0.0,1015.25,0.0,15.4,1.6,2748.0,8.0,10.0,En Operación
2018-06-20 13:35:00,0.0,1015.25,0.0,15.4,1.6,2749.0,7.0,11.0,En Operación
2018-06-20 13:40:00,0.0,1015.18,0.0,15.51,2.4,2750.0,8.0,10.0,En Operación
2018-06-20 13:45:00,0.0,1015.1,0.0,15.62,3.2,2751.0,8.0,10.0,En Operación
2018-06-20 13:50:00,0.0,1015.03,0.0,15.74,4.0,2752.0,8.0,10.0,En Operación
2018-06-20 13:55:00,0.0,1014.95,0.0,15.85,4.8,2753.0,9.0,11.0,En Operación
2018-06-20 14:00:00,0.0,1014.95,0.0,15.85,4.8,2754.0,10.0,10.0,En Operación
2018-06-20 14:05:00,0.0,1014.95,0.0,15.85,4.8,2755.0,10.0,10.0,En Operación
2018-06-20 14:10:00,0.0,1014.72,0.0,15.82,4.2,2756.0,9.0,11.0,En Operación
2018-06-20 14:15:00,0.0,1014.5,0.0,15.8,3.6,2757.0,9.0,11.0,En Operación
2018-06-20 14:20:00,0.0,1014.28,0.0,15.78,3.0,2758.0,9.0,11.0,En Operación
2018-06-20 14:25:00,0.0,1014.05,0.0,15.75,2.4,2759.0,8.0,12.0,En Operación
2018-06-20 14:30:00,0.0,1014.05,0.0,15.75,2.4,2760.0,7.0,13.0,En Operación
2018-06-20 14:35:00,0.0,1014.05,0.0,15.75,2.4,2761.0,7.0,13.0,En Operación
2018-06-20 14:40:00,0.0,1013.99,0.0,15.68,2.4,2762.0,8.0,12.0,En Operación
2018-06-20 14:45:00,0.0,1013.92,0.0,15.6,2.4,2763.0,9.0,11.0,En Operación
2018-06-20 14:50:00,0.0,1013.86,0.0,15.52,2.4,2764.0,10.0,10.0,En Operación
2018-06-20 14:55:00,0.0,1013.8,0.0,15.45,2.4,2765.0,6.0,14.0,En Operación
2018-06-20 15:00:00,0.0,1013.8,0.0,15.45,2.4,2766.0,5.0,15.0,En Operación
2018-06-20 15:05:00,0.0,1013.8,0.0,15.45,2.4,2767.0,5.0,15.0,En Operación
2018-06-20 15:10:00,0.0,1013.58,0.0,15.45,2.4,2768.0,3.0,17.0,En Operación
2018-06-20 15:15:00,0.0,1013.35,0.0,15.45,2.4,2769.0,3.0,17.0,En Operación
2018-06-20 15:20:00,0.0,1013.12,0.0,15.45,2.4,2770.0,3.0,17.0,En Operación
2018-06-20 15:25:00,0.0,1012.9,0.0,15.45,2.4,2771.0,2.0,18.0,En Operación
2018-06-20 15:30:00,0.0,1012.9,0.0,15.45,2.4,2772.0,2.0,18.0,En Operación
2018-06-20 15:35:00,0.0,1012.9,0.0,15.45,2.4,2773.0,2.0,18.0,En Operación
2018-06-20 15:40:00,0.0,1012.88,0.0,15.42,2.4,2774.0,1.0,19.0,En Operación
2018-06-20 15:45:00,0.0,1012.85,0.0,15.4,2.4,2775.0,2.0,18.0,En Operación
2018-06-20 15:50:00,0.0,1012.82,0.0,15.38,2.4,2776.0,1.0,19.0,En Operación
2018-06-20 15:55:00,0.0,1012.8,0.0,15.35,2.4,2777.0,1.0,19.0,En Operación
2018-06-20 16:00:00,0.0,1012.8,0.0,15.35,2.4,2778.0,1.0,19.0,En Operación
2018-06-20 16:05:00,0.0,1012.8,0.0,15.35,2.4,2779.0,3.0,17.0,En Operación
2018-06-20 16:10:00,0.0,1012.64,0.0,15.32,2.0,2780.0,3.0,17.0,En Operación
2018-06-20 16:15:00,0.0,1012.47,0.0,15.3,1.6,2781.0,3.0,17.0,En Operación
2018-06-20 16:20:00,0.0,1012.31,0.0,15.28,1.2,2782.0,4.0,16.0,En Operación
2018-06-20 16:25:00,0.0,1012.15,0.0,15.25,0.8,2783.0,4.0,16.0,En Operación
2018-06-20 16:30:00,0.0,1012.15,0.0,15.25,0.8,2784.0,4.0,16.0,En Operación
2018-06-20 16:35:00,0.0,1012.15,0.0,15.25,0.8,2785.0,4.0,16.0,En Operación
2018-06-20 16:40:00,0.0,1012.1,0.0,15.2,0.8,2786.0,4.0,16.0,En Operación
2018-06-20 16:45:00,0.0,1012.05,0.0,15.15,0.8,2787.0,4.0,16.0,En Operación
2018-06-20 16:50:00,0.0,1012.0,0.0,15.1,0.8,2788.0,3.0,17.0,En Operación
2018-06-20 16:55:00,0.0,1011.95,0.0,15.05,0.8,2789.0,3.0,17.0,En Operación
2018-06-20 17:00:00,0.0,1011.95,0.0,15.05,0.8,2790.0,3.0,17.0,En Operación
2018-06-20 17:05:00,0.0,1011.95,0.0,15.05,0.8,2791.0,3.0,17.0,En Operación
2018-06-20 17:10:00,0.0,1011.8,0.0,14.92,0.8,2792.0,3.0,17.0,En Operación
2018-06-20 17:15:00,0.0,1011.65,0.0,14.8,0.8,2793.0,3.0,17.0,En Operación
2018-06-20 17:20:00,0.0,1011.5,0.0,14.68,0.8,2794.0,1.0,19.0,En Operación
2018-06-20 17:25:00,0.0,1011.35,0.0,14.55,0.8,2795.0,2.0,18.0,En Operación
2018-06-20 17:30:00,0.0,1011.35,0.0,14.55,0.8,2796.0,3.0,17.0,En Operación
2018-06-20 17:35:00,0.0,1011.35,0.0,14.55,0.8,2797.0,1.0,19.0,En Operación
2018-06-20 17:40:00,0.0,1011.34,0.0,14.51,0.8,2798.0,1.0,19.0,En Operación
2018-06-20 17:45:00,0.0,1011.32,0.0,14.48,0.8,2799.0,1.0,19.0,En Operación
2018-06-20 17:50:00,0.0,1011.31,0.0,14.44,0.8,2800.0,1.0,19.0,En Operación
2018-06-20 17:55:00,0.0,1011.3,0.0,14.4,0.8,2801.0,2.0,18.0,En Operación
2018-06-20 18:00:00,0.0,1011.3,0.0,14.4,0.8,2802.0,2.0,18.0,En Operación
2018-06-20 18:05:00,0.0,1011.3,0.0,14.4,0.8,2803.0,1.0,19.0,En Operación
2018-06-20 18:10:00,0.0,1011.16,0.0,14.29,0.6,2804.0,2.0,18.0,En Operación
2018-06-20 18:15:00,0.0,1011.02,0.0,14.18,0.4,2805.0,2.0,18.0,En Operación
2018-06-20 18:20:00,0.0,1010.89,0.0,14.06,0.2,2806.0,1.0,19.0,En Operación
2018-06-20 18:25:00,0.0,1010.75,0.0,13.95,0.0,2807.0,1.0,19.0,En Operación
2018-06-20 18:30:00,0.0,1010.75,0.0,13.95,0.0,2808.0,0.0,20.0,En Operación
2018-06-20 18:35:00,0.0,1010.75,0.0,13.95,0.0,2809.0,1.0,19.0,En Operación
2018-06-20 18:40:00,0.0,1010.7,0.0,13.94,0.0,2810.0,2.0,18.0,En Operación
2018-06-20 18:45:00,0.0,1010.65,0.0,13.92,0.0,2811.0,2.0,18.0,En Operación
2018-06-20 18:50:00,0.0,1010.6,0.0,13.91,0.0,2812.0,2.0,18.0,En Operación
2018-06-20 18:55:00,0.0,1010.55,0.0,13.9,0.0,2813.0,3.0,17.0,En Operación
2018-06-20 19:00:00,0.0,1010.55,0.0,13.9,0.0,2814.0,3.0,17.0,En Operación
2018-06-20 19:05:00,0.0,1010.55,0.0,13.9,0.0,2815.0,3.0,17.0,En Operación
2018-06-20 19:10:00,0.0,1010.52,0.0,13.95,0.0,2816.0,2.0,18.0,En Operación
2018-06-20 19:15:00,0.0,1010.5,0.0,14.0,0.0,2817.0,2.0,18.0,En Operación
2018-06-20 19:20:00,0.0,1010.48,0.0,14.05,0.0,2818.0,1.0,19.0,En Operación
2018-06-20 19:25:00,0.0,1010.45,0.0,14.1,0.0,2819.0,1.0,19.0,En Operación
2018-06-20 19:30:00,0.0,1010.45,0.0,14.1,0.0,2820.0,1.0,19.0,En Operación
2018-06-20 19:35:00,0.0,1010.45,0.0,14.1,0.0,2821.0,1.0,19.0,En Operación
2018-06-20 19:40:00,0.0,1010.44,0.0,14.11,0.0,2822.0,2.0,18.0,En Operación
2018-06-20 19:45:00,0.0,1010.42,0.0,14.12,0.0,2823.0,1.0,19.0,En Operación
2018-06-20 19:50:00,0.0,1010.41,0.0,14.14,0.0,2824.0,1.0,19.0,En Operación
2018-06-20 19:55:00,0.0,1010.4,0.0,14.15,0.0,2825.0,1.0,19.0,En Operación
2018-06-20 20:00:00,0.0,1010.4,0.0,14.15,0.0,2826.0,1.0,19.0,En Operación
2018-06-20 20:05:00,0.0,1010.4,0.0,14.15,0.0,2827.0,1.0,19.0,En Operación
2018-06-20 20:10:00,0.0,1010.29,0.0,14.16,0.0,2828.0,1.0,19.0,En Operación
2018-06-20 20:15:00,0.0,1010.18,0.0,14.18,0.0,2829.0,1.0,19.0,En Operación
2018-06-20 20:20:00,0.0,1010.06,0.0,14.19,0.0,2830.0,1.0,19.0,En Operación
2018-06-20 20:25:00,0.0,1009.95,0.0,14.2,0.0,2831.0,1.0,19.0,En Operación
2018-06-20 20:30:00,0.0,1009.95,0.0,14.2,0.0,2832.0,1.0,19.0,En Operación
2018-06-20 20:35:00,0.0,1009.95,0.0,14.2,0.0,2833.0,0.0,20.0,En Operación
2018-06-20 20:40:00,0.0,1009.9,0.0,14.32,0.6,2834.0,0.0,20.0,En Operación
2018-06-20 20:45:00,0.0,1009.85,0.0,14.45,1.2,2835.0,0.0,20.0,En Operación
2018-06-20 20:50:00,0.0,1009.8,0.0,14.58,1.8,2836.0,0.0,20.0,En Operación
2018-06-20 20:55:00,0.0,1009.75,0.0,14.7,2.4,2837.0,0.0,20.0,En Operación
2018-06-20 21:00:00,0.0,1009.75,0.0,14.7,2.4,2838.0,1.0,19.0,En Operación
2018-06-20 21:05:00,0.0,1009.75,0.0,14.7,2.4,2839.0,1.0,19.0,En Operación
2018-06-20 21:10:00,0.0,1009.74,0.0,14.91,2.0,2840.0,1.0,19.0,En Operación
2018-06-20 21:15:00,0.0,1009.72,0.0,15.12,1.6,2841.0,2.0,18.0,En Operación
2018-06-20 21:20:00,0.0,1009.71,0.0,15.34,1.2,2842.0,2.0,18.0,En Operación
2018-06-20 21:25:00,0.0,1009.7,0.0,15.55,0.8,2843.0,2.0,18.0,En Operación
2018-06-20 21:30:00,0.0,1009.7,0.0,15.55,0.8,2844.0,2.0,18.0,En Operación
2018-06-20 21:35:00,0.0,1009.7,0.0,15.55,0.8,2845.0,2.0,18.0,En Operación
2018-06-20 21:40:00,0.0,1009.69,0.0,15.68,2.21,2846.0,2.0,18.0,En Operación
2018-06-20 21:45:00,0.0,1009.68,0.0,15.8,3.62,2847.0,2.0,18.0,En Operación
2018-06-20 21:50:00,0.0,1009.66,0.0,15.92,5.04,2848.0,3.0,17.0,En Operación
2018-06-20 21:55:00,0.0,1009.65,0.0,16.05,6.45,2849.0,2.0,18.0,En Operación
2018-06-20 22:00:00,0.0,1009.65,0.0,16.05,6.45,2850.0,2.0,18.0,En Operación
2018-06-20 22:05:00,0.0,1009.65,0.0,16.05,6.45,2851.0,2.0,18.0,En Operación
2018-06-20 22:10:00,0.0,1009.59,0.0,16.16,6.45,2852.0,2.0,18.0,En Operación
2018-06-20 22:15:00,0.0,1009.52,0.0,16.27,6.45,2853.0,2.0,18.0,En Operación
2018-06-20 22:20:00,0.0,1009.46,0.0,16.39,6.45,2854.0,3.0,17.0,En Operación
2018-06-20 22:25:00,0.0,1009.4,0.0,16.5,6.45,2855.0,5.0,15.0,En Operación
2018-06-20 22:30:00,0.0,1009.4,0.0,16.5,6.45,2856.0,5.0,15.0,En Operación
2018-06-20 22:35:00,0.0,1009.4,0.0,16.5,6.45,2857.0,5.0,15.0,En Operación
2018-06-20 22:40:00,0.0,1009.36,0.0,16.5,5.64,2858.0,4.0,16.0,En Operación
2018-06-20 22:45:00,0.0,1009.32,0.0,16.5,4.82,2859.0,4.0,16.0,En Operación
2018-06-20 22:50:00,0.0,1009.29,0.0,16.5,4.01,2860.0,4.0,16.0,En Operación
2018-06-20 22:55:00,0.0,1009.25,0.0,16.5,3.2,2861.0,4.0,16.0,En Operación
2018-06-20 23:00:00,0.0,1009.25,0.0,16.5,3.2,2862.0,4.0,16.0,En Operación
2018-06-20 23:05:00,0.0,1009.25,0.0,16.5,3.2,2863.0,4.0,16.0,En Operación
2018-06-20 23:10:00,0.0,1009.15,0.0,16.48,3.2,2864.0,4.0,16.0,En Operación
2018-06-20 23:15:00,0.0,1009.05,0.0,16.45,3.2,2865.0,4.0,16.0,En Operación
2018-06-20 23:20:00,0.0,1008.95,0.0,16.42,3.2,2866.0,4.0,16.0,En Operación
2018-06-20 23:25:00,0.0,1008.85,0.0,16.4,3.2,2867.0,4.0,16.0,En Operación
2018-06-20 23:30:00,0.0,1008.85,0.0,16.4,3.2,2868.0,4.0,16.0,En Operación
2018-06-20 23:35:00,0.0,1008.85,0.0,16.4,3.2,2869.0,4.0,16.0,En Operación
2018-06-20 23:40:00,0.0,1008.85,0.0,16.39,3.61,2870.0,4.0,16.0,En Operación
2018-06-20 23:45:00,0.0,1008.85,0.0,16.38,4.03,2871.0,4.0,16.0,En Operación
2018-06-20 23:50:00,0.0,1008.85,0.0,16.36,4.44,2872.0,4.0,16.0,En Operación
2018-06-20 23:55:00,0.0,1008.85,0.0,16.35,4.85,2873.0,4.0,16.0,En Operación
2018-06-21 00:00:00,0.0,1008.85,0.0,16.35,4.85,2874.0,4.0,16.0,En Operación
2018-06-21 00:05:00,0.0,1008.85,0.0,16.35,4.85,2875.0,4.0,16.0,En Operación
2018-06-21 00:10:00,0.0,1008.84,0.0,16.41,4.24,2876.0,4.0,16.0,En Operación
2018-06-21 00:15:00,0.0,1008.82,0.0,16.48,3.62,2877.0,4.0,16.0,En Operación
2018-06-21 00:20:00,0.0,1008.81,0.0,16.54,3.01,2878.0,4.0,16.0,En Operación
2018-06-21 00:25:00,0.0,1008.8,0.0,16.6,2.4,2879.0,4.0,16.0,En Operación
2018-06-21 00:30:00,0.0,1008.8,0.0,16.6,2.4,2880.0,4.0,16.0,En Operación
2018-06-21 00:35:00,0.0,1008.8,0.0,16.6,2.4,2881.0,4.0,16.0,En Operación
2018-06-21 00:40:00,0.0,1008.79,0.0,16.6,2.4,2882.0,4.0,16.0,En Operación
2018-06-21 00:45:00,0.0,1008.78,0.0,16.6,2.4,2883.0,4.0,16.0,En Operación
2018-06-21 00:50:00,0.0,1008.76,0.0,16.6,2.4,2884.0,4.0,16.0,En Operación
2018-06-21 00:55:00,0.0,1008.75,0.0,16.6,2.4,2885.0,4.0,16.0,En Operación
2018-06-21 01:00:00,0.0,1008.75,0.0,16.6,2.4,2886.0,4.0,16.0,En Operación
2018-06-21 01:05:00,0.0,1008.75,0.0,16.6,2.4,2887.0,4.0,16.0,En Operación
2018-06-21 01:10:00,0.0,1008.74,0.0,16.81,3.2,2888.0,4.0,16.0,En Operación
2018-06-21 01:15:00,0.0,1008.72,0.0,17.02,4.0,2889.0,4.0,16.0,En Operación
2018-06-21 01:20:00,0.0,1008.71,0.0,17.24,4.8,2890.0,4.0,16.0,En Operación
2018-06-21 01:25:00,0.0,1008.7,0.0,17.45,5.6,2891.0,4.0,16.0,En Operación
2018-06-21 01:30:00,0.0,1008.7,0.0,17.45,5.6,2892.0,4.0,16.0,En Operación
2018-06-21 01:35:00,0.0,1008.7,0.0,17.45,5.6,2893.0,4.0,16.0,En Operación
2018-06-21 01:40:00,0.0,1008.69,0.0,17.51,6.81,2894.0,4.0,16.0,En Operación
2018-06-21 01:45:00,0.0,1008.68,0.0,17.58,8.02,2895.0,4.0,16.0,En Operación
2018-06-21 01:50:00,0.0,1008.66,0.0,17.64,9.24,2896.0,4.0,16.0,En Operación
2018-06-21 01:55:00,0.0,1008.65,0.0,17.7,10.45,2897.0,4.0,16.0,En Operación
2018-06-21 02:00:00,0.0,1008.65,0.0,17.7,10.45,2898.0,4.0,16.0,En Operación
2018-06-21 02:05:00,0.0,1008.65,0.0,17.7,10.45,2899.0,4.0,16.0,En Operación
2018-06-21 02:10:00,0.04,1008.56,0.0,17.88,9.84,2900.0,4.0,16.0,En Operación
2018-06-21 02:15:00,0.08,1008.47,0.0,18.05,9.22,2901.0,4.0,16.0,En Operación
2018-06-21 02:20:00,0.11,1008.39,0.0,18.22,8.61,2902.0,4.0,16.0,En Operación
2018-06-21 02:25:00,0.15,1008.3,0.0,18.4,8.0,2903.0,4.0,16.0,En Operación
2018-06-21 02:30:00,0.15,1008.3,0.0,18.4,8.0,2904.0,4.0,16.0,En Operación
2018-06-21 02:35:00,0.15,1008.3,0.0,18.4,8.0,2905.0,4.0,16.0,En Operación
2018-06-21 02:40:00,0.15,1008.31,0.0,18.34,7.8,2906.0,4.0,16.0,En Operación
2018-06-21 02:45:00,0.15,1008.32,0.0,18.27,7.6,2907.0,4.0,16.0,En Operación
2018-06-21 02:50:00,0.15,1008.34,0.0,18.21,7.4,2908.0,4.0,16.0,En Operación
2018-06-21 02:55:00,0.15,1008.35,0.0,18.15,7.2,2909.0,4.0,16.0,En Operación
2018-06-21 03:00:00,0.15,1008.35,0.0,18.15,7.2,2910.0,4.0,16.0,En Operación
2018-06-21 03:05:00,0.15,1008.35,0.0,18.15,7.2,2911.0,4.0,16.0,En Operación
2018-06-21 03:10:00,0.15,1008.46,0.0,18.14,7.41,2912.0,4.0,16.0,En Operación
2018-06-21 03:15:00,0.15,1008.58,0.0,18.12,7.62,2913.0,4.0,16.0,En Operación
2018-06-21 03:20:00,0.15,1008.69,0.0,18.11,7.84,2914.0,4.0,16.0,En Operación
2018-06-21 03:25:00,0.15,1008.8,0.0,18.1,8.05,2915.0,4.0,16.0,En Operación
2018-06-21 03:30:00,0.15,1008.8,0.0,18.1,8.05,2916.0,4.0,16.0,En Operación
2018-06-21 03:35:00,0.15,1008.8,0.0,18.1,8.05,2917.0,4.0,16.0,En Operación
2018-06-21 03:40:00,0.15,1008.78,0.0,18.01,7.85,2918.0,4.0,16.0,En Operación
2018-06-21 03:45:00,0.15,1008.75,0.0,17.92,7.65,2919.0,4.0,16.0,En Operación
2018-06-21 03:50:00,0.15,1008.72,0.0,17.84,7.45,2920.0,4.0,16.0,En Operación
2018-06-21 03:55:00,0.15,1008.7,0.0,17.75,7.25,2921.0,4.0,16.0,En Operación
2018-06-21 04:00:00,0.15,1008.7,0.0,17.75,7.25,2922.0,4.0,16.0,En Operación
2018-06-21 04:05:00,0.15,1008.7,0.0,17.75,7.25,2923.0,4.0,16.0,En Operación
2018-06-21 04:10:00,0.18,1008.8,0.0,17.64,6.85,2924.0,4.0,16.0,En Operación
2018-06-21 04:15:00,0.2,1008.9,0.0,17.52,6.45,2925.0,4.0,16.0,En Operación
2018-06-21 04:20:00,0.22,1009.0,0.0,17.41,6.05,2926.0,4.0,16.0,En Operación
2018-06-21 04:25:00,0.25,1009.1,0.0,17.3,5.65,2927.0,4.0,16.0,En Operación
2018-06-21 04:30:00,0.25,1009.1,0.0,17.3,5.65,2928.0,4.0,16.0,En Operación
2018-06-21 04:35:00,0.25,1009.1,0.0,17.3,5.65,2929.0,4.0,16.0,En Operación
2018-06-21 04:40:00,0.25,1009.16,0.0,17.24,6.65,2930.0,4.0,16.0,En Operación
2018-06-21 04:45:00,0.25,1009.22,0.0,17.18,7.65,2931.0,4.0,16.0,En Operación
2018-06-21 04:50:00,0.25,1009.29,0.0,17.11,8.65,2932.0,4.0,16.0,En Operación
2018-06-21 04:55:00,0.25,1009.35,0.0,17.05,9.65,2933.0,4.0,16.0,En Operación
2018-06-21 05:00:00,0.25,1009.35,0.0,17.05,9.65,2934.0,4.0,16.0,En Operación
2018-06-21 05:05:00,0.25,1009.35,0.0,17.05,9.65,2935.0,4.0,16.0,En Operación
2018-06-21 05:10:00,0.25,1009.48,0.0,16.84,8.84,2936.0,4.0,16.0,En Operación
2018-06-21 05:15:00,0.25,1009.6,0.0,16.62,8.02,2937.0,4.0,16.0,En Operación
2018-06-21 05:20:00,0.25,1009.72,0.0,16.41,7.21,2938.0,4.0,16.0,En Operación
2018-06-21 05:25:00,0.25,1009.85,0.0,16.2,6.4,2939.0,4.0,16.0,En Operación
2018-06-21 05:30:00,0.25,1009.85,0.0,16.2,6.4,2940.0,4.0,16.0,En Operación
2018-06-21 05:35:00,0.25,1009.85,0.0,16.2,6.4,2941.0,4.0,16.0,En Operación
2018-06-21 05:40:00,0.25,1009.91,0.0,16.09,6.0,2942.0,4.0,16.0,En Operación
2018-06-21 05:45:00,0.25,1009.98,0.0,15.98,5.6,2943.0,4.0,16.0,En Operación
2018-06-21 05:50:00,0.25,1010.04,0.0,15.86,5.2,2944.0,4.0,16.0,En Operación
2018-06-21 05:55:00,0.25,1010.1,0.0,15.75,4.8,2945.0,4.0,16.0,En Operación
2018-06-21 06:00:00,0.25,1010.1,0.0,15.75,4.8,2946.0,4.0,16.0,En Operación
2018-06-21 06:05:00,0.25,1010.1,0.0,15.75,4.8,2947.0,4.0,16.0,En Operación
2018-06-21 06:10:00,0.25,1010.34,0.0,15.52,7.62,2948.0,4.0,16.0,En Operación
2018-06-21 06:15:00,0.25,1010.58,0.0,15.3,10.45,2949.0,4.0,16.0,En Operación
2018-06-21 06:20:00,0.25,1010.81,0.0,15.08,13.28,2950.0,4.0,16.0,En Operación
2018-06-21 06:25:00,0.25,1011.05,0.0,14.85,16.1,2951.0,4.0,16.0,En Operación
2018-06-21 06:30:00,0.25,1011.05,0.0,14.85,16.1,2952.0,4.0,16.0,En Operación
2018-06-21 06:35:00,0.25,1011.05,0.0,14.85,16.1,2953.0,4.0,16.0,En Operación
2018-06-21 06:40:00,0.25,1011.12,0.0,14.76,14.29,2954.0,4.0,16.0,En Operación
2018-06-21 06:45:00,0.25,1011.2,0.0,14.68,12.48,2955.0,4.0,16.0,En Operación
2018-06-21 06:50:00,0.25,1011.28,0.0,14.59,10.66,2956.0,4.0,16.0,En Operación
2018-06-21 06:55:00,0.25,1011.35,0.0,14.5,8.85,2957.0,4.0,16.0,En Operación
2018-06-21 07:00:00,0.25,1011.35,0.0,14.5,8.85,2958.0,4.0,16.0,En Operación
2018-06-21 07:05:00,0.25,1011.35,0.0,14.5,8.85,2959.0,4.0,16.0,En Operación
2018-06-21 07:10:00,0.25,1011.56,0.0,14.22,8.05,2960.0,4.0,16.0,En Operación
2018-06-21 07:15:00,0.25,1011.78,0.0,13.95,7.25,2961.0,4.0,16.0,En Operación
2018-06-21 07:20:00,0.25,1011.99,0.0,13.68,6.45,2962.0,4.0,16.0,En Operación
2018-06-21 07:25:00,0.25,1012.2,0.0,13.4,5.65,2963.0,4.0,16.0,En Operación
2018-06-21 07:30:00,0.25,1012.2,0.0,13.4,5.65,2964.0,4.0,16.0,En Operación
2018-06-21 07:35:00,0.25,1012.2,0.0,13.4,5.65,2965.0,4.0,16.0,En Operación
2018-06-21 07:40:00,0.25,1012.29,0.0,13.3,5.65,2966.0,4.0,16.0,En Operación
2018-06-21 07:45:00,0.25,1012.38,0.0,13.2,5.65,2967.0,4.0,16.0,En Operación
2018-06-21 07:50:00,0.25,1012.46,0.0,13.1,5.65,2968.0,4.0,16.0,En Operación
2018-06-21 07:55:00,0.25,1012.55,0.0,13.0,5.65,2969.0,4.0,16.0,En Operación
2018-06-21 08:00:00,0.25,1012.55,0.0,13.0,5.65,2970.0,4.0,16.0,En Operación
2018-06-21 08:05:00,0.25,1012.55,0.0,13.0,5.65,2971.0,4.0,16.0,En Operación
2018-06-21 08:10:00,0.25,1012.72,0.0,12.79,5.85,2972.0,4.0,16.0,En Operación
2018-06-21 08:15:00,0.25,1012.9,0.0,12.58,6.05,2973.0,4.0,16.0,En Operación
2018-06-21 08:20:00,0.25,1013.08,0.0,12.36,6.25,2974.0,4.0,16.0,En Operación
2018-06-21 08:25:00,0.25,1013.25,0.0,12.15,6.45,2975.0,4.0,16.0,En Operación
2018-06-21 08:30:00,0.25,1013.25,0.0,12.15,6.45,2976.0,4.0,16.0,En Operación
2018-06-21 08:35:00,0.25,1013.25,0.0,12.15,6.45,2977.0,4.0,16.0,En Operación
2018-06-21 08:40:00,0.25,1013.26,0.0,12.12,7.05,2978.0,4.0,16.0,En Operación
2018-06-21 08:45:00,0.25,1013.28,0.0,12.1,7.65,2979.0,4.0,16.0,En Operación
2018-06-21 08:50:00,0.25,1013.29,0.0,12.08,8.25,2980.0,4.0,16.0,En Operación
2018-06-21 08:55:00,0.25,1013.3,0.0,12.05,8.85,2981.0,4.0,16.0,En Operación
2018-06-21 09:00:00,0.25,1013.3,0.0,12.05,8.85,2982.0,4.0,16.0,En Operación
2018-06-21 09:05:00,0.25,1013.3,0.0,12.05,8.85,2983.0,4.0,16.0,En Operación
2018-06-21 09:10:00,0.25,1013.49,0.0,11.99,7.64,2984.0,4.0,16.0,En Operación
2018-06-21 09:15:00,0.25,1013.68,0.0,11.92,6.42,2985.0,4.0,16.0,En Operación
2018-06-21 09:20:00,0.25,1013.86,0.0,11.86,5.21,2986.0,4.0,16.0,En Operación
2018-06-21 09:25:00,0.25,1014.05,0.0,11.8,4.0,2987.0,4.0,16.0,En Operación
2018-06-21 09:30:00,0.25,1014.05,0.0,11.8,4.0,2988.0,4.0,16.0,En Operación
2018-06-21 09:35:00,0.25,1014.05,0.0,11.8,4.0,2989.0,4.0,16.0,En Operación
2018-06-21 09:40:00,0.25,1014.21,0.0,11.88,5.01,2990.0,4.0,16.0,En Operación
2018-06-21 09:45:00,0.25,1014.38,0.0,11.95,6.02,2991.0,4.0,16.0,En Operación
2018-06-21 09:50:00,0.25,1014.54,0.0,12.02,7.04,2992.0,0.0,0.0,Fuera de Servicio
2018-06-21 09:55:00,0.25,1014.7,0.0,12.1,8.05,2993.0,0.0,0.0,Fuera de Servicio
2018-06-21 10:00:00,0.25,1014.7,0.0,12.1,8.05,,,,
2018-06-21 10:05:00,0.25,1014.7,0.0,12.1,8.05,2995.0,0.0,0.0,Fuera de Servicio
2018-06-21 10:10:00,0.25,1014.81,0.0,12.25,8.45,2996.0,0.0,0.0,Fuera de Servicio
2018-06-21 10:15:00,0.25,1014.92,0.0,12.4,8.85,2997.0,0.0,0.0,Fuera de Servicio
2018-06-21 10:20:00,0.25,1015.04,0.0,12.55,9.25,2998.0,0.0,0.0,Fuera de Servicio
2018-06-21 10:25:00,0.25,1015.15,0.0,12.7,9.65,2999.0,0.0,0.0,Fuera de Servicio
2018-06-21 10:30:00,0.25,1015.15,0.0,12.7,9.65,3000.0,0.0,0.0,Fuera de Servicio
2018-06-21 10:35:00,0.25,1015.15,0.0,12.7,9.65,3001.0,0.0,0.0,Fuera de Servicio
2018-06-21 10:40:00,0.25,1015.21,0.0,12.82,9.25,3002.0,0.0,0.0,Fuera de Servicio
2018-06-21 10:45:00,0.25,1015.28,0.0,12.95,8.85,3003.0,0.0,0.0,Fuera de Servicio
2018-06-21 10:50:00,0.25,1015.34,0.0,13.08,8.45,3004.0,0.0,0.0,Fuera de Servicio
2018-06-21 10:55:00,0.25,1015.4,0.0,13.2,8.05,3005.0,0.0,0.0,Fuera de Servicio
2018-06-21 11:00:00,0.25,1015.4,0.0,13.2,8.05,3006.0,0.0,0.0,Fuera de Servicio
2018-06-21 11:05:00,0.25,1015.4,0.0,13.2,8.05,3007.0,0.0,0.0,Fuera de Servicio
2018-06-21 11:10:00,0.25,1015.51,0.0,13.38,8.45,3008.0,0.0,0.0,Fuera de Servicio
2018-06-21 11:15:00,0.25,1015.62,0.0,13.55,8.85,3009.0,0.0,0.0,Fuera de Servicio
2018-06-21 11:20:00,0.25,1015.74,0.0,13.72,9.25,3010.0,0.0,0.0,Fuera de Servicio
2018-06-21 11:25:00,0.25,1015.85,0.0,13.9,9.65,3011.0,0.0,0.0,Fuera de Servicio
2018-06-21 11:30:00,0.25,1015.85,0.0,13.9,9.65,3012.0,0.0,0.0,Fuera de Servicio
2018-06-21 11:35:00,0.25,1015.85,0.0,13.9,9.65,3013.0,0.0,0.0,Fuera de Servicio
2018-06-21 11:40:00,0.25,1015.81,0.0,13.99,9.65,3014.0,0.0,0.0,Fuera de Servicio
2018-06-21 11:45:00,0.25,1015.78,0.0,14.08,9.65,3015.0,0.0,0.0,Fuera de Servicio
2018-06-21 11:50:00,0.25,1015.74,0.0,14.16,9.65,3016.0,0.0,0.0,Fuera de Servicio
2018-06-21 11:55:00,0.25,1015.7,0.0,14.25,9.65,3017.0,0.0,0.0,Fuera de Servicio
2018-06-21 12:00:00,0.25,1015.7,0.0,14.25,9.65,3018.0,0.0,0.0,Fuera de Servicio
2018-06-21 12:05:00,0.25,1015.7,0.0,14.25,9.65,3019.0,0.0,0.0,Fuera de Servicio
2018-06-21 12:10:00,0.25,1015.75,0.0,14.46,11.46,3020.0,0.0,0.0,Fuera de Servicio
2018-06-21 12:15:00,0.25,1015.8,0.0,14.68,13.27,3021.0,0.0,0.0,Fuera de Servicio
2018-06-21 12:20:00,0.25,1015.85,0.0,14.89,15.09,3022.0,0.0,0.0,Fuera de Servicio
2018-06-21 12:25:00,0.25,1015.9,0.0,15.1,16.9,3023.0,0.0,0.0,Fuera de Servicio
2018-06-21 12:30:00,0.25,1015.9,0.0,15.1,16.9,3024.0,0.0,0.0,Fuera de Servicio
2018-06-21 12:35:00,0.25,1015.9,0.0,15.1,16.9,3025.0,0.0,0.0,Fuera de Servicio
2018-06-21 12:40:00,0.25,1015.9,0.0,15.11,15.69,3026.0,0.0,0.0,Fuera de Servicio
2018-06-21 12:45:00,0.25,1015.9,0.0,15.12,14.48,3027.0,0.0,0.0,Fuera de Servicio
2018-06-21 12:50:00,0.25,1015.9,0.0,15.14,13.26,3028.0,0.0,0.0,Fuera de Servicio
2018-06-21 12:55:00,0.25,1015.9,0.0,15.15,12.05,3029.0,0.0,0.0,Fuera de Servicio
2018-06-21 13:00:00,0.25,1015.9,0.0,15.15,12.05,3030.0,0.0,0.0,Fuera de Servicio
2018-06-21 13:05:00,0.25,1015.9,0.0,15.15,12.05,3031.0,0.0,0.0,Fuera de Servicio
2018-06-21 13:10:00,0.25,1015.86,0.0,15.19,11.05,3032.0,0.0,0.0,Fuera de Servicio
2018-06-21 13:15:00,0.25,1015.82,0.0,15.23,10.05,3033.0,0.0,0.0,Fuera de Servicio
2018-06-21 13:20:00,0.25,1015.79,0.0,15.26,9.05,3034.0,0.0,0.0,Fuera de Servicio
2018-06-21 13:25:00,0.25,1015.75,0.0,15.3,8.05,3035.0,0.0,0.0,Fuera de Servicio
2018-06-21 13:30:00,0.25,1015.75,0.0,15.3,8.05,3036.0,0.0,0.0,Fuera de Servicio
2018-06-21 13:35:00,0.25,1015.75,0.0,15.3,8.05,3037.0,0.0,0.0,Fuera de Servicio
2018-06-21 13:40:00,0.25,1015.79,0.0,15.32,9.86,3038.0,0.0,0.0,Fuera de Servicio
2018-06-21 13:45:00,0.25,1015.82,0.0,15.35,11.68,3039.0,0.0,0.0,Fuera de Servicio
2018-06-21 13:50:00,0.25,1015.86,0.0,15.38,13.49,3040.0,0.0,0.0,Fuera de Servicio
2018-06-21 13:55:00,0.25,1015.9,0.0,15.4,15.3,3041.0,0.0,0.0,Fuera de Servicio
2018-06-21 14:00:00,0.25,1015.9,0.0,15.4,15.3,3042.0,0.0,0.0,Fuera de Servicio
2018-06-21 14:05:00,0.25,1015.9,0.0,15.4,15.3,3043.0,0.0,0.0,Fuera de Servicio
2018-06-21 14:10:00,0.25,1015.94,0.0,15.42,14.3,3044.0,0.0,0.0,Fuera de Servicio
2018-06-21 14:15:00,0.25,1015.97,0.0,15.45,13.3,3045.0,0.0,0.0,Fuera de Servicio
2018-06-21 14:20:00,0.25,1016.01,0.0,15.48,12.3,3046.0,0.0,0.0,Fuera de Servicio
2018-06-21 14:25:00,0.25,1016.05,0.0,15.5,11.3,3047.0,0.0,0.0,Fuera de Servicio
2018-06-21 14:30:00,0.25,1016.05,0.0,15.5,11.3,3048.0,0.0,0.0,Fuera de Servicio
2018-06-21 14:35:00,0.25,1016.05,0.0,15.5,11.3,3049.0,0.0,0.0,Fuera de Servicio
2018-06-21 14:40:00,0.25,1016.05,0.0,15.49,11.9,3050.0,0.0,0.0,Fuera de Servicio
2018-06-21 14:45:00,0.25,1016.05,0.0,15.48,12.5,3051.0,0.0,0.0,Fuera de Servicio
2018-06-21 14:50:00,0.25,1016.05,0.0,15.46,13.1,3052.0,0.0,0.0,Fuera de Servicio
2018-06-21 14:55:00,0.25,1016.05,0.0,15.45,13.7,3053.0,0.0,0.0,Fuera de Servicio
2018-06-21 15:00:00,0.25,1016.05,0.0,15.45,13.7,3054.0,0.0,0.0,Fuera de Servicio
2018-06-21 15:05:00,0.25,1016.05,0.0,15.45,13.7,3055.0,0.0,0.0,Fuera de Servicio
2018-06-21 15:10:00,0.25,1016.02,0.0,15.45,12.89,3056.0,0.0,0.0,Fuera de Servicio
2018-06-21 15:15:00,0.25,1016.0,0.0,15.45,12.08,3057.0,0.0,0.0,Fuera de Servicio
2018-06-21 15:20:00,0.25,1015.98,0.0,15.45,11.26,3058.0,0.0,0.0,Fuera de Servicio
2018-06-21 15:25:00,0.25,1015.95,0.0,15.45,10.45,3059.0,0.0,0.0,Fuera de Servicio
2018-06-21 15:30:00,0.25,1015.95,0.0,15.45,10.45,3060.0,0.0,0.0,Fuera de Servicio
2018-06-21 15:35:00,0.25,1015.95,0.0,15.45,10.45,3061.0,0.0,0.0,Fuera de Servicio
2018-06-21 15:40:00,0.25,1015.98,0.0,15.45,10.25,3062.0,0.0,0.0,Fuera de Servicio
2018-06-21 15:45:00,0.25,1016.0,0.0,15.45,10.05,3063.0,0.0,0.0,Fuera de Servicio
2018-06-21 15:50:00,0.25,1016.02,0.0,15.45,9.85,3064.0,0.0,0.0,Fuera de Servicio
2018-06-21 15:55:00,0.25,1016.05,0.0,15.45,9.65,3065.0,0.0,0.0,Fuera de Servicio
2018-06-21 16:00:00,0.25,1016.05,0.0,15.45,9.65,3066.0,0.0,0.0,Fuera de Servicio
2018-06-21 16:05:00,0.25,1016.05,0.0,15.45,9.65,3067.0,0.0,0.0,Fuera de Servicio
2018-06-21 16:10:00,0.25,1016.08,0.0,15.42,10.06,3068.0,0.0,0.0,Fuera de Servicio
2018-06-21 16:15:00,0.25,1016.1,0.0,15.4,10.48,3069.0,0.0,0.0,Fuera de Servicio
2018-06-21 16:20:00,0.25,1016.12,0.0,15.38,10.89,3070.0,0.0,0.0,Fuera de Servicio
2018-06-21 16:25:00,0.25,1016.15,0.0,15.35,11.3,3071.0,0.0,0.0,Fuera de Servicio
2018-06-21 16:30:00,0.25,1016.15,0.0,15.35,11.3,3072.0,0.0,0.0,Fuera de Servicio
2018-06-21 16:35:00,0.25,1016.15,0.0,15.35,11.3,3073.0,0.0,0.0,Fuera de Servicio
2018-06-21 16:40:00,0.25,1016.21,0.0,15.32,10.09,3074.0,0.0,0.0,Fuera de Servicio
2018-06-21 16:45:00,0.25,1016.28,0.0,15.3,8.88,3075.0,0.0,0.0,Fuera de Servicio
2018-06-21 16:50:00,0.25,1016.34,0.0,15.28,7.66,3076.0,0.0,0.0,Fuera de Servicio
2018-06-21 16:55:00,0.25,1016.4,0.0,15.25,6.45,3077.0,0.0,0.0,Fuera de Servicio
2018-06-21 17:00:00,0.25,1016.4,0.0,15.25,6.45,3078.0,0.0,0.0,Fuera de Servicio
2018-06-21 17:05:00,0.25,1016.4,0.0,15.25,6.45,3079.0,0.0,0.0,Fuera de Servicio
2018-06-21 17:10:00,0.25,1016.56,0.0,15.05,6.05,3080.0,0.0,0.0,Fuera de Servicio
2018-06-21 17:15:00,0.25,1016.72,0.0,14.85,5.65,3081.0,0.0,0.0,Fuera de Servicio
2018-06-21 17:20:00,0.25,1016.89,0.0,14.65,5.25,3082.0,0.0,0.0,Fuera de Servicio
2018-06-21 17:25:00,0.25,1017.05,0.0,14.45,4.85,3083.0,0.0,0.0,Fuera de Servicio
2018-06-21 17:30:00,0.25,1017.05,0.0,14.45,4.85,3084.0,0.0,0.0,Fuera de Servicio
2018-06-21 17:35:00,0.25,1017.05,0.0,14.45,4.85,3085.0,0.0,0.0,Fuera de Servicio
2018-06-21 17:40:00,0.25,1017.11,0.0,14.38,5.65,3086.0,0.0,0.0,Fuera de Servicio
2018-06-21 17:45:00,0.25,1017.18,0.0,14.3,6.45,3087.0,0.0,0.0,Fuera de Servicio
2018-06-21 17:50:00,0.25,1017.24,0.0,14.22,7.25,3088.0,0.0,0.0,Fuera de Servicio
2018-06-21 17:55:00,0.25,1017.3,0.0,14.15,8.05,3089.0,0.0,0.0,Fuera de Servicio
2018-06-21 18:00:00,0.25,1017.3,0.0,14.15,8.05,3090.0,0.0,0.0,Fuera de Servicio
2018-06-21 18:05:00,0.25,1017.3,0.0,14.15,8.05,3091.0,0.0,0.0,Fuera de Servicio
2018-06-21 18:10:00,0.25,1017.45,0.0,13.99,7.04,3092.0,0.0,0.0,Fuera de Servicio
2018-06-21 18:15:00,0.25,1017.6,0.0,13.82,6.02,3093.0,0.0,0.0,Fuera de Servicio
2018-06-21 18:20:00,0.25,1017.75,0.0,13.66,5.01,3094.0,0.0,0.0,Fuera de Servicio
2018-06-21 18:25:00,0.25,1017.9,0.0,13.5,4.0,3095.0,0.0,0.0,Fuera de Servicio
2018-06-21 18:30:00,0.25,1017.9,0.0,13.5,4.0,3096.0,0.0,0.0,Fuera de Servicio
2018-06-21 18:35:00,0.25,1017.9,0.0,13.5,4.0,3097.0,0.0,0.0,Fuera de Servicio
2018-06-21 18:40:00,0.25,1017.92,0.0,13.45,4.0,3098.0,0.0,0.0,Fuera de Servicio
2018-06-21 18:45:00,0.25,1017.95,0.0,13.4,4.0,3099.0,0.0,0.0,Fuera de Servicio
2018-06-21 18:50:00,0.25,1017.98,0.0,13.35,4.0,3100.0,0.0,0.0,Fuera de Servicio
2018-06-21 18:55:00,0.25,1018.0,0.0,13.3,4.0,3101.0,0.0,0.0,Fuera de Servicio
2018-06-21 19:00:00,0.25,1018.0,0.0,13.3,4.0,3102.0,0.0,0.0,Fuera de Servicio
2018-06-21 19:05:00,0.25,1018.0,0.0,13.3,4.0,3103.0,0.0,0.0,Fuera de Servicio
2018-06-21 19:10:00,0.25,1018.09,0.0,13.16,3.6,3104.0,0.0,0.0,Fuera de Servicio
2018-06-21 19:15:00,0.25,1018.18,0.0,13.02,3.2,3105.0,0.0,0.0,Fuera de Servicio
2018-06-21 19:20:00,0.25,1018.26,0.0,12.89,2.8,3106.0,0.0,0.0,Fuera de Servicio
2018-06-21 19:25:00,0.25,1018.35,0.0,12.75,2.4,3107.0,0.0,0.0,Fuera de Servicio
2018-06-21 19:30:00,0.25,1018.35,0.0,12.75,2.4,3108.0,0.0,0.0,Fuera de Servicio
2018-06-21 19:35:00,0.25,1018.35,0.0,12.75,2.4,3109.0,0.0,0.0,Fuera de Servicio
2018-06-21 19:40:00,0.25,1018.34,0.0,12.71,2.4,3110.0,0.0,0.0,Fuera de Servicio
2018-06-21 19:45:00,0.25,1018.32,0.0,12.68,2.4,3111.0,0.0,0.0,Fuera de Servicio
2018-06-21 19:50:00,0.25,1018.31,0.0,12.64,2.4,3112.0,0.0,0.0,Fuera de Servicio
2018-06-21 19:55:00,0.25,1018.3,0.0,12.6,2.4,3113.0,0.0,0.0,Fuera de Servicio
2018-06-21 20:00:00,0.25,1018.3,0.0,12.6,2.4,3114.0,0.0,0.0,Fuera de Servicio
2018-06-21 20:05:00,0.25,1018.3,0.0,12.6,2.4,3115.0,0.0,0.0,Fuera de Servicio
2018-06-21 20:10:00,0.25,1018.44,0.0,12.35,1.8,3116.0,0.0,0.0,Fuera de Servicio
2018-06-21 20:15:00,0.25,1018.58,0.0,12.1,1.2,3117.0,0.0,0.0,Fuera de Servicio
2018-06-21 20:20:00,0.25,1018.71,0.0,11.85,0.6,3118.0,0.0,0.0,Fuera de Servicio
2018-06-21 20:25:00,0.25,1018.85,0.0,11.6,0.0,3119.0,0.0,0.0,Fuera de Servicio
2018-06-21 20:30:00,0.25,1018.85,0.0,11.6,0.0,3120.0,0.0,0.0,Fuera de Servicio
2018-06-21 20:35:00,0.25,1018.85,0.0,11.6,0.0,3121.0,0.0,0.0,Fuera de Servicio
2018-06-21 20:40:00,0.25,1018.86,0.0,11.58,0.0,3122.0,0.0,0.0,Fuera de Servicio
2018-06-21 20:45:00,0.25,1018.88,0.0,11.55,0.0,3123.0,0.0,0.0,Fuera de Servicio
2018-06-21 20:50:00,0.25,1018.89,0.0,11.52,0.0,3124.0,0.0,0.0,Fuera de Servicio
2018-06-21 20:55:00,0.25,1018.9,0.0,11.5,0.0,3125.0,0.0,0.0,Fuera de Servicio
2018-06-21 21:00:00,0.25,1018.9,0.0,11.5,0.0,3126.0,0.0,0.0,Fuera de Servicio
2018-06-21 21:05:00,0.25,1018.9,0.0,11.5,0.0,3127.0,0.0,0.0,Fuera de Servicio
2018-06-21 21:10:00,0.25,1019.01,0.0,11.42,0.8,3128.0,0.0,0.0,Fuera de Servicio
2018-06-21 21:15:00,0.25,1019.12,0.0,11.35,1.6,3129.0,0.0,0.0,Fuera de Servicio
2018-06-21 21:20:00,0.25,1019.24,0.0,11.27,2.4,3130.0,0.0,0.0,Fuera de Servicio
2018-06-21 21:25:00,0.25,1019.35,0.0,11.2,3.2,3131.0,0.0,0.0,Fuera de Servicio
2018-06-21 21:30:00,0.25,1019.35,0.0,11.2,3.2,3132.0,0.0,0.0,Fuera de Servicio
2018-06-21 21:35:00,0.25,1019.35,0.0,11.2,3.2,3133.0,0.0,0.0,Fuera de Servicio
2018-06-21 21:40:00,0.25,1019.39,0.0,11.16,2.4,3134.0,0.0,0.0,Fuera de Servicio
2018-06-21 21:45:00,0.25,1019.42,0.0,11.12,1.6,3135.0,0.0,0.0,Fuera de Servicio
2018-06-21 21:50:00,0.25,1019.46,0.0,11.09,0.8,3136.0,0.0,0.0,Fuera de Servicio
2018-06-21 21:55:00,0.25,1019.5,0.0,11.05,0.0,3137.0,0.0,0.0,Fuera de Servicio
2018-06-21 22:00:00,0.25,1019.5,0.0,11.05,0.0,3138.0,0.0,0.0,Fuera de Servicio
2018-06-21 22:05:00,0.25,1019.5,0.0,11.05,0.0,3139.0,0.0,0.0,Fuera de Servicio
2018-06-21 22:10:00,0.25,1019.54,0.0,10.86,0.0,3140.0,0.0,0.0,Fuera de Servicio
2018-06-21 22:15:00,0.25,1019.58,0.0,10.68,0.0,3141.0,0.0,0.0,Fuera de Servicio
2018-06-21 22:20:00,0.25,1019.61,0.0,10.49,0.0,3142.0,0.0,0.0,Fuera de Servicio
2018-06-21 22:25:00,0.25,1019.65,0.0,10.3,0.0,3143.0,0.0,0.0,Fuera de Servicio
2018-06-21 22:30:00,0.25,1019.65,0.0,10.3,0.0,3144.0,0.0,0.0,Fuera de Servicio
2018-06-21 22:35:00,0.25,1019.65,0.0,10.3,0.0,3145.0,0.0,0.0,Fuera de Servicio
2018-06-21 22:40:00,0.25,1019.65,0.0,10.29,0.0,3146.0,0.0,0.0,Fuera de Servicio
2018-06-21 22:45:00,0.25,1019.65,0.0,10.28,0.0,3147.0,0.0,0.0,Fuera de Servicio
2018-06-21 22:50:00,0.25,1019.65,0.0,10.26,0.0,3148.0,0.0,0.0,Fuera de Servicio
2018-06-21 22:55:00,0.25,1019.65,0.0,10.25,0.0,3149.0,0.0,0.0,Fuera de Servicio
2018-06-21 23:00:00,0.25,1019.65,0.0,10.25,0.0,3150.0,0.0,0.0,Fuera de Servicio
2018-06-21 23:05:00,0.25,1019.65,0.0,10.25,0.0,3151.0,0.0,0.0,Fuera de Servicio
2018-06-21 23:10:00,0.25,1019.61,0.0,10.05,0.0,3152.0,0.0,0.0,Fuera de Servicio
2018-06-21 23:15:00,0.25,1019.58,0.0,9.85,0.0,3153.0,0.0,0.0,Fuera de Servicio
2018-06-21 23:20:00,0.25,1019.54,0.0,9.65,0.0,3154.0,0.0,0.0,Fuera de Servicio
2018-06-21 23:25:00,0.25,1019.5,0.0,9.45,0.0,3155.0,0.0,0.0,Fuera de Servicio
2018-06-21 23:30:00,0.25,1019.5,0.0,9.45,0.0,3156.0,0.0,0.0,Fuera de Servicio
2018-06-21 23:35:00,0.25,1019.5,0.0,9.45,0.0,3157.0,0.0,0.0,Fuera de Servicio
2018-06-21 23:40:00,0.25,1019.49,0.0,9.4,0.0,3158.0,0.0,0.0,Fuera de Servicio
2018-06-21 23:45:00,0.25,1019.48,0.0,9.35,0.0,3159.0,0.0,0.0,Fuera de Servicio
2018-06-21 23:50:00,0.25,1019.46,0.0,9.3,0.0,3160.0,0.0,0.0,Fuera de Servicio
2018-06-21 23:55:00,0.25,1019.45,0.0,9.25,0.0,3161.0,0.0,0.0,Fuera de Servicio
2018-06-22 00:00:00,0.25,1019.45,0.0,9.25,0.0,3162.0,0.0,0.0,Fuera de Servicio
2018-06-22 00:05:00,0.25,1019.45,0.0,9.25,0.0,3163.0,0.0,0.0,Fuera de Servicio
2018-06-22 00:10:00,0.19,1019.42,0.0,9.19,0.0,3164.0,0.0,0.0,Fuera de Servicio
2018-06-22 00:15:00,0.12,1019.4,0.0,9.12,0.0,3165.0,0.0,0.0,Fuera de Servicio
2018-06-22 00:20:00,0.06,1019.38,0.0,9.06,0.0,3166.0,0.0,0.0,Fuera de Servicio
2018-06-22 00:25:00,0.0,1019.35,0.0,9.0,0.0,3167.0,0.0,0.0,Fuera de Servicio
2018-06-22 00:30:00,0.0,1019.35,0.0,9.0,0.0,3168.0,0.0,0.0,Fuera de Servicio
2018-06-22 00:35:00,0.0,1019.35,0.0,9.0,0.0,3169.0,0.0,0.0,Fuera de Servicio
2018-06-22 00:40:00,0.0,1019.31,0.0,9.0,0.0,3170.0,0.0,0.0,Fuera de Servicio
2018-06-22 00:45:00,0.0,1019.28,0.0,9.0,0.0,3171.0,0.0,0.0,Fuera de Servicio
2018-06-22 00:50:00,0.0,1019.24,0.0,9.0,0.0,3172.0,0.0,0.0,Fuera de Servicio
2018-06-22 00:55:00,0.0,1019.2,0.0,9.0,0.0,3173.0,0.0,0.0,Fuera de Servicio
2018-06-22 01:00:00,0.0,1019.2,0.0,9.0,0.0,3174.0,0.0,0.0,Fuera de Servicio
2018-06-22 01:05:00,0.0,1019.2,0.0,9.0,0.0,3175.0,0.0,0.0,Fuera de Servicio
2018-06-22 01:10:00,0.0,1019.15,0.0,8.99,0.0,3176.0,0.0,0.0,Fuera de Servicio
2018-06-22 01:15:00,0.0,1019.1,0.0,8.98,0.0,3177.0,0.0,0.0,Fuera de Servicio
2018-06-22 01:20:00,0.0,1019.05,0.0,8.96,0.0,3178.0,0.0,0.0,Fuera de Servicio
2018-06-22 01:25:00,0.0,1019.0,0.0,8.95,0.0,3179.0,0.0,0.0,Fuera de Servicio
2018-06-22 01:30:00,0.0,1019.0,0.0,8.95,0.0,3180.0,0.0,0.0,Fuera de Servicio
2018-06-22 01:35:00,0.0,1019.0,0.0,8.95,0.0,3181.0,0.0,0.0,Fuera de Servicio
2018-06-22 01:40:00,0.0,1018.96,0.0,8.95,0.0,3182.0,0.0,0.0,Fuera de Servicio
2018-06-22 01:45:00,0.0,1018.92,0.0,8.95,0.0,3183.0,0.0,0.0,Fuera de Servicio
2018-06-22 01:50:00,0.0,1018.89,0.0,8.95,0.0,3184.0,0.0,0.0,Fuera de Servicio
2018-06-22 01:55:00,0.0,1018.85,0.0,8.95,0.0,3185.0,0.0,0.0,Fuera de Servicio
2018-06-22 02:00:00,0.0,1018.85,0.0,8.95,0.0,3186.0,0.0,0.0,Fuera de Servicio
2018-06-22 02:05:00,0.0,1018.85,0.0,8.95,0.0,3187.0,0.0,0.0,Fuera de Servicio
2018-06-22 02:10:00,0.0,1018.82,0.0,9.02,0.6,3188.0,0.0,0.0,Fuera de Servicio
2018-06-22 02:15:00,0.0,1018.8,0.0,9.1,1.2,3189.0,0.0,0.0,Fuera de Servicio
2018-06-22 02:20:00,0.0,1018.78,0.0,9.18,1.8,3190.0,0.0,0.0,Fuera de Servicio
2018-06-22 02:25:00,0.0,1018.75,0.0,9.25,2.4,3191.0,0.0,0.0,Fuera de Servicio
2018-06-22 02:30:00,0.0,1018.75,0.0,9.25,2.4,3192.0,0.0,0.0,Fuera de Servicio
2018-06-22 02:35:00,0.0,1018.75,0.0,9.25,2.4,3193.0,0.0,0.0,Fuera de Servicio
2018-06-22 02:40:00,0.0,1018.71,0.0,9.26,2.4,3194.0,0.0,0.0,Fuera de Servicio
2018-06-22 02:45:00,0.0,1018.68,0.0,9.28,2.4,3195.0,0.0,0.0,Fuera de Servicio
2018-06-22 02:50:00,0.0,1018.64,0.0,9.29,2.4,3196.0,0.0,0.0,Fuera de Servicio
2018-06-22 02:55:00,0.0,1018.6,0.0,9.3,2.4,3197.0,0.0,0.0,Fuera de Servicio
2018-06-22 03:00:00,0.0,1018.6,0.0,9.3,2.4,3198.0,0.0,0.0,Fuera de Servicio
2018-06-22 03:05:00,0.0,1018.6,0.0,9.3,2.4,3199.0,0.0,0.0,Fuera de Servicio
2018-06-22 03:10:00,0.0,1018.54,0.0,9.21,1.8,3200.0,0.0,0.0,Fuera de Servicio
2018-06-22 03:15:00,0.0,1018.48,0.0,9.12,1.2,3201.0,0.0,0.0,Fuera de Servicio
2018-06-22 03:20:00,0.0,1018.41,0.0,9.04,0.6,3202.0,0.0,0.0,Fuera de Servicio
2018-06-22 03:25:00,0.0,1018.35,0.0,8.95,0.0,3203.0,0.0,0.0,Fuera de Servicio
2018-06-22 03:30:00,0.0,1018.35,0.0,8.95,0.0,3204.0,0.0,0.0,Fuera de Servicio
2018-06-22 03:35:00,0.0,1018.35,0.0,8.95,0.0,3205.0,0.0,0.0,Fuera de Servicio
2018-06-22 03:40:00,0.0,1018.34,0.0,8.96,0.0,3206.0,0.0,0.0,Fuera de Servicio
2018-06-22 03:45:00,0.0,1018.32,0.0,8.98,0.0,3207.0,0.0,0.0,Fuera de Servicio
2018-06-22 03:50:00,0.0,1018.31,0.0,8.99,0.0,3208.0,0.0,0.0,Fuera de Servicio
2018-06-22 03:55:00,0.0,1018.3,0.0,9.0,0.0,3209.0,0.0,0.0,Fuera de Servicio
2018-06-22 04:00:00,0.0,1018.3,0.0,9.0,0.0,3210.0,0.0,0.0,Fuera de Servicio
2018-06-22 04:05:00,0.0,1018.3,0.0,9.0,0.0,3211.0,0.0,0.0,Fuera de Servicio
2018-06-22 04:10:00,0.0,1018.22,0.0,8.7,0.0,3212.0,0.0,0.0,Fuera de Servicio
2018-06-22 04:15:00,0.0,1018.15,0.0,8.4,0.0,3213.0,0.0,0.0,Fuera de Servicio
2018-06-22 04:20:00,0.0,1018.08,0.0,8.1,0.0,3214.0,0.0,0.0,Fuera de Servicio
2018-06-22 04:25:00,0.0,1018.0,0.0,7.8,0.0,3215.0,0.0,0.0,Fuera de Servicio
2018-06-22 04:30:00,0.0,1018.0,0.0,7.8,0.0,3216.0,0.0,0.0,Fuera de Servicio
2018-06-22 04:35:00,0.0,1018.0,0.0,7.8,0.0,3217.0,0.0,0.0,Fuera de Servicio
2018-06-22 04:40:00,0.0,1017.98,0.0,7.8,0.0,3218.0,0.0,0.0,Fuera de Servicio
2018-06-22 04:45:00,0.0,1017.95,0.0,7.8,0.0,3219.0,0.0,0.0,Fuera de Servicio
2018-06-22 04:50:00,0.0,1017.92,0.0,7.8,0.0,3220.0,0.0,0.0,Fuera de Servicio
2018-06-22 04:55:00,0.0,1017.9,0.0,7.8,0.0,3221.0,0.0,0.0,Fuera de Servicio
2018-06-22 05:00:00,0.0,1017.9,0.0,7.8,0.0,3222.0,0.0,0.0,Fuera de Servicio
2018-06-22 05:05:00,0.0,1017.9,0.0,7.8,0.0,3223.0,0.0,0.0,Fuera de Servicio
2018-06-22 05:10:00,0.0,1017.82,0.0,7.88,0.0,3224.0,0.0,0.0,Fuera de Servicio
2018-06-22 05:15:00,0.0,1017.75,0.0,7.95,0.0,3225.0,0.0,0.0,Fuera de Servicio
2018-06-22 05:20:00,0.0,1017.68,0.0,8.02,0.0,3226.0,0.0,0.0,Fuera de Servicio
2018-06-22 05:25:00,0.0,1017.6,0.0,8.1,0.0,3227.0,0.0,0.0,Fuera de Servicio
2018-06-22 05:30:00,0.0,1017.6,0.0,8.1,0.0,3228.0,0.0,0.0,Fuera de Servicio
2018-06-22 05:35:00,0.0,1017.6,0.0,8.1,0.0,3229.0,0.0,0.0,Fuera de Servicio
2018-06-22 05:40:00,0.0,1017.54,0.0,8.07,0.0,3230.0,0.0,0.0,Fuera de Servicio
2018-06-22 05:45:00,0.0,1017.48,0.0,8.05,0.0,3231.0,0.0,0.0,Fuera de Servicio
2018-06-22 05:50:00,0.0,1017.41,0.0,8.02,0.0,3232.0,0.0,0.0,Fuera de Servicio
2018-06-22 05:55:00,0.0,1017.35,0.0,8.0,0.0,3233.0,0.0,0.0,Fuera de Servicio
2018-06-22 06:00:00,0.0,1017.35,0.0,8.0,0.0,3234.0,0.0,0.0,Fuera de Servicio
2018-06-22 06:05:00,0.0,1017.35,0.0,8.0,0.0,3235.0,0.0,0.0,Fuera de Servicio
2018-06-22 06:10:00,0.0,1017.16,0.0,8.06,0.0,3236.0,0.0,0.0,Fuera de Servicio
2018-06-22 06:15:00,0.0,1016.98,0.0,8.12,0.0,3237.0,0.0,0.0,Fuera de Servicio
2018-06-22 06:20:00,0.0,1016.79,0.0,8.19,0.0,3238.0,0.0,0.0,Fuera de Servicio
2018-06-22 06:25:00,0.0,1016.6,0.0,8.25,0.0,3239.0,0.0,0.0,Fuera de Servicio
2018-06-22 06:30:00,0.0,1016.6,0.0,8.25,0.0,3240.0,0.0,0.0,Fuera de Servicio
2018-06-22 06:35:00,0.0,1016.6,0.0,8.25,0.0,3241.0,0.0,0.0,Fuera de Servicio
2018-06-22 06:40:00,0.0,1016.58,0.0,8.3,0.0,3242.0,0.0,0.0,Fuera de Servicio
2018-06-22 06:45:00,0.0,1016.55,0.0,8.35,0.0,3243.0,0.0,0.0,Fuera de Servicio
2018-06-22 06:50:00,0.0,1016.52,0.0,8.4,0.0,3244.0,0.0,0.0,Fuera de Servicio
2018-06-22 06:55:00,0.0,1016.5,0.0,8.45,0.0,3245.0,0.0,0.0,Fuera de Servicio
2018-06-22 07:00:00,0.0,1016.5,0.0,8.45,0.0,3246.0,0.0,0.0,Fuera de Servicio
2018-06-22 07:05:00,0.0,1016.5,0.0,8.45,0.0,3247.0,0.0,0.0,Fuera de Servicio
2018-06-22 07:10:00,0.0,1016.42,0.0,8.52,0.6,3248.0,0.0,0.0,Fuera de Servicio
2018-06-22 07:15:00,0.0,1016.35,0.0,8.6,1.2,3249.0,0.0,0.0,Fuera de Servicio
2018-06-22 07:20:00,0.0,1016.28,0.0,8.68,1.8,3250.0,0.0,0.0,Fuera de Servicio
2018-06-22 07:25:00,0.0,1016.2,0.0,8.75,2.4,3251.0,0.0,0.0,Fuera de Servicio
2018-06-22 07:30:00,0.0,1016.2,0.0,8.75,2.4,3252.0,0.0,0.0,Fuera de Servicio
2018-06-22 07:35:00,0.0,1016.2,0.0,8.75,2.4,3253.0,0.0,0.0,Fuera de Servicio
2018-06-22 07:40:00,0.0,1016.21,0.0,8.76,2.0,3254.0,0.0,0.0,Fuera de Servicio
2018-06-22 07:45:00,0.0,1016.22,0.0,8.78,1.6,3255.0,0.0,0.0,Fuera de Servicio
2018-06-22 07:50:00,0.0,1016.24,0.0,8.79,1.2,3256.0,0.0,0.0,Fuera de Servicio
2018-06-22 07:55:00,0.0,1016.25,0.0,8.8,0.8,3257.0,0.0,0.0,Fuera de Servicio
2018-06-22 08:00:00,0.0,1016.25,0.0,8.8,0.8,3258.0,0.0,0.0,Fuera de Servicio
2018-06-22 08:05:00,0.0,1016.25,0.0,8.8,0.8,3259.0,0.0,0.0,Fuera de Servicio
2018-06-22 08:10:00,0.0,1016.21,0.0,8.8,2.2,3260.0,0.0,0.0,Fuera de Servicio
2018-06-22 08:15:00,0.0,1016.18,0.0,8.8,3.6,3261.0,0.0,0.0,Fuera de Servicio
2018-06-22 08:20:00,0.0,1016.14,0.0,8.8,5.0,3262.0,0.0,0.0,Fuera de Servicio
2018-06-22 08:25:00,0.0,1016.1,0.0,8.8,6.4,3263.0,0.0,0.0,Fuera de Servicio
2018-06-22 08:30:00,0.0,1016.1,0.0,8.8,6.4,3264.0,0.0,0.0,Fuera de Servicio
2018-06-22 08:35:00,0.0,1016.1,0.0,8.8,6.4,3265.0,0.0,0.0,Fuera de Servicio
2018-06-22 08:40:00,0.0,1016.1,0.0,8.79,6.6,3266.0,0.0,0.0,Fuera de Servicio
2018-06-22 08:45:00,0.0,1016.1,0.0,8.78,6.8,3267.0,0.0,0.0,Fuera de Servicio
2018-06-22 08:50:00,0.0,1016.1,0.0,8.76,7.0,3268.0,0.0,0.0,Fuera de Servicio
2018-06-22 08:55:00,0.0,1016.1,0.0,8.75,7.2,3269.0,0.0,0.0,Fuera de Servicio
2018-06-22 09:00:00,0.0,1016.1,0.0,8.75,7.2,3270.0,0.0,0.0,Fuera de Servicio
2018-06-22 09:05:00,0.0,1016.1,0.0,8.75,7.2,3271.0,0.0,0.0,Fuera de Servicio
2018-06-22 09:10:00,0.0,1016.09,0.0,8.8,6.4,3272.0,0.0,0.0,Fuera de Servicio
2018-06-22 09:15:00,0.0,1016.08,0.0,8.85,5.6,3273.0,0.0,0.0,Fuera de Servicio
2018-06-22 09:20:00,0.0,1016.06,0.0,8.9,4.8,3274.0,0.0,0.0,Fuera de Servicio
2018-06-22 09:25:00,0.0,1016.05,0.0,8.95,4.0,3275.0,0.0,0.0,Fuera de Servicio
2018-06-22 09:30:00,0.0,1016.05,0.0,8.95,4.0,3276.0,0.0,0.0,Fuera de Servicio
2018-06-22 09:35:00,0.0,1016.05,0.0,8.95,4.0,3277.0,0.0,0.0,Fuera de Servicio
2018-06-22 09:40:00,0.0,1016.04,0.0,9.38,6.22,3278.0,0.0,0.0,Fuera de Servicio
2018-06-22 09:45:00,0.0,1016.02,0.0,9.8,8.45,3279.0,0.0,0.0,Fuera de Servicio
2018-06-22 09:50:00,0.0,1016.01,0.0,10.22,10.68,3280.0,0.0,0.0,Fuera de Servicio
2018-06-22 09:55:00,0.0,1016.0,0.0,10.65,12.9,3281.0,0.0,0.0,Fuera de Servicio
2018-06-22 10:00:00,0.0,1016.0,0.0,10.65,12.9,3282.0,0.0,0.0,Fuera de Servicio
2018-06-22 10:05:00,0.0,1016.0,0.0,10.65,12.9,3283.0,0.0,0.0,Fuera de Servicio
2018-06-22 10:10:00,0.0,1015.99,0.0,10.84,12.9,3284.0,0.0,0.0,Fuera de Servicio
2018-06-22 10:15:00,0.0,1015.98,0.0,11.02,12.9,3285.0,0.0,0.0,Fuera de Servicio
2018-06-22 10:20:00,0.0,1015.96,0.0,11.21,12.9,3286.0,0.0,0.0,Fuera de Servicio
2018-06-22 10:25:00,0.0,1015.95,0.0,11.4,12.9,3287.0,0.0,0.0,Fuera de Servicio
2018-06-22 10:30:00,0.0,1015.95,0.0,11.4,12.9,3288.0,0.0,0.0,Fuera de Servicio
2018-06-22 10:35:00,0.0,1015.95,0.0,11.4,12.9,3289.0,0.0,0.0,Fuera de Servicio
2018-06-22 10:40:00,0.0,1015.96,0.0,11.58,12.3,3290.0,0.0,0.0,Fuera de Servicio
2018-06-22 10:45:00,0.0,1015.98,0.0,11.75,11.7,3291.0,0.0,0.0,Fuera de Servicio
2018-06-22 10:50:00,0.0,1015.99,0.0,11.92,11.1,3292.0,0.0,0.0,Fuera de Servicio
2018-06-22 10:55:00,0.0,1016.0,0.0,12.1,10.5,3293.0,0.0,0.0,Fuera de Servicio
2018-06-22 11:00:00,0.0,1016.0,0.0,12.1,10.5,3294.0,0.0,0.0,Fuera de Servicio
2018-06-22 11:05:00,0.0,1016.0,0.0,12.1,10.5,3295.0,0.0,0.0,Fuera de Servicio
2018-06-22 11:10:00,0.0,1016.0,0.0,12.21,10.49,3296.0,0.0,0.0,Fuera de Servicio
2018-06-22 11:15:00,0.0,1016.0,0.0,12.32,10.48,3297.0,0.0,0.0,Fuera de Servicio
2018-06-22 11:20:00,0.0,1016.0,0.0,12.44,10.46,3298.0,0.0,0.0,Fuera de Servicio
2018-06-22 11:25:00,0.0,1016.0,0.0,12.55,10.45,3299.0,0.0,0.0,Fuera de Servicio
2018-06-22 11:30:00,0.0,1016.0,0.0,12.55,10.45,3300.0,0.0,0.0,Fuera de Servicio
2018-06-22 11:35:00,0.0,1016.0,0.0,12.55,10.45,3301.0,0.0,0.0,Fuera de Servicio
2018-06-22 11:40:00,0.0,1015.95,0.0,12.61,10.05,3302.0,0.0,0.0,Fuera de Servicio
2018-06-22 11:45:00,0.0,1015.9,0.0,12.68,9.65,3303.0,0.0,0.0,Fuera de Servicio
2018-06-22 11:50:00,0.0,1015.85,0.0,12.74,9.25,3304.0,0.0,0.0,Fuera de Servicio
2018-06-22 11:55:00,0.0,1015.8,0.0,12.8,8.85,3305.0,0.0,0.0,Fuera de Servicio
2018-06-22 12:00:00,0.0,1015.8,0.0,12.8,8.85,3306.0,0.0,0.0,Fuera de Servicio
2018-06-22 12:05:00,0.0,1015.8,0.0,12.8,8.85,3307.0,0.0,0.0,Fuera de Servicio
2018-06-22 12:10:00,0.0,1015.64,0.0,13.11,7.64,3308.0,0.0,0.0,Fuera de Servicio
2018-06-22 12:15:00,0.0,1015.47,0.0,13.42,6.42,3309.0,0.0,0.0,Fuera de Servicio
2018-06-22 12:20:00,0.0,1015.31,0.0,13.74,5.21,3310.0,0.0,0.0,Fuera de Servicio
2018-06-22 12:25:00,0.0,1015.15,0.0,14.05,4.0,3311.0,0.0,0.0,Fuera de Servicio
2018-06-22 12:30:00,0.0,1015.15,0.0,14.05,4.0,3312.0,0.0,0.0,Fuera de Servicio
2018-06-22 12:35:00,0.0,1015.15,0.0,14.05,4.0,3313.0,0.0,0.0,Fuera de Servicio
2018-06-22 12:40:00,0.0,1015.1,0.0,14.14,5.81,3314.0,0.0,0.0,Fuera de Servicio
2018-06-22 12:45:00,0.0,1015.05,0.0,14.23,7.62,3315.0,0.0,0.0,Fuera de Servicio
2018-06-22 12:50:00,0.0,1015.0,0.0,14.31,9.44,3316.0,0.0,0.0,Fuera de Servicio
2018-06-22 12:55:00,0.0,1014.95,0.0,14.4,11.25,3317.0,0.0,0.0,Fuera de Servicio
2018-06-22 13:00:00,0.0,1014.95,0.0,14.4,11.25,3318.0,0.0,0.0,Fuera de Servicio
2018-06-22 13:05:00,0.0,1014.95,0.0,14.4,11.25,3319.0,0.0,0.0,Fuera de Servicio
2018-06-22 13:10:00,0.0,1014.72,0.0,14.54,10.25,3320.0,0.0,0.0,Fuera de Servicio
2018-06-22 13:15:00,0.0,1014.5,0.0,14.68,9.25,3321.0,0.0,0.0,Fuera de Servicio
2018-06-22 13:20:00,0.0,1014.28,0.0,14.81,8.25,3322.0,0.0,0.0,Fuera de Servicio
2018-06-22 13:25:00,0.0,1014.05,0.0,14.95,7.25,3323.0,0.0,0.0,Fuera de Servicio
2018-06-22 13:30:00,0.0,1014.05,0.0,14.95,7.25,3324.0,0.0,0.0,Fuera de Servicio
2018-06-22 13:35:00,0.0,1014.05,0.0,14.95,7.25,3325.0,0.0,0.0,Fuera de Servicio
2018-06-22 13:40:00,0.0,1014.0,0.0,14.9,7.25,3326.0,0.0,0.0,Fuera de Servicio
2018-06-22 13:45:00,0.0,1013.95,0.0,14.85,7.25,3327.0,0.0,0.0,Fuera de Servicio
2018-06-22 13:50:00,0.0,1013.9,0.0,14.8,7.25,3328.0,0.0,0.0,Fuera de Servicio
2018-06-22 13:55:00,0.0,1013.85,0.0,14.75,7.25,3329.0,0.0,0.0,Fuera de Servicio
2018-06-22 14:00:00,0.0,1013.85,0.0,14.75,7.25,3330.0,0.0,0.0,Fuera de Servicio
2018-06-22 14:05:00,0.0,1013.85,0.0,14.75,7.25,3331.0,0.0,0.0,Fuera de Servicio
2018-06-22 14:10:00,0.0,1013.64,0.0,14.78,8.66,3332.0,0.0,0.0,Fuera de Servicio
2018-06-22 14:15:00,0.0,1013.42,0.0,14.8,10.07,3333.0,0.0,0.0,Fuera de Servicio
2018-06-22 14:20:00,0.0,1013.21,0.0,14.82,11.49,3334.0,0.0,0.0,Fuera de Servicio
2018-06-22 14:25:00,0.0,1013.0,0.0,14.85,12.9,3335.0,0.0,0.0,Fuera de Servicio
2018-06-22 14:30:00,0.0,1013.0,0.0,14.85,12.9,3336.0,0.0,0.0,Fuera de Servicio
2018-06-22 14:35:00,0.0,1013.0,0.0,14.85,12.9,3337.0,0.0,0.0,Fuera de Servicio
2018-06-22 14:40:00,0.0,1012.91,0.0,14.89,14.1,3338.0,0.0,0.0,Fuera de Servicio
2018-06-22 14:45:00,0.0,1012.82,0.0,14.92,15.3,3339.0,0.0,0.0,Fuera de Servicio
2018-06-22 14:50:00,0.0,1012.74,0.0,14.96,16.5,3340.0,0.0,0.0,Fuera de Servicio
2018-06-22 14:55:00,0.0,1012.65,0.0,15.0,17.7,3341.0,0.0,0.0,Fuera de Servicio
2018-06-22 15:00:00,0.0,1012.65,0.0,15.0,17.7,3342.0,0.0,0.0,Fuera de Servicio
2018-06-22 15:05:00,0.0,1012.65,0.0,15.0,17.7,3343.0,0.0,0.0,Fuera de Servicio
2018-06-22 15:10:00,0.0,1012.45,0.0,15.06,15.89,3344.0,0.0,0.0,Fuera de Servicio
2018-06-22 15:15:00,0.0,1012.25,0.0,15.12,14.08,3345.0,0.0,0.0,Fuera de Servicio
2018-06-22 15:20:00,0.0,1012.05,0.0,15.19,12.26,3346.0,0.0,0.0,Fuera de Servicio
2018-06-22 15:25:00,0.0,1011.85,0.0,15.25,10.45,3347.0,0.0,0.0,Fuera de Servicio
2018-06-22 15:30:00,0.0,1011.85,0.0,15.25,10.45,3348.0,0.0,0.0,Fuera de Servicio
2018-06-22 15:35:00,0.0,1011.85,0.0,15.25,10.45,3349.0,0.0,0.0,Fuera de Servicio
2018-06-22 15:40:00,0.0,1011.79,0.0,15.22,10.05,3350.0,0.0,0.0,Fuera de Servicio
2018-06-22 15:45:00,0.0,1011.72,0.0,15.2,9.65,3351.0,0.0,0.0,Fuera de Servicio
2018-06-22 15:50:00,0.0,1011.66,0.0,15.18,9.25,3352.0,0.0,0.0,Fuera de Servicio
2018-06-22 15:55:00,0.0,1011.6,0.0,15.15,8.85,3353.0,0.0,0.0,Fuera de Servicio
2018-06-22 16:00:00,0.0,1011.6,0.0,15.15,8.85,3354.0,0.0,0.0,Fuera de Servicio
2018-06-22 16:05:00,0.0,1011.6,0.0,15.15,8.85,3355.0,0.0,0.0,Fuera de Servicio
2018-06-22 16:10:00,0.0,1011.51,0.0,15.16,8.05,3356.0,0.0,0.0,Fuera de Servicio
2018-06-22 16:15:00,0.0,1011.42,0.0,15.18,7.25,3357.0,0.0,0.0,Fuera de Servicio
2018-06-22 16:20:00,0.0,1011.34,0.0,15.19,6.45,3358.0,0.0,0.0,Fuera de Servicio
2018-06-22 16:25:00,0.0,1011.25,0.0,15.2,5.65,3359.0,0.0,0.0,Fuera de Servicio
2018-06-22 16:30:00,0.0,1011.25,0.0,15.2,5.65,3360.0,0.0,0.0,Fuera de Servicio
2018-06-22 16:35:00,0.0,1011.25,0.0,15.2,5.65,3361.0,0.0,0.0,Fuera de Servicio
2018-06-22 16:40:00,0.0,1011.22,0.0,15.19,6.45,3362.0,0.0,0.0,Fuera de Servicio
2018-06-22 16:45:00,0.0,1011.2,0.0,15.18,7.25,3363.0,0.0,0.0,Fuera de Servicio
2018-06-22 16:50:00,0.0,1011.18,0.0,15.16,8.05,3364.0,0.0,0.0,Fuera de Servicio
2018-06-22 16:55:00,0.0,1011.15,0.0,15.15,8.85,3365.0,0.0,0.0,Fuera de Servicio
2018-06-22 17:00:00,0.0,1011.15,0.0,15.15,8.85,3366.0,0.0,0.0,Fuera de Servicio
2018-06-22 17:05:00,0.0,1011.15,0.0,15.15,8.85,3367.0,0.0,0.0,Fuera de Servicio
2018-06-22 17:10:00,0.0,1011.08,0.0,14.92,7.44,3368.0,0.0,0.0,Fuera de Servicio
2018-06-22 17:15:00,0.0,1011.0,0.0,14.7,6.02,3369.0,0.0,0.0,Fuera de Servicio
2018-06-22 17:20:00,0.0,1010.92,0.0,14.48,4.61,3370.0,0.0,0.0,Fuera de Servicio
2018-06-22 17:25:00,0.0,1010.85,0.0,14.25,3.2,3371.0,0.0,0.0,Fuera de Servicio
2018-06-22 17:30:00,0.0,1010.85,0.0,14.25,3.2,3372.0,0.0,0.0,Fuera de Servicio
2018-06-22 17:35:00,0.0,1010.85,0.0,14.25,3.2,3373.0,0.0,0.0,Fuera de Servicio
2018-06-22 17:40:00,0.0,1010.79,0.0,14.24,3.6,3374.0,0.0,0.0,Fuera de Servicio
2018-06-22 17:45:00,0.0,1010.72,0.0,14.22,4.0,3375.0,0.0,0.0,Fuera de Servicio
2018-06-22 17:50:00,0.0,1010.66,0.0,14.21,4.4,3376.0,0.0,0.0,Fuera de Servicio
2018-06-22 17:55:00,0.0,1010.6,0.0,14.2,4.8,3377.0,0.0,0.0,Fuera de Servicio
2018-06-22 18:00:00,0.0,1010.6,0.0,14.2,4.8,3378.0,0.0,0.0,Fuera de Servicio
2018-06-22 18:05:00,0.0,1010.6,0.0,14.2,4.8,3379.0,0.0,0.0,Fuera de Servicio
2018-06-22 18:10:00,0.0,1010.59,0.0,14.05,3.8,3380.0,0.0,0.0,Fuera de Servicio
2018-06-22 18:15:00,0.0,1010.58,0.0,13.9,2.8,3381.0,0.0,0.0,Fuera de Servicio
2018-06-22 18:20:00,0.0,1010.56,0.0,13.75,1.8,3382.0,0.0,0.0,Fuera de Servicio
2018-06-22 18:25:00,0.0,1010.55,0.0,13.6,0.8,3383.0,0.0,0.0,Fuera de Servicio
2018-06-22 18:30:00,0.0,1010.55,0.0,13.6,0.8,3384.0,0.0,0.0,Fuera de Servicio
2018-06-22 18:35:00,0.0,1010.55,0.0,13.6,0.8,3385.0,0.0,0.0,Fuera de Servicio
2018-06-22 18:40:00,0.0,1010.59,0.0,13.6,0.8,3386.0,0.0,0.0,Fuera de Servicio
2018-06-22 18:45:00,0.0,1010.62,0.0,13.6,0.8,3387.0,0.0,0.0,Fuera de Servicio
2018-06-22 18:50:00,0.0,1010.66,0.0,13.6,0.8,3388.0,0.0,0.0,Fuera de Servicio
2018-06-22 18:55:00,0.0,1010.7,0.0,13.6,0.8,3389.0,0.0,0.0,Fuera de Servicio
2018-06-22 19:00:00,0.0,1010.7,0.0,13.6,0.8,3390.0,0.0,0.0,Fuera de Servicio
2018-06-22 19:05:00,0.0,1010.7,0.0,13.6,0.8,3391.0,0.0,0.0,Fuera de Servicio
2018-06-22 19:10:00,0.0,1010.61,0.0,13.55,1.0,3392.0,0.0,0.0,Fuera de Servicio
2018-06-22 19:15:00,0.0,1010.53,0.0,13.5,1.2,3393.0,0.0,0.0,Fuera de Servicio
2018-06-22 19:20:00,0.0,1010.44,0.0,13.45,1.4,3394.0,0.0,0.0,Fuera de Servicio
2018-06-22 19:25:00,0.0,1010.35,0.0,13.4,1.6,3395.0,0.0,0.0,Fuera de Servicio
2018-06-22 19:30:00,0.0,1010.35,0.0,13.4,1.6,3396.0,0.0,0.0,Fuera de Servicio
2018-06-22 19:35:00,0.0,1010.35,0.0,13.4,1.6,3397.0,0.0,0.0,Fuera de Servicio
2018-06-22 19:40:00,0.0,1010.34,0.0,13.38,1.6,3398.0,0.0,0.0,Fuera de Servicio
2018-06-22 19:45:00,0.0,1010.32,0.0,13.35,1.6,3399.0,0.0,0.0,Fuera de Servicio
2018-06-22 19:50:00,0.0,1010.31,0.0,13.32,1.6,3400.0,0.0,0.0,Fuera de Servicio
2018-06-22 19:55:00,0.0,1010.3,0.0,13.3,1.6,3401.0,0.0,0.0,Fuera de Servicio
2018-06-22 20:00:00,0.0,1010.3,0.0,13.3,1.6,3402.0,0.0,0.0,Fuera de Servicio
2018-06-22 20:05:00,0.0,1010.3,0.0,13.3,1.6,3403.0,0.0,0.0,Fuera de Servicio
2018-06-22 20:10:00,0.0,1010.24,0.0,13.2,1.2,3404.0,0.0,0.0,Fuera de Servicio
2018-06-22 20:15:00,0.0,1010.18,0.0,13.1,0.8,3405.0,0.0,0.0,Fuera de Servicio
2018-06-22 20:20:00,0.0,1010.11,0.0,13.0,0.4,3406.0,0.0,0.0,Fuera de Servicio
2018-06-22 20:25:00,0.0,1010.05,0.0,12.9,0.0,3407.0,0.0,0.0,Fuera de Servicio
2018-06-22 20:30:00,0.0,1010.05,0.0,12.9,0.0,3408.0,0.0,0.0,Fuera de Servicio
2018-06-22 20:35:00,0.0,1010.05,0.0,12.9,0.0,3409.0,0.0,0.0,Fuera de Servicio
2018-06-22 20:40:00,0.0,1010.05,0.0,12.89,0.0,3410.0,0.0,0.0,Fuera de Servicio
2018-06-22 20:45:00,0.0,1010.05,0.0,12.88,0.0,3411.0,0.0,0.0,Fuera de Servicio
2018-06-22 20:50:00,0.0,1010.05,0.0,12.86,0.0,3412.0,0.0,0.0,Fuera de Servicio
2018-06-22 20:55:00,0.0,1010.05,0.0,12.85,0.0,3413.0,0.0,0.0,Fuera de Servicio
2018-06-22 21:00:00,0.0,1010.05,0.0,12.85,0.0,3414.0,0.0,0.0,Fuera de Servicio
2018-06-22 21:05:00,0.0,1010.05,0.0,12.85,0.0,3415.0,0.0,0.0,Fuera de Servicio
2018-06-22 21:10:00,0.04,1010.1,0.0,12.81,0.0,3416.0,0.0,0.0,Fuera de Servicio
2018-06-22 21:15:00,0.08,1010.15,0.0,12.77,0.0,3417.0,0.0,0.0,Fuera de Servicio
2018-06-22 21:20:00,0.11,1010.2,0.0,12.74,0.0,3418.0,0.0,0.0,Fuera de Servicio
2018-06-22 21:25:00,0.15,1010.25,0.0,12.7,0.0,3419.0,0.0,0.0,Fuera de Servicio
2018-06-22 21:30:00,0.15,1010.25,0.0,12.7,0.0,3420.0,0.0,0.0,Fuera de Servicio
2018-06-22 21:35:00,0.15,1010.25,0.0,12.7,0.0,3421.0,0.0,0.0,Fuera de Servicio
2018-06-22 21:40:00,0.15,1010.24,0.0,12.68,0.0,3422.0,0.0,0.0,Fuera de Servicio
2018-06-22 21:45:00,0.15,1010.22,0.0,12.65,0.0,3423.0,0.0,0.0,Fuera de Servicio
2018-06-22 21:50:00,0.15,1010.21,0.0,12.62,0.0,3424.0,0.0,0.0,Fuera de Servicio
2018-06-22 21:55:00,0.15,1010.2,0.0,12.6,0.0,3425.0,0.0,0.0,Fuera de Servicio
2018-06-22 22:00:00,0.15,1010.2,0.0,12.6,0.0,3426.0,0.0,0.0,Fuera de Servicio
2018-06-22 22:05:00,0.15,1010.2,0.0,12.6,0.0,3427.0,0.0,0.0,Fuera de Servicio
2018-06-22 22:10:00,0.15,1010.16,0.0,12.5,0.0,3428.0,0.0,0.0,Fuera de Servicio
2018-06-22 22:15:00,0.15,1010.12,0.0,12.4,0.0,3429.0,0.0,0.0,Fuera de Servicio
2018-06-22 22:20:00,0.15,1010.09,0.0,12.3,0.0,3430.0,0.0,0.0,Fuera de Servicio
2018-06-22 22:25:00,0.15,1010.05,0.0,12.2,0.0,3431.0,0.0,0.0,Fuera de Servicio
2018-06-22 22:30:00,0.15,1010.05,0.0,12.2,0.0,3432.0,0.0,0.0,Fuera de Servicio
2018-06-22 22:35:00,0.15,1010.05,0.0,12.2,0.0,3433.0,0.0,0.0,Fuera de Servicio
2018-06-22 22:40:00,0.15,1010.05,0.0,12.2,0.0,3434.0,0.0,0.0,Fuera de Servicio
2018-06-22 22:45:00,0.15,1010.05,0.0,12.2,0.0,3435.0,0.0,0.0,Fuera de Servicio
2018-06-22 22:50:00,0.15,1010.05,0.0,12.2,0.0,3436.0,0.0,0.0,Fuera de Servicio
2018-06-22 22:55:00,0.15,1010.05,0.0,12.2,0.0,3437.0,0.0,0.0,Fuera de Servicio
2018-06-22 23:00:00,0.15,1010.05,0.0,12.2,0.0,3438.0,0.0,0.0,Fuera de Servicio
2018-06-22 23:05:00,0.15,1010.05,0.0,12.2,0.0,3439.0,0.0,0.0,Fuera de Servicio
2018-06-22 23:10:00,0.15,1010.08,0.0,12.16,0.0,3440.0,0.0,0.0,Fuera de Servicio
2018-06-22 23:15:00,0.15,1010.1,0.0,12.12,0.0,3441.0,0.0,0.0,Fuera de Servicio
2018-06-22 23:20:00,0.15,1010.12,0.0,12.09,0.0,3442.0,0.0,0.0,Fuera de Servicio
2018-06-22 23:25:00,0.15,1010.15,0.0,12.05,0.0,3443.0,0.0,0.0,Fuera de Servicio
2018-06-22 23:30:00,0.15,1010.15,0.0,12.05,0.0,3444.0,0.0,0.0,Fuera de Servicio
2018-06-22 23:35:00,0.15,1010.15,0.0,12.05,0.0,3445.0,0.0,0.0,Fuera de Servicio
2018-06-22 23:40:00,0.15,1010.1,0.0,12.02,0.0,3446.0,0.0,0.0,Fuera de Servicio
2018-06-22 23:45:00,0.15,1010.05,0.0,12.0,0.0,3447.0,0.0,0.0,Fuera de Servicio
2018-06-22 23:50:00,0.15,1010.0,0.0,11.98,0.0,3448.0,0.0,0.0,Fuera de Servicio
2018-06-22 23:55:00,0.15,1009.95,0.0,11.95,0.0,3449.0,0.0,0.0,Fuera de Servicio
2018-06-23 00:00:00,0.15,1009.95,0.0,11.95,0.0,3450.0,0.0,0.0,Fuera de Servicio
2018-06-23 00:05:00,0.15,1009.95,0.0,11.95,0.0,3451.0,0.0,0.0,Fuera de Servicio
2018-06-23 00:10:00,0.11,1009.9,0.0,11.96,0.0,3452.0,0.0,0.0,Fuera de Servicio
2018-06-23 00:15:00,0.08,1009.85,0.0,11.98,0.0,3453.0,0.0,0.0,Fuera de Servicio
2018-06-23 00:20:00,0.04,1009.8,0.0,11.99,0.0,3454.0,0.0,0.0,Fuera de Servicio
2018-06-23 00:25:00,0.0,1009.75,0.0,12.0,0.0,3455.0,0.0,0.0,Fuera de Servicio
2018-06-23 00:30:00,0.0,1009.75,0.0,12.0,0.0,3456.0,0.0,0.0,Fuera de Servicio
2018-06-23 00:35:00,0.0,1009.75,0.0,12.0,0.0,3457.0,0.0,0.0,Fuera de Servicio
2018-06-23 00:40:00,0.0,1009.74,0.0,11.99,0.0,3458.0,0.0,0.0,Fuera de Servicio
2018-06-23 00:45:00,0.0,1009.72,0.0,11.98,0.0,3459.0,0.0,0.0,Fuera de Servicio
2018-06-23 00:50:00,0.0,1009.71,0.0,11.96,0.0,3460.0,0.0,0.0,Fuera de Servicio
2018-06-23 00:55:00,0.0,1009.7,0.0,11.95,0.0,3461.0,0.0,0.0,Fuera de Servicio
2018-06-23 01:00:00,0.0,1009.7,0.0,11.95,0.0,3462.0,0.0,0.0,Fuera de Servicio
2018-06-23 01:05:00,0.0,1009.7,0.0,11.95,0.0,3463.0,0.0,0.0,Fuera de Servicio
2018-06-23 01:10:00,0.0,1009.62,0.0,12.0,0.0,3464.0,0.0,0.0,Fuera de Servicio
2018-06-23 01:15:00,0.0,1009.55,0.0,12.05,0.0,3465.0,0.0,0.0,Fuera de Servicio
2018-06-23 01:20:00,0.0,1009.48,0.0,12.1,0.0,3466.0,0.0,0.0,Fuera de Servicio
2018-06-23 01:25:00,0.0,1009.4,0.0,12.15,0.0,3467.0,0.0,0.0,Fuera de Servicio
2018-06-23 01:30:00,0.0,1009.4,0.0,12.15,0.0,3468.0,0.0,0.0,Fuera de Servicio
2018-06-23 01:35:00,0.0,1009.4,0.0,12.15,0.0,3469.0,0.0,0.0,Fuera de Servicio
2018-06-23 01:40:00,0.0,1009.38,0.0,12.18,0.0,3470.0,0.0,0.0,Fuera de Servicio
2018-06-23 01:45:00,0.0,1009.35,0.0,12.2,0.0,3471.0,0.0,0.0,Fuera de Servicio
2018-06-23 01:50:00,0.0,1009.32,0.0,12.22,0.0,3472.0,0.0,0.0,Fuera de Servicio
2018-06-23 01:55:00,0.0,1009.3,0.0,12.25,0.0,3473.0,0.0,0.0,Fuera de Servicio
2018-06-23 02:00:00,0.0,1009.3,0.0,12.25,0.0,,,,
2018-06-23 02:05:00,0.0,1009.3,0.0,12.25,0.0,,,,
2018-06-23 02:10:00,0.0,1009.2,0.0,12.31,0.0,,,,
2018-06-23 02:15:00,0.0,1009.1,0.0,12.38,0.0,,,,
2018-06-23 02:20:00,0.0,1009.0,0.0,12.44,0.0,3478.0,0.0,0.0,Fuera de Servicio
2018-06-23 02:25:00,0.0,1008.9,0.0,12.5,0.0,3479.0,0.0,0.0,Fuera de Servicio
2018-06-23 02:30:00,0.0,1008.9,0.0,12.5,0.0,3480.0,0.0,0.0,Fuera de Servicio
2018-06-23 02:35:00,0.0,1008.9,0.0,12.5,0.0,3481.0,0.0,0.0,Fuera de Servicio
2018-06-23 02:40:00,0.0,1008.89,0.0,12.49,0.0,3482.0,0.0,0.0,Fuera de Servicio
2018-06-23 02:45:00,0.0,1008.88,0.0,12.48,0.0,3483.0,0.0,0.0,Fuera de Servicio
2018-06-23 02:50:00,0.0,1008.86,0.0,12.46,0.0,3484.0,0.0,0.0,Fuera de Servicio
2018-06-23 02:55:00,0.0,1008.85,0.0,12.45,0.0,3485.0,0.0,0.0,Fuera de Servicio
2018-06-23 03:00:00,0.0,1008.85,0.0,12.45,0.0,3486.0,0.0,0.0,Fuera de Servicio
2018-06-23 03:05:00,0.0,1008.85,0.0,12.45,0.0,3487.0,0.0,0.0,Fuera de Servicio
2018-06-23 03:10:00,0.0,1008.84,0.0,12.39,0.0,3488.0,0.0,0.0,Fuera de Servicio
2018-06-23 03:15:00,0.0,1008.82,0.0,12.32,0.0,3489.0,0.0,0.0,Fuera de Servicio
2018-06-23 03:20:00,0.0,1008.81,0.0,12.26,0.0,3490.0,0.0,0.0,Fuera de Servicio
2018-06-23 03:25:00,0.0,1008.8,0.0,12.2,0.0,3491.0,0.0,0.0,Fuera de Servicio
2018-06-23 03:30:00,0.0,1008.8,0.0,12.2,0.0,3492.0,0.0,0.0,Fuera de Servicio
2018-06-23 03:35:00,0.0,1008.8,0.0,12.2,0.0,3493.0,0.0,0.0,Fuera de Servicio
2018-06-23 03:40:00,0.0,1008.79,0.0,12.26,0.0,3494.0,0.0,0.0,Fuera de Servicio
2018-06-23 03:45:00,0.0,1008.78,0.0,12.32,0.0,3495.0,0.0,0.0,Fuera de Servicio
2018-06-23 03:50:00,0.0,1008.76,0.0,12.39,0.0,3496.0,0.0,0.0,Fuera de Servicio
2018-06-23 03:55:00,0.0,1008.75,0.0,12.45,0.0,3497.0,0.0,0.0,Fuera de Servicio
2018-06-23 04:00:00,0.0,1008.75,0.0,12.45,0.0,3498.0,0.0,0.0,Fuera de Servicio
2018-06-23 04:05:00,0.0,1008.75,0.0,12.45,0.0,3499.0,0.0,0.0,Fuera de Servicio
2018-06-23 04:10:00,0.0,1008.71,0.0,12.42,0.0,3500.0,0.0,0.0,Fuera de Servicio
2018-06-23 04:15:00,0.0,1008.68,0.0,12.4,0.0,3501.0,0.0,0.0,Fuera de Servicio
2018-06-23 04:20:00,0.0,1008.64,0.0,12.38,0.0,3502.0,0.0,0.0,Fuera de Servicio
2018-06-23 04:25:00,0.0,1008.6,0.0,12.35,0.0,3503.0,0.0,0.0,Fuera de Servicio
2018-06-23 04:30:00,0.0,1008.6,0.0,12.35,0.0,3504.0,0.0,0.0,Fuera de Servicio
2018-06-23 04:35:00,0.0,1008.6,0.0,12.35,0.0,3505.0,0.0,0.0,Fuera de Servicio
2018-06-23 04:40:00,0.0,1008.59,0.0,12.31,0.6,3506.0,0.0,0.0,Fuera de Servicio
2018-06-23 04:45:00,0.0,1008.58,0.0,12.27,1.2,3507.0,0.0,0.0,Fuera de Servicio
2018-06-23 04:50:00,0.0,1008.56,0.0,12.24,1.8,3508.0,0.0,0.0,Fuera de Servicio
2018-06-23 04:55:00,0.0,1008.55,0.0,12.2,2.4,3509.0,0.0,0.0,Fuera de Servicio
2018-06-23 05:00:00,0.0,1008.55,0.0,12.2,2.4,3510.0,0.0,0.0,Fuera de Servicio
2018-06-23 05:05:00,0.0,1008.55,0.0,12.2,2.4,3511.0,0.0,0.0,Fuera de Servicio
2018-06-23 05:10:00,0.0,1008.52,0.0,12.04,2.0,3512.0,0.0,0.0,Fuera de Servicio
2018-06-23 05:15:00,0.0,1008.5,0.0,11.88,1.6,3513.0,0.0,0.0,Fuera de Servicio
2018-06-23 05:20:00,0.0,1008.48,0.0,11.71,1.2,3514.0,0.0,0.0,Fuera de Servicio
2018-06-23 05:25:00,0.0,1008.45,0.0,11.55,0.8,3515.0,0.0,0.0,Fuera de Servicio
2018-06-23 05:30:00,0.0,1008.45,0.0,11.55,0.8,3516.0,0.0,0.0,Fuera de Servicio
2018-06-23 05:35:00,0.0,1008.45,0.0,11.55,0.8,3517.0,0.0,0.0,Fuera de Servicio
2018-06-23 05:40:00,0.0,1008.44,0.0,11.55,1.0,3518.0,0.0,0.0,Fuera de Servicio
2018-06-23 05:45:00,0.0,1008.42,0.0,11.55,1.2,3519.0,0.0,0.0,Fuera de Servicio
2018-06-23 05:50:00,0.0,1008.41,0.0,11.55,1.4,3520.0,0.0,0.0,Fuera de Servicio
2018-06-23 05:55:00,0.0,1008.4,0.0,11.55,1.6,3521.0,0.0,0.0,Fuera de Servicio
2018-06-23 06:00:00,0.0,1008.4,0.0,11.55,1.6,3522.0,0.0,0.0,Fuera de Servicio
2018-06-23 06:05:00,0.0,1008.4,0.0,11.55,1.6,3523.0,0.0,0.0,Fuera de Servicio
2018-06-23 06:10:00,0.0,1008.42,0.0,11.41,1.2,3524.0,0.0,0.0,Fuera de Servicio
2018-06-23 06:15:00,0.0,1008.45,0.0,11.28,0.8,3525.0,0.0,0.0,Fuera de Servicio
2018-06-23 06:20:00,0.0,1008.48,0.0,11.14,0.4,3526.0,0.0,0.0,Fuera de Servicio
2018-06-23 06:25:00,0.0,1008.5,0.0,11.0,0.0,3527.0,0.0,0.0,Fuera de Servicio
2018-06-23 06:30:00,0.0,1008.5,0.0,11.0,0.0,3528.0,0.0,0.0,Fuera de Servicio
2018-06-23 06:35:00,0.0,1008.5,0.0,11.0,0.0,3529.0,0.0,0.0,Fuera de Servicio
2018-06-23 06:40:00,0.0,1008.54,0.0,10.96,0.6,3530.0,0.0,0.0,Fuera de Servicio
2018-06-23 06:45:00,0.0,1008.58,0.0,10.92,1.2,3531.0,0.0,0.0,Fuera de Servicio
2018-06-23 06:50:00,0.0,1008.61,0.0,10.89,1.8,3532.0,0.0,0.0,Fuera de Servicio
2018-06-23 06:55:00,0.0,1008.65,0.0,10.85,2.4,3533.0,0.0,0.0,Fuera de Servicio
2018-06-23 07:00:00,0.0,1008.65,0.0,10.85,2.4,3534.0,0.0,0.0,Fuera de Servicio
2018-06-23 07:05:00,0.0,1008.65,0.0,10.85,2.4,3535.0,0.0,0.0,Fuera de Servicio
2018-06-23 07:10:00,0.0,1008.75,0.0,10.85,2.2,3536.0,0.0,0.0,Fuera de Servicio
2018-06-23 07:15:00,0.0,1008.85,0.0,10.85,2.0,3537.0,0.0,0.0,Fuera de Servicio
2018-06-23 07:20:00,0.0,1008.95,0.0,10.85,1.8,3538.0,0.0,0.0,Fuera de Servicio
2018-06-23 07:25:00,0.0,1009.05,0.0,10.85,1.6,3539.0,0.0,0.0,Fuera de Servicio
2018-06-23 07:30:00,0.0,1009.05,0.0,10.85,1.6,3540.0,0.0,0.0,Fuera de Servicio
2018-06-23 07:35:00,0.0,1009.05,0.0,10.85,1.6,3541.0,0.0,0.0,Fuera de Servicio
2018-06-23 07:40:00,0.0,1009.06,0.0,10.79,2.0,3542.0,0.0,0.0,Fuera de Servicio
2018-06-23 07:45:00,0.0,1009.08,0.0,10.72,2.4,3543.0,0.0,0.0,Fuera de Servicio
2018-06-23 07:50:00,0.0,1009.09,0.0,10.66,2.8,3544.0,0.0,0.0,Fuera de Servicio
2018-06-23 07:55:00,0.0,1009.1,0.0,10.6,3.2,3545.0,0.0,0.0,Fuera de Servicio
2018-06-23 08:00:00,0.0,1009.1,0.0,10.6,3.2,3546.0,0.0,0.0,Fuera de Servicio
2018-06-23 08:05:00,0.0,1009.1,0.0,10.6,3.2,3547.0,18.0,2.0,En Operación
2018-06-23 08:10:00,0.0,1009.19,0.0,10.71,3.2,3548.0,18.0,2.0,En Operación
2018-06-23 08:15:00,0.0,1009.28,0.0,10.82,3.2,3549.0,18.0,2.0,En Operación
2018-06-23 08:20:00,0.0,1009.36,0.0,10.94,3.2,3550.0,18.0,2.0,En Operación
2018-06-23 08:25:00,0.0,1009.45,0.0,11.05,3.2,3551.0,18.0,2.0,En Operación
2018-06-23 08:30:00,0.0,1009.45,0.0,11.05,3.2,3552.0,18.0,2.0,En Operación
2018-06-23 08:35:00,0.0,1009.45,0.0,11.05,3.2,3553.0,18.0,2.0,En Operación
2018-06-23 08:40:00,0.0,1009.51,0.0,11.08,3.4,3554.0,18.0,2.0,En Operación
2018-06-23 08:45:00,0.0,1009.58,0.0,11.1,3.6,3555.0,18.0,2.0,En Operación
2018-06-23 08:50:00,0.0,1009.64,0.0,11.12,3.8,3556.0,18.0,2.0,En Operación
2018-06-23 08:55:00,0.0,1009.7,0.0,11.15,4.0,3557.0,18.0,2.0,En Operación
2018-06-23 09:00:00,0.0,1009.7,0.0,11.15,4.0,3558.0,18.0,2.0,En Operación
2018-06-23 09:05:00,0.0,1009.7,0.0,11.15,4.0,3559.0,18.0,2.0,En Operación
2018-06-23 09:10:00,0.0,1009.89,0.0,11.24,4.0,3560.0,18.0,2.0,En Operación
2018-06-23 09:15:00,0.0,1010.08,0.0,11.32,4.0,3561.0,18.0,2.0,En Operación
2018-06-23 09:20:00,0.0,1010.26,0.0,11.41,4.0,3562.0,18.0,2.0,En Operación
2018-06-23 09:25:00,0.0,1010.45,0.0,11.5,4.0,3563.0,18.0,2.0,En Operación
2018-06-23 09:30:00,0.0,1010.45,0.0,11.5,4.0,3564.0,18.0,2.0,En Operación
2018-06-23 09:35:00,0.0,1010.45,0.0,11.5,4.0,3565.0,18.0,2.0,En Operación
2018-06-23 09:40:00,0.0,1010.69,0.0,11.69,4.8,3566.0,18.0,2.0,En Operación
2018-06-23 09:45:00,0.0,1010.92,0.0,11.88,5.6,3567.0,18.0,2.0,En Operación
2018-06-23 09:50:00,0.0,1011.16,0.0,12.06,6.4,3568.0,18.0,2.0,En Operación
2018-06-23 09:55:00,0.0,1011.4,0.0,12.25,7.2,3569.0,18.0,2.0,En Operación
2018-06-23 10:00:00,0.0,1011.4,0.0,12.25,7.2,3570.0,17.0,3.0,En Operación
2018-06-23 10:05:00,0.0,1011.4,0.0,12.25,7.2,3571.0,17.0,3.0,En Operación
2018-06-23 10:10:00,0.0,1011.35,0.0,12.36,7.0,3572.0,17.0,3.0,En Operación
2018-06-23 10:15:00,0.0,1011.3,0.0,12.48,6.8,3573.0,17.0,3.0,En Operación
2018-06-23 10:20:00,0.0,1011.25,0.0,12.59,6.6,3574.0,17.0,3.0,En Operación
2018-06-23 10:25:00,0.0,1011.2,0.0,12.7,6.4,3575.0,17.0,3.0,En Operación
2018-06-23 10:30:00,0.0,1011.2,0.0,12.7,6.4,3576.0,17.0,3.0,En Operación
2018-06-23 10:35:00,0.0,1011.2,0.0,12.7,6.4,3577.0,17.0,3.0,En Operación
2018-06-23 10:40:00,0.0,1011.3,0.0,12.92,6.0,3578.0,17.0,3.0,En Operación
2018-06-23 10:45:00,0.0,1011.4,0.0,13.15,5.6,3579.0,17.0,3.0,En Operación
2018-06-23 10:50:00,0.0,1011.5,0.0,13.38,5.2,3580.0,17.0,3.0,En Operación
2018-06-23 10:55:00,0.0,1011.6,0.0,13.6,4.8,3581.0,18.0,2.0,En Operación
2018-06-23 11:00:00,0.0,1011.6,0.0,13.6,4.8,3582.0,18.0,2.0,En Operación
2018-06-23 11:05:00,0.0,1011.6,0.0,13.6,4.8,3583.0,17.0,3.0,En Operación
2018-06-23 11:10:00,0.0,1011.6,0.0,13.7,4.8,3584.0,17.0,3.0,En Operación
2018-06-23 11:15:00,0.0,1011.6,0.0,13.8,4.8,3585.0,17.0,3.0,En Operación
2018-06-23 11:20:00,0.0,1011.6,0.0,13.9,4.8,3586.0,16.0,4.0,En Operación
2018-06-23 11:25:00,0.0,1011.6,0.0,14.0,4.8,3587.0,15.0,5.0,En Operación
2018-06-23 11:30:00,0.0,1011.6,0.0,14.0,4.8,3588.0,14.0,6.0,En Operación
2018-06-23 11:35:00,0.0,1011.6,0.0,14.0,4.8,3589.0,14.0,6.0,En Operación
2018-06-23 11:40:00,0.0,1011.6,0.0,14.0,4.8,3590.0,14.0,6.0,En Operación
2018-06-23 11:45:00,0.0,1011.6,0.0,14.0,4.8,3591.0,14.0,6.0,En Operación
2018-06-23 11:50:00,0.0,1011.6,0.0,14.0,4.8,3592.0,14.0,6.0,En Operación
2018-06-23 11:55:00,0.0,1011.6,0.0,14.0,4.8,3593.0,14.0,6.0,En Operación
2018-06-23 12:00:00,0.0,1011.6,0.0,14.0,4.8,3594.0,14.0,6.0,En Operación
2018-06-23 12:05:00,0.0,1011.6,0.0,14.0,4.8,3595.0,13.0,7.0,En Operación
2018-06-23 12:10:00,0.0,1011.72,0.0,14.48,5.6,3596.0,13.0,7.0,En Operación
2018-06-23 12:15:00,0.0,1011.85,0.0,14.95,6.4,3597.0,12.0,8.0,En Operación
2018-06-23 12:20:00,0.0,1011.98,0.0,15.42,7.2,3598.0,12.0,8.0,En Operación
2018-06-23 12:25:00,0.0,1012.1,0.0,15.9,8.0,3599.0,12.0,8.0,En Operación
2018-06-23 12:30:00,0.0,1012.1,0.0,15.9,8.0,3600.0,13.0,7.0,En Operación
2018-06-23 12:35:00,0.0,1012.1,0.0,15.9,8.0,3601.0,14.0,6.0,En Operación
2018-06-23 12:40:00,0.0,1012.1,0.0,15.9,8.0,3602.0,14.0,6.0,En Operación
2018-06-23 12:45:00,0.0,1012.1,0.0,15.9,8.0,3603.0,13.0,7.0,En Operación
2018-06-23 12:50:00,0.0,1012.1,0.0,15.9,8.0,3604.0,13.0,7.0,En Operación
2018-06-23 12:55:00,0.0,1012.1,0.0,15.9,8.0,3605.0,13.0,7.0,En Operación
2018-06-23 13:00:00,0.0,1012.1,0.0,15.9,8.0,3606.0,15.0,5.0,En Operación
2018-06-23 13:05:00,0.0,1012.1,0.0,15.9,8.0,3607.0,12.0,8.0,En Operación
2018-06-23 13:10:00,0.0,1012.1,0.0,16.1,7.6,3608.0,11.0,9.0,En Operación
2018-06-23 13:15:00,0.0,1012.1,0.0,16.3,7.2,3609.0,11.0,9.0,En Operación
2018-06-23 13:20:00,0.0,1012.1,0.0,16.5,6.8,3610.0,12.0,8.0,En Operación
2018-06-23 13:25:00,0.0,1012.1,0.0,16.7,6.4,3611.0,12.0,8.0,En Operación
2018-06-23 13:30:00,0.0,1012.1,0.0,16.7,6.4,3612.0,11.0,9.0,En Operación
2018-06-23 13:35:00,0.0,1012.1,0.0,16.7,6.4,3613.0,11.0,9.0,En Operación
2018-06-23 13:40:00,0.0,1012.1,0.0,16.7,6.4,3614.0,12.0,8.0,En Operación
2018-06-23 13:45:00,0.0,1012.1,0.0,16.7,6.4,3615.0,12.0,8.0,En Operación
2018-06-23 13:50:00,0.0,1012.1,0.0,16.7,6.4,3616.0,12.0,8.0,En Operación
2018-06-23 13:55:00,0.0,1012.1,0.0,16.7,6.4,3617.0,12.0,8.0,En Operación
2018-06-23 14:00:00,0.0,1012.1,0.0,16.7,6.4,3618.0,12.0,8.0,En Operación
2018-06-23 14:05:00,0.0,1012.1,0.0,16.7,6.4,3619.0,12.0,8.0,En Operación
2018-06-23 14:10:00,0.0,1012.15,0.0,16.62,8.02,3620.0,12.0,8.0,En Operación
2018-06-23 14:15:00,0.0,1012.2,0.0,16.55,9.65,3621.0,12.0,8.0,En Operación
2018-06-23 14:20:00,0.0,1012.25,0.0,16.47,11.28,3622.0,12.0,8.0,En Operación
2018-06-23 14:25:00,0.0,1012.3,0.0,16.4,12.9,3623.0,12.0,8.0,En Operación
2018-06-23 14:30:00,0.0,1012.3,0.0,16.4,12.9,3624.0,11.0,9.0,En Operación
2018-06-23 14:35:00,0.0,1012.3,0.0,16.4,12.9,3625.0,9.0,11.0,En Operación
2018-06-23 14:40:00,0.0,1012.3,0.0,16.4,12.9,3626.0,8.0,12.0,En Operación
2018-06-23 14:45:00,0.0,1012.3,0.0,16.4,12.9,3627.0,7.0,13.0,En Operación
2018-06-23 14:50:00,0.0,1012.3,0.0,16.4,12.9,3628.0,7.0,13.0,En Operación
2018-06-23 14:55:00,0.0,1012.3,0.0,16.4,12.9,3629.0,6.0,14.0,En Operación
2018-06-23 15:00:00,0.0,1012.3,0.0,16.4,12.9,3630.0,7.0,13.0,En Operación
2018-06-23 15:05:00,0.0,1012.3,0.0,16.4,12.9,3631.0,7.0,13.0,En Operación
2018-06-23 15:10:00,0.0,1012.55,0.0,16.1,12.9,3632.0,6.0,14.0,En Operación
2018-06-23 15:15:00,0.0,1012.8,0.0,15.8,12.9,3633.0,6.0,14.0,En Operación
2018-06-23 15:20:00,0.0,1013.05,0.0,15.5,12.9,3634.0,6.0,14.0,En Operación
2018-06-23 15:25:00,0.0,1013.3,0.0,15.2,12.9,3635.0,5.0,15.0,En Operación
2018-06-23 15:30:00,0.0,1013.3,0.0,15.2,12.9,3636.0,6.0,14.0,En Operación
2018-06-23 15:35:00,0.0,1013.3,0.0,15.2,12.9,3637.0,5.0,15.0,En Operación
2018-06-23 15:40:00,0.0,1013.3,0.0,15.2,12.9,3638.0,5.0,15.0,En Operación
2018-06-23 15:45:00,0.0,1013.3,0.0,15.2,12.9,3639.0,5.0,15.0,En Operación
2018-06-23 15:50:00,0.0,1013.3,0.0,15.2,12.9,3640.0,7.0,13.0,En Operación
2018-06-23 15:55:00,0.0,1013.3,0.0,15.2,12.9,3641.0,7.0,13.0,En Operación
2018-06-23 16:00:00,0.0,1013.3,0.0,15.2,12.9,3642.0,5.0,15.0,En Operación
2018-06-23 16:05:00,0.0,1013.3,0.0,15.2,12.9,3643.0,5.0,15.0,En Operación
2018-06-23 16:10:00,0.0,1013.6,0.0,14.77,13.7,3644.0,5.0,15.0,En Operación
2018-06-23 16:15:00,0.0,1013.9,0.0,14.35,14.5,3645.0,5.0,15.0,En Operación
2018-06-23 16:20:00,0.0,1014.2,0.0,13.92,15.3,3646.0,6.0,14.0,En Operación
2018-06-23 16:25:00,0.0,1014.5,0.0,13.5,16.1,3647.0,5.0,15.0,En Operación
2018-06-23 16:30:00,0.0,1014.5,0.0,13.5,16.1,3648.0,5.0,15.0,En Operación
2018-06-23 16:35:00,0.0,1014.5,0.0,13.5,16.1,3649.0,4.0,16.0,En Operación
2018-06-23 16:40:00,0.0,1014.5,0.0,13.5,16.1,3650.0,4.0,16.0,En Operación
2018-06-23 16:45:00,0.0,1014.5,0.0,13.5,16.1,3651.0,4.0,16.0,En Operación
2018-06-23 16:50:00,0.0,1014.5,0.0,13.5,16.1,3652.0,5.0,15.0,En Operación
2018-06-23 16:55:00,0.0,1014.5,0.0,13.5,16.1,3653.0,5.0,15.0,En Operación
2018-06-23 17:00:00,0.0,1014.5,0.0,13.5,16.1,3654.0,5.0,15.0,En Operación
2018-06-23 17:05:00,0.0,1014.5,0.0,13.5,16.1,3655.0,5.0,15.0,En Operación
2018-06-23 17:10:00,0.0,1014.85,0.0,13.3,14.9,3656.0,5.0,15.0,En Operación
2018-06-23 17:15:00,0.0,1015.2,0.0,13.1,13.7,3657.0,5.0,15.0,En Operación
2018-06-23 17:20:00,0.0,1015.55,0.0,12.9,12.5,3658.0,7.0,13.0,En Operación
2018-06-23 17:25:00,0.0,1015.9,0.0,12.7,11.3,3659.0,8.0,12.0,En Operación
2018-06-23 17:30:00,0.0,1015.9,0.0,12.7,11.3,3660.0,8.0,12.0,En Operación
2018-06-23 17:35:00,0.0,1015.9,0.0,12.7,11.3,3661.0,8.0,12.0,En Operación
2018-06-23 17:40:00,0.0,1015.9,0.0,12.7,11.3,3662.0,8.0,12.0,En Operación
2018-06-23 17:45:00,0.0,1015.9,0.0,12.7,11.3,3663.0,9.0,11.0,En Operación
2018-06-23 17:50:00,0.0,1015.9,0.0,12.7,11.3,3664.0,9.0,11.0,En Operación
2018-06-23 17:55:00,0.0,1015.9,0.0,12.7,11.3,3665.0,9.0,11.0,En Operación
2018-06-23 18:00:00,0.0,1015.9,0.0,12.7,11.3,3666.0,8.0,12.0,En Operación
2018-06-23 18:05:00,0.0,1015.9,0.0,12.7,11.3,3667.0,10.0,10.0,En Operación
2018-06-23 18:10:00,0.0,1016.2,0.0,12.45,11.3,3668.0,10.0,10.0,En Operación
2018-06-23 18:15:00,0.0,1016.5,0.0,12.2,11.3,3669.0,10.0,10.0,En Operación
2018-06-23 18:20:00,0.0,1016.8,0.0,11.95,11.3,3670.0,10.0,10.0,En Operación
2018-06-23 18:25:00,0.0,1017.1,0.0,11.7,11.3,3671.0,9.0,11.0,En Operación
2018-06-23 18:30:00,0.0,1017.1,0.0,11.7,11.3,3672.0,9.0,11.0,En Operación
2018-06-23 18:35:00,0.0,1017.1,0.0,11.7,11.3,3673.0,10.0,10.0,En Operación
2018-06-23 18:40:00,0.0,1017.1,0.0,11.69,11.29,3674.0,11.0,9.0,En Operación
2018-06-23 18:45:00,0.0,1017.1,0.0,11.68,11.28,3675.0,12.0,8.0,En Operación
2018-06-23 18:50:00,0.0,1017.1,0.0,11.67,11.27,3676.0,13.0,7.0,En Operación
2018-06-23 18:55:00,0.0,1017.09,0.0,11.66,11.26,3677.0,12.0,8.0,En Operación
2018-06-23 19:00:00,0.0,1017.09,0.0,11.65,11.25,3678.0,12.0,8.0,En Operación
2018-06-23 19:05:00,0.0,1017.09,0.0,11.64,11.24,3679.0,12.0,8.0,En Operación
2018-06-23 19:10:00,0.0,1017.09,0.0,11.63,11.23,3680.0,13.0,7.0,En Operación
2018-06-23 19:15:00,0.0,1017.09,0.0,11.62,11.22,3681.0,12.0,8.0,En Operación
2018-06-23 19:20:00,0.0,1017.09,0.0,11.62,11.21,3682.0,11.0,9.0,En Operación
2018-06-23 19:25:00,0.0,1017.09,0.0,11.61,11.2,3683.0,11.0,9.0,En Operación
2018-06-23 19:30:00,0.0,1017.08,0.0,11.6,11.19,3684.0,11.0,9.0,En Operación
2018-06-23 19:35:00,0.0,1017.08,0.0,11.59,11.18,3685.0,14.0,6.0,En Operación
2018-06-23 19:40:00,0.0,1017.08,0.0,11.58,11.17,3686.0,14.0,6.0,En Operación
2018-06-23 19:45:00,0.0,1017.08,0.0,11.57,11.15,3687.0,14.0,6.0,En Operación
2018-06-23 19:50:00,0.0,1017.08,0.0,11.56,11.14,3688.0,14.0,6.0,En Operación
2018-06-23 19:55:00,0.0,1017.08,0.0,11.55,11.13,3689.0,15.0,5.0,En Operación
2018-06-23 20:00:00,0.0,1017.07,0.0,11.54,11.12,3690.0,15.0,5.0,En Operación
2018-06-23 20:05:00,0.0,1017.07,0.0,11.53,11.11,3691.0,14.0,6.0,En Operación
2018-06-23 20:10:00,0.0,1017.07,0.0,11.52,11.1,3692.0,14.0,6.0,En Operación
2018-06-23 20:15:00,0.0,1017.07,0.0,11.51,11.09,3693.0,13.0,7.0,En Operación
2018-06-23 20:20:00,0.0,1017.07,0.0,11.5,11.08,3694.0,13.0,7.0,En Operación
2018-06-23 20:25:00,0.0,1017.07,0.0,11.49,11.07,3695.0,13.0,7.0,En Operación
2018-06-23 20:30:00,0.0,1017.07,0.0,11.48,11.06,3696.0,13.0,7.0,En Operación
2018-06-23 20:35:00,0.01,1017.06,0.0,11.47,11.05,3697.0,14.0,6.0,En Operación
2018-06-23 20:40:00,0.01,1017.06,0.0,11.46,11.04,3698.0,14.0,6.0,En Operación
2018-06-23 20:45:00,0.01,1017.06,0.0,11.45,11.03,3699.0,14.0,6.0,En Operación
2018-06-23 20:50:00,0.01,1017.06,0.0,11.45,11.02,3700.0,13.0,7.0,En Operación
2018-06-23 20:55:00,0.01,1017.06,0.0,11.44,11.01,3701.0,12.0,8.0,En Operación
2018-06-23 21:00:00,0.01,1017.06,0.0,11.43,11.0,3702.0,12.0,8.0,En Operación
2018-06-23 21:05:00,0.01,1017.06,0.0,11.42,10.99,3703.0,12.0,8.0,En Operación
2018-06-23 21:10:00,0.01,1017.05,0.0,11.41,10.98,3704.0,13.0,7.0,En Operación
2018-06-23 21:15:00,0.01,1017.05,0.0,11.4,10.97,3705.0,13.0,7.0,En Operación
2018-06-23 21:20:00,0.01,1017.05,0.0,11.39,10.96,3706.0,13.0,7.0,En Operación
2018-06-23 21:25:00,0.01,1017.05,0.0,11.38,10.95,3707.0,13.0,7.0,En Operación
2018-06-23 21:30:00,0.01,1017.05,0.0,11.37,10.94,3708.0,12.0,8.0,En Operación
2018-06-23 21:35:00,0.01,1017.05,0.0,11.36,10.93,3709.0,13.0,7.0,En Operación
2018-06-23 21:40:00,0.01,1017.05,0.0,11.35,10.92,3710.0,13.0,7.0,En Operación
2018-06-23 21:45:00,0.01,1017.04,0.0,11.34,10.91,3711.0,12.0,8.0,En Operación
2018-06-23 21:50:00,0.01,1017.04,0.0,11.33,10.9,3712.0,12.0,8.0,En Operación
2018-06-23 21:55:00,0.01,1017.04,0.0,11.32,10.88,3713.0,11.0,9.0,En Operación
2018-06-23 22:00:00,0.01,1017.04,0.0,11.31,10.87,3714.0,11.0,9.0,En Operación
2018-06-23 22:05:00,0.01,1017.04,0.0,11.3,10.86,3715.0,11.0,9.0,En Operación
2018-06-23 22:10:00,0.01,1017.04,0.0,11.29,10.85,3716.0,11.0,9.0,En Operación
2018-06-23 22:15:00,0.01,1017.03,0.0,11.29,10.84,3717.0,11.0,9.0,En Operación
2018-06-23 22:20:00,0.01,1017.03,0.0,11.28,10.83,3718.0,10.0,10.0,En Operación
2018-06-23 22:25:00,0.01,1017.03,0.0,11.27,10.82,3719.0,10.0,10.0,En Operación
2018-06-23 22:30:00,0.01,1017.03,0.0,11.26,10.81,3720.0,11.0,9.0,En Operación
2018-06-23 22:35:00,0.01,1017.03,0.0,11.25,10.8,3721.0,10.0,10.0,En Operación
2018-06-23 22:40:00,0.01,1017.03,0.0,11.24,10.79,3722.0,10.0,10.0,En Operación
2018-06-23 22:45:00,0.01,1017.03,0.0,11.23,10.78,3723.0,10.0,10.0,En Operación
2018-06-23 22:50:00,0.01,1017.02,0.0,11.22,10.77,3724.0,10.0,10.0,En Operación
2018-06-23 22:55:00,0.01,1017.02,0.0,11.21,10.76,3725.0,10.0,10.0,En Operación
2018-06-23 23:00:00,0.01,1017.02,0.0,11.2,10.75,3726.0,9.0,11.0,En Operación
2018-06-23 23:05:00,0.01,1017.02,0.0,11.19,10.74,3727.0,9.0,11.0,En Operación
2018-06-23 23:10:00,0.01,1017.02,0.0,11.18,10.73,3728.0,9.0,11.0,En Operación
2018-06-23 23:15:00,0.01,1017.02,0.0,11.17,10.72,3729.0,10.0,10.0,En Operación
2018-06-23 23:20:00,0.01,1017.02,0.0,11.16,10.71,3730.0,9.0,11.0,En Operación
2018-06-23 23:25:00,0.01,1017.01,0.0,11.15,10.7,3731.0,10.0,10.0,En Operación
2018-06-23 23:30:00,0.01,1017.01,0.0,11.14,10.69,3732.0,10.0,10.0,En Operación
2018-06-23 23:35:00,0.01,1017.01,0.0,11.13,10.68,3733.0,10.0,10.0,En Operación
2018-06-23 23:40:00,0.01,1017.01,0.0,11.12,10.67,3734.0,10.0,10.0,En Operación
2018-06-23 23:45:00,0.01,1017.01,0.0,11.12,10.66,3735.0,10.0,10.0,En Operación
2018-06-23 23:50:00,0.01,1017.01,0.0,11.11,10.65,3736.0,10.0,10.0,En Operación
2018-06-23 23:55:00,0.01,1017.01,0.0,11.1,10.64,3737.0,10.0,10.0,En Operación
2018-06-24 00:00:00,0.01,1017.0,0.0,11.09,10.63,3738.0,10.0,10.0,En Operación
2018-06-24 00:05:00,0.01,1017.0,0.0,11.08,10.61,3739.0,10.0,10.0,En Operación
2018-06-24 00:10:00,0.01,1017.0,0.0,11.07,10.6,3740.0,10.0,10.0,En Operación
2018-06-24 00:15:00,0.01,1017.0,0.0,11.06,10.59,3741.0,10.0,10.0,En Operación
2018-06-24 00:20:00,0.01,1017.0,0.0,11.05,10.58,3742.0,10.0,10.0,En Operación
2018-06-24 00:25:00,0.01,1017.0,0.0,11.04,10.57,3743.0,10.0,10.0,En Operación
2018-06-24 00:30:00,0.02,1016.99,0.0,11.03,10.56,3744.0,10.0,10.0,En Operación
2018-06-24 00:35:00,0.02,1016.99,0.0,11.02,10.55,3745.0,10.0,10.0,En Operación
2018-06-24 00:40:00,0.02,1016.99,0.0,11.01,10.54,3746.0,10.0,10.0,En Operación
2018-06-24 00:45:00,0.02,1016.99,0.0,11.0,10.53,3747.0,9.0,11.0,En Operación
2018-06-24 00:50:00,0.02,1016.99,0.0,10.99,10.52,3748.0,9.0,11.0,En Operación
2018-06-24 00:55:00,0.02,1016.99,0.0,10.98,10.51,3749.0,9.0,11.0,En Operación
2018-06-24 01:00:00,0.02,1016.99,0.0,10.97,10.5,3750.0,9.0,11.0,En Operación
2018-06-24 01:05:00,0.02,1016.98,0.0,10.96,10.49,3751.0,9.0,11.0,En Operación
2018-06-24 01:10:00,0.02,1016.98,0.0,10.96,10.48,3752.0,9.0,11.0,En Operación
2018-06-24 01:15:00,0.02,1016.98,0.0,10.95,10.47,3753.0,9.0,11.0,En Operación
2018-06-24 01:20:00,0.02,1016.98,0.0,10.94,10.46,3754.0,9.0,11.0,En Operación
2018-06-24 01:25:00,0.02,1016.98,0.0,10.93,10.45,3755.0,8.0,12.0,En Operación
2018-06-24 01:30:00,0.02,1016.98,0.0,10.92,10.44,3756.0,8.0,12.0,En Operación
2018-06-24 01:35:00,0.02,1016.98,0.0,10.91,10.43,3757.0,8.0,12.0,En Operación
2018-06-24 01:40:00,0.02,1016.97,0.0,10.9,10.42,3758.0,8.0,12.0,En Operación
2018-06-24 01:45:00,0.02,1016.97,0.0,10.89,10.41,3759.0,8.0,12.0,En Operación
2018-06-24 01:50:00,0.02,1016.97,0.0,10.88,10.4,3760.0,8.0,12.0,En Operación
2018-06-24 01:55:00,0.02,1016.97,0.0,10.87,10.39,3761.0,8.0,12.0,En Operación
2018-06-24 02:00:00,0.02,1016.97,0.0,10.86,10.38,3762.0,8.0,12.0,En Operación
2018-06-24 02:05:00,0.02,1016.97,0.0,10.85,10.37,3763.0,8.0,12.0,En Operación
2018-06-24 02:10:00,0.02,1016.97,0.0,10.84,10.36,3764.0,8.0,12.0,En Operación
2018-06-24 02:15:00,0.02,1016.96,0.0,10.83,10.34,3765.0,8.0,12.0,En Operación
2018-06-24 02:20:00,0.02,1016.96,0.0,10.82,10.33,3766.0,8.0,12.0,En Operación
2018-06-24 02:25:00,0.02,1016.96,0.0,10.81,10.32,3767.0,8.0,12.0,En Operación
2018-06-24 02:30:00,0.02,1016.96,0.0,10.8,10.31,3768.0,9.0,11.0,En Operación
2018-06-24 02:35:00,0.02,1016.96,0.0,10.79,10.3,3769.0,9.0,11.0,En Operación
2018-06-24 02:40:00,0.02,1016.96,0.0,10.79,10.29,3770.0,9.0,11.0,En Operación
2018-06-24 02:45:00,0.02,1016.95,0.0,10.78,10.28,3771.0,10.0,10.0,En Operación
2018-06-24 02:50:00,0.02,1016.95,0.0,10.77,10.27,3772.0,10.0,10.0,En Operación
2018-06-24 02:55:00,0.02,1016.95,0.0,10.76,10.26,3773.0,10.0,10.0,En Operación
2018-06-24 03:00:00,0.02,1016.95,0.0,10.75,10.25,3774.0,10.0,10.0,En Operación
2018-06-24 03:05:00,0.02,1016.95,0.0,10.74,10.24,3775.0,10.0,10.0,En Operación
2018-06-24 03:10:00,0.02,1016.95,0.0,10.73,10.23,3776.0,11.0,9.0,En Operación
2018-06-24 03:15:00,0.02,1016.95,0.0,10.72,10.22,3777.0,11.0,9.0,En Operación
2018-06-24 03:20:00,0.02,1016.94,0.0,10.71,10.21,3778.0,11.0,9.0,En Operación
2018-06-24 03:25:00,0.02,1016.94,0.0,10.7,10.2,3779.0,11.0,9.0,En Operación
2018-06-24 03:30:00,0.02,1016.94,0.0,10.69,10.19,3780.0,11.0,9.0,En Operación
2018-06-24 03:35:00,0.02,1016.94,0.0,10.68,10.18,3781.0,11.0,9.0,En Operación
2018-06-24 03:40:00,0.02,1016.94,0.0,10.67,10.17,3782.0,11.0,9.0,En Operación
2018-06-24 03:45:00,0.02,1016.94,0.0,10.66,10.16,3783.0,11.0,9.0,En Operación
2018-06-24 03:50:00,0.02,1016.94,0.0,10.65,10.15,3784.0,11.0,9.0,En Operación
2018-06-24 03:55:00,0.02,1016.93,0.0,10.64,10.14,3785.0,11.0,9.0,En Operación
2018-06-24 04:00:00,0.02,1016.93,0.0,10.63,10.13,3786.0,11.0,9.0,En Operación
2018-06-24 04:05:00,0.02,1016.93,0.0,10.63,10.12,3787.0,11.0,9.0,En Operación
2018-06-24 04:10:00,0.02,1016.93,0.0,10.62,10.11,3788.0,11.0,9.0,En Operación
2018-06-24 04:15:00,0.02,1016.93,0.0,10.61,10.1,3789.0,11.0,9.0,En Operación
2018-06-24 04:20:00,0.02,1016.93,0.0,10.6,10.09,3790.0,11.0,9.0,En Operación
2018-06-24 04:25:00,0.02,1016.92,0.0,10.59,10.08,3791.0,11.0,9.0,En Operación
2018-06-24 04:30:00,0.03,1016.92,0.0,10.58,10.06,3792.0,11.0,9.0,En Operación
2018-06-24 04:35:00,0.03,1016.92,0.0,10.57,10.05,3793.0,11.0,9.0,En Operación
2018-06-24 04:40:00,0.03,1016.92,0.0,10.56,10.04,3794.0,11.0,9.0,En Operación
2018-06-24 04:45:00,0.03,1016.92,0.0,10.55,10.03,3795.0,11.0,9.0,En Operación
2018-06-24 04:50:00,0.03,1016.92,0.0,10.54,10.02,3796.0,10.0,10.0,En Operación
2018-06-24 04:55:00,0.03,1016.92,0.0,10.53,10.01,3797.0,10.0,10.0,En Operación
2018-06-24 05:00:00,0.03,1016.91,0.0,10.52,10.0,3798.0,10.0,10.0,En Operación
2018-06-24 05:05:00,0.03,1016.91,0.0,10.51,9.99,3799.0,10.0,10.0,En Operación
2018-06-24 05:10:00,0.03,1016.91,0.0,10.5,9.98,3800.0,10.0,10.0,En Operación
2018-06-24 05:15:00,0.03,1016.91,0.0,10.49,9.97,3801.0,10.0,10.0,En Operación
2018-06-24 05:20:00,0.03,1016.91,0.0,10.48,9.96,3802.0,10.0,10.0,En Operación
2018-06-24 05:25:00,0.03,1016.91,0.0,10.47,9.95,3803.0,10.0,10.0,En Operación
2018-06-24 05:30:00,0.03,1016.91,0.0,10.46,9.94,3804.0,10.0,10.0,En Operación
2018-06-24 05:35:00,0.03,1016.9,0.0,10.46,9.93,3805.0,10.0,10.0,En Operación
2018-06-24 05:40:00,0.03,1016.9,0.0,10.45,9.92,3806.0,10.0,10.0,En Operación
2018-06-24 05:45:00,0.03,1016.9,0.0,10.44,9.91,3807.0,10.0,10.0,En Operación
2018-06-24 05:50:00,0.03,1016.9,0.0,10.43,9.9,3808.0,10.0,10.0,En Operación
2018-06-24 05:55:00,0.03,1016.9,0.0,10.42,9.89,3809.0,10.0,10.0,En Operación
2018-06-24 06:00:00,0.03,1016.9,0.0,10.41,9.88,3810.0,10.0,10.0,En Operación
2018-06-24 06:05:00,0.03,1016.9,0.0,10.4,9.87,3811.0,10.0,10.0,En Operación
2018-06-24 06:10:00,0.03,1016.89,0.0,10.39,9.86,3812.0,10.0,10.0,En Operación
2018-06-24 06:15:00,0.03,1016.89,0.0,10.38,9.85,3813.0,10.0,10.0,En Operación
2018-06-24 06:20:00,0.03,1016.89,0.0,10.37,9.84,3814.0,10.0,10.0,En Operación
2018-06-24 06:25:00,0.03,1016.89,0.0,10.36,9.83,3815.0,10.0,10.0,En Operación
2018-06-24 06:30:00,0.03,1016.89,0.0,10.35,9.82,3816.0,10.0,10.0,En Operación
2018-06-24 06:35:00,0.03,1016.89,0.0,10.34,9.81,3817.0,10.0,10.0,En Operación
2018-06-24 06:40:00,0.03,1016.88,0.0,10.33,9.79,3818.0,10.0,10.0,En Operación
2018-06-24 06:45:00,0.03,1016.88,0.0,10.32,9.78,3819.0,10.0,10.0,En Operación
2018-06-24 06:50:00,0.03,1016.88,0.0,10.31,9.77,3820.0,10.0,10.0,En Operación
2018-06-24 06:55:00,0.03,1016.88,0.0,10.3,9.76,3821.0,10.0,10.0,En Operación
2018-06-24 07:00:00,0.03,1016.88,0.0,10.3,9.75,3822.0,10.0,10.0,En Operación
2018-06-24 07:05:00,0.03,1016.88,0.0,10.29,9.74,3823.0,10.0,10.0,En Operación
2018-06-24 07:10:00,0.03,1016.88,0.0,10.28,9.73,3824.0,10.0,10.0,En Operación
2018-06-24 07:15:00,0.03,1016.87,0.0,10.27,9.72,3825.0,10.0,10.0,En Operación
2018-06-24 07:20:00,0.03,1016.87,0.0,10.26,9.71,3826.0,10.0,10.0,En Operación
2018-06-24 07:25:00,0.03,1016.87,0.0,10.25,9.7,3827.0,10.0,10.0,En Operación
2018-06-24 07:30:00,0.03,1016.87,0.0,10.24,9.69,3828.0,10.0,10.0,En Operación
2018-06-24 07:35:00,0.03,1016.87,0.0,10.23,9.68,3829.0,10.0,10.0,En Operación
2018-06-24 07:40:00,0.03,1016.87,0.0,10.22,9.67,3830.0,10.0,10.0,En Operación
2018-06-24 07:45:00,0.03,1016.87,0.0,10.21,9.66,3831.0,10.0,10.0,En Operación
2018-06-24 07:50:00,0.03,1016.86,0.0,10.2,9.65,3832.0,10.0,10.0,En Operación
2018-06-24 07:55:00,0.03,1016.86,0.0,10.19,9.64,3833.0,10.0,10.0,En Operación
2018-06-24 08:00:00,0.03,1016.86,0.0,10.18,9.63,3834.0,10.0,10.0,En Operación
2018-06-24 08:05:00,0.03,1016.86,0.0,10.17,9.62,3835.0,10.0,10.0,En Operación
2018-06-24 08:10:00,0.03,1016.86,0.0,10.16,9.61,3836.0,10.0,10.0,En Operación
2018-06-24 08:15:00,0.03,1016.86,0.0,10.15,9.6,3837.0,10.0,10.0,En Operación
2018-06-24 08:20:00,0.03,1016.86,0.0,10.14,9.59,3838.0,10.0,10.0,En Operación
2018-06-24 08:25:00,0.04,1016.85,0.0,10.13,9.58,3839.0,8.0,12.0,En Operación
2018-06-24 08:30:00,0.04,1016.85,0.0,10.13,9.57,3840.0,8.0,12.0,En Operación
2018-06-24 08:35:00,0.04,1016.85,0.0,10.12,9.56,3841.0,8.0,12.0,En Operación
2018-06-24 08:40:00,0.04,1016.85,0.0,10.11,9.55,3842.0,9.0,11.0,En Operación
2018-06-24 08:45:00,0.04,1016.85,0.0,10.1,9.54,3843.0,9.0,11.0,En Operación
2018-06-24 08:50:00,0.04,1016.85,0.0,10.09,9.52,3844.0,9.0,11.0,En Operación
2018-06-24 08:55:00,0.04,1016.84,0.0,10.08,9.51,3845.0,9.0,11.0,En Operación
2018-06-24 09:00:00,0.04,1016.84,0.0,10.07,9.5,3846.0,9.0,11.0,En Operación
2018-06-24 09:05:00,0.04,1016.84,0.0,10.06,9.49,3847.0,9.0,11.0,En Operación
2018-06-24 09:10:00,0.04,1016.84,0.0,10.05,9.48,3848.0,9.0,11.0,En Operación
2018-06-24 09:15:00,0.04,1016.84,0.0,10.04,9.47,3849.0,9.0,11.0,En Operación
2018-06-24 09:20:00,0.04,1016.84,0.0,10.03,9.46,3850.0,9.0,11.0,En Operación
2018-06-24 09:25:00,0.04,1016.84,0.0,10.02,9.45,3851.0,8.0,12.0,En Operación
2018-06-24 09:30:00,0.04,1016.83,0.0,10.01,9.44,3852.0,9.0,11.0,En Operación
2018-06-24 09:35:00,0.04,1016.83,0.0,10.0,9.43,3853.0,9.0,11.0,En Operación
2018-06-24 09:40:00,0.04,1016.83,0.0,9.99,9.42,3854.0,9.0,11.0,En Operación
2018-06-24 09:45:00,0.04,1016.83,0.0,9.98,9.41,3855.0,9.0,11.0,En Operación
2018-06-24 09:50:00,0.04,1016.83,0.0,9.97,9.4,3856.0,9.0,11.0,En Operación
2018-06-24 09:55:00,0.04,1016.83,0.0,9.97,9.39,3857.0,9.0,11.0,En Operación
2018-06-24 10:00:00,0.04,1016.83,0.0,9.96,9.38,3858.0,9.0,11.0,En Operación
2018-06-24 10:05:00,0.04,1016.82,0.0,9.95,9.37,3859.0,9.0,11.0,En Operación
2018-06-24 10:10:00,0.04,1016.82,0.0,9.94,9.36,3860.0,9.0,11.0,En Operación
2018-06-24 10:15:00,0.04,1016.82,0.0,9.93,9.35,3861.0,9.0,11.0,En Operación
2018-06-24 10:20:00,0.04,1016.82,0.0,9.92,9.34,3862.0,9.0,11.0,En Operación
2018-06-24 10:25:00,0.04,1016.82,0.0,9.91,9.33,3863.0,9.0,11.0,En Operación
2018-06-24 10:30:00,0.04,1016.82,0.0,9.9,9.32,3864.0,9.0,11.0,En Operación
2018-06-24 10:35:00,0.04,1016.82,0.0,9.89,9.31,3865.0,10.0,10.0,En Operación
2018-06-24 10:40:00,0.04,1016.81,0.0,9.88,9.3,3866.0,10.0,10.0,En Operación
2018-06-24 10:45:00,0.04,1016.81,0.0,9.87,9.29,3867.0,10.0,10.0,En Operación
2018-06-24 10:50:00,0.04,1016.81,0.0,9.86,9.28,3868.0,10.0,10.0,En Operación
2018-06-24 10:55:00,0.04,1016.81,0.0,9.85,9.27,3869.0,10.0,10.0,En Operación
2018-06-24 11:00:00,0.04,1016.81,0.0,9.84,9.25,3870.0,10.0,10.0,En Operación
2018-06-24 11:05:00,0.04,1016.81,0.0,9.83,9.24,3871.0,10.0,10.0,En Operación
2018-06-24 11:10:00,0.04,1016.8,0.0,9.82,9.23,3872.0,10.0,10.0,En Operación
2018-06-24 11:15:00,0.04,1016.8,0.0,9.81,9.22,3873.0,10.0,10.0,En Operación
2018-06-24 11:20:00,0.04,1016.8,0.0,9.8,9.21,3874.0,10.0,10.0,En Operación
2018-06-24 11:25:00,0.04,1016.8,0.0,9.8,9.2,3875.0,10.0,10.0,En Operación
2018-06-24 11:30:00,0.04,1016.8,0.0,9.79,9.19,3876.0,10.0,10.0,En Operación
2018-06-24 11:35:00,0.04,1016.8,0.0,9.78,9.18,3877.0,10.0,10.0,En Operación
2018-06-24 11:40:00,0.04,1016.8,0.0,9.77,9.17,3878.0,9.0,11.0,En Operación
2018-06-24 11:45:00,0.04,1016.79,0.0,9.76,9.16,3879.0,9.0,11.0,En Operación
2018-06-24 11:50:00,0.04,1016.79,0.0,9.75,9.15,3880.0,9.0,11.0,En Operación
2018-06-24 11:55:00,0.04,1016.79,0.0,9.74,9.14,3881.0,9.0,11.0,En Operación
2018-06-24 12:00:00,0.04,1016.79,0.0,9.73,9.13,3882.0,8.0,12.0,En Operación
2018-06-24 12:05:00,0.04,1016.79,0.0,9.72,9.12,3883.0,7.0,13.0,En Operación
2018-06-24 12:10:00,0.04,1016.79,0.0,9.71,9.11,3884.0,7.0,13.0,En Operación
2018-06-24 12:15:00,0.04,1016.79,0.0,9.7,9.1,3885.0,7.0,13.0,En Operación
2018-06-24 12:20:00,0.05,1016.78,0.0,9.69,9.09,3886.0,7.0,13.0,En Operación
2018-06-24 12:25:00,0.05,1016.78,0.0,9.68,9.08,3887.0,7.0,13.0,En Operación
2018-06-24 12:30:00,0.05,1016.78,0.0,9.67,9.07,3888.0,7.0,13.0,En Operación
2018-06-24 12:35:00,0.05,1016.78,0.0,9.66,9.06,3889.0,7.0,13.0,En Operación
2018-06-24 12:40:00,0.05,1016.78,0.0,9.65,9.05,3890.0,8.0,12.0,En Operación
2018-06-24 12:45:00,0.05,1016.78,0.0,9.64,9.04,3891.0,8.0,12.0,En Operación
2018-06-24 12:50:00,0.05,1016.78,0.0,9.64,9.03,3892.0,8.0,12.0,En Operación
2018-06-24 12:55:00,0.05,1016.77,0.0,9.63,9.02,3893.0,8.0,12.0,En Operación
2018-06-24 13:00:00,0.05,1016.77,0.0,9.62,9.01,3894.0,8.0,12.0,En Operación
2018-06-24 13:05:00,0.05,1016.77,0.0,9.61,9.0,3895.0,8.0,12.0,En Operación
2018-06-24 13:10:00,0.05,1016.77,0.0,9.6,8.98,3896.0,6.0,14.0,En Operación
2018-06-24 13:15:00,0.05,1016.77,0.0,9.59,8.97,3897.0,6.0,14.0,En Operación
2018-06-24 13:20:00,0.05,1016.77,0.0,9.58,8.96,3898.0,6.0,14.0,En Operación
2018-06-24 13:25:00,0.05,1016.76,0.0,9.57,8.95,3899.0,6.0,14.0,En Operación
2018-06-24 13:30:00,0.05,1016.76,0.0,9.56,8.94,3900.0,5.0,15.0,En Operación
2018-06-24 13:35:00,0.05,1016.76,0.0,9.55,8.93,3901.0,5.0,15.0,En Operación
2018-06-24 13:40:00,0.05,1016.76,0.0,9.54,8.92,3902.0,5.0,15.0,En Operación
2018-06-24 13:45:00,0.05,1016.76,0.0,9.53,8.91,3903.0,5.0,15.0,En Operación
2018-06-24 13:50:00,0.05,1016.76,0.0,9.52,8.9,3904.0,5.0,15.0,En Operación
2018-06-24 13:55:00,0.05,1016.76,0.0,9.51,8.89,3905.0,5.0,15.0,En Operación
2018-06-24 14:00:00,0.05,1016.75,0.0,9.5,8.88,3906.0,4.0,16.0,En Operación
2018-06-24 14:05:00,0.05,1016.75,0.0,9.49,8.87,3907.0,5.0,15.0,En Operación
2018-06-24 14:10:00,0.05,1016.75,0.0,9.48,8.86,3908.0,5.0,15.0,En Operación
2018-06-24 14:15:00,0.05,1016.75,0.0,9.48,8.85,3909.0,5.0,15.0,En Operación
2018-06-24 14:20:00,0.05,1016.75,0.0,9.47,8.84,3910.0,6.0,14.0,En Operación
2018-06-24 14:25:00,0.05,1016.75,0.0,9.46,8.83,3911.0,5.0,15.0,En Operación
2018-06-24 14:30:00,0.05,1016.75,0.0,9.45,8.82,3912.0,5.0,15.0,En Operación
2018-06-24 14:35:00,0.05,1016.74,0.0,9.44,8.81,3913.0,5.0,15.0,En Operación
2018-06-24 14:40:00,0.05,1016.74,0.0,9.43,8.8,3914.0,4.0,16.0,En Operación
2018-06-24 14:45:00,0.05,1016.74,0.0,9.42,8.79,3915.0,3.0,17.0,En Operación
2018-06-24 14:50:00,0.05,1016.74,0.0,9.41,8.78,3916.0,4.0,16.0,En Operación
2018-06-24 14:55:00,0.05,1016.74,0.0,9.4,8.77,3917.0,4.0,16.0,En Operación
2018-06-24 15:00:00,0.05,1016.74,0.0,9.39,8.76,3918.0,3.0,17.0,En Operación
2018-06-24 15:05:00,0.05,1016.74,0.0,9.38,8.75,3919.0,2.0,18.0,En Operación
2018-06-24 15:10:00,0.05,1016.73,0.0,9.37,8.74,3920.0,3.0,17.0,En Operación
2018-06-24 15:15:00,0.05,1016.73,0.0,9.36,8.73,3921.0,3.0,17.0,En Operación
2018-06-24 15:20:00,0.05,1016.73,0.0,9.35,8.72,3922.0,3.0,17.0,En Operación
2018-06-24 15:25:00,0.05,1016.73,0.0,9.34,8.7,3923.0,3.0,17.0,En Operación
2018-06-24 15:30:00,0.05,1016.73,0.0,9.33,8.69,3924.0,4.0,16.0,En Operación
2018-06-24 15:35:00,0.05,1016.73,0.0,9.32,8.68,3925.0,5.0,15.0,En Operación
2018-06-24 15:40:00,0.05,1016.72,0.0,9.31,8.67,3926.0,4.0,16.0,En Operación
2018-06-24 15:45:00,0.05,1016.72,0.0,9.31,8.66,3927.0,3.0,17.0,En Operación
2018-06-24 15:50:00,0.05,1016.72,0.0,9.3,8.65,3928.0,5.0,15.0,En Operación
2018-06-24 15:55:00,0.05,1016.72,0.0,9.29,8.64,3929.0,5.0,15.0,En Operación
2018-06-24 16:00:00,0.05,1016.72,0.0,9.28,8.63,3930.0,5.0,15.0,En Operación
2018-06-24 16:05:00,0.05,1016.72,0.0,9.27,8.62,3931.0,5.0,15.0,En Operación
2018-06-24 16:10:00,0.05,1016.72,0.0,9.26,8.61,3932.0,5.0,15.0,En Operación
2018-06-24 16:15:00,0.06,1016.71,0.0,9.25,8.6,3933.0,5.0,15.0,En Operación
2018-06-24 16:20:00,0.06,1016.71,0.0,9.24,8.59,3934.0,5.0,15.0,En Operación
2018-06-24 16:25:00,0.06,1016.71,0.0,9.23,8.58,3935.0,4.0,16.0,En Operación
2018-06-24 16:30:00,0.06,1016.71,0.0,9.22,8.57,3936.0,4.0,16.0,En Operación
2018-06-24 16:35:00,0.06,1016.71,0.0,9.21,8.56,3937.0,3.0,17.0,En Operación
2018-06-24 16:40:00,0.06,1016.71,0.0,9.2,8.55,3938.0,3.0,17.0,En Operación
2018-06-24 16:45:00,0.06,1016.71,0.0,9.19,8.54,3939.0,3.0,17.0,En Operación
2018-06-24 16:50:00,0.06,1016.7,0.0,9.18,8.53,3940.0,2.0,18.0,En Operación
2018-06-24 16:55:00,0.06,1016.7,0.0,9.17,8.52,3941.0,1.0,19.0,En Operación
2018-06-24 17:00:00,0.06,1016.7,0.0,9.16,8.51,3942.0,1.0,19.0,En Operación
2018-06-24 17:05:00,0.06,1016.7,0.0,9.15,8.5,3943.0,1.0,19.0,En Operación
2018-06-24 17:10:00,0.06,1016.7,0.0,9.15,8.49,3944.0,1.0,19.0,En Operación
2018-06-24 17:15:00,0.06,1016.7,0.0,9.14,8.48,3945.0,2.0,18.0,En Operación
2018-06-24 17:20:00,0.06,1016.7,0.0,9.13,8.47,3946.0,2.0,18.0,En Operación
2018-06-24 17:25:00,0.06,1016.69,0.0,9.12,8.46,3947.0,3.0,17.0,En Operación
2018-06-24 17:30:00,0.06,1016.69,0.0,9.11,8.45,3948.0,3.0,17.0,En Operación
2018-06-24 17:35:00,0.06,1016.69,0.0,9.1,8.43,3949.0,4.0,16.0,En Operación
2018-06-24 17:40:00,0.06,1016.69,0.0,9.09,8.42,3950.0,4.0,16.0,En Operación
2018-06-24 17:45:00,0.06,1016.69,0.0,9.08,8.41,3951.0,4.0,16.0,En Operación
2018-06-24 17:50:00,0.06,1016.69,0.0,9.07,8.4,3952.0,5.0,15.0,En Operación
2018-06-24 17:55:00,0.06,1016.68,0.0,9.06,8.39,3953.0,3.0,17.0,En Operación
2018-06-24 18:00:00,0.06,1016.68,0.0,9.05,8.38,3954.0,3.0,17.0,En Operación
2018-06-24 18:05:00,0.06,1016.68,0.0,9.04,8.37,3955.0,5.0,15.0,En Operación
2018-06-24 18:10:00,0.06,1016.68,0.0,9.03,8.36,3956.0,4.0,16.0,En Operación
2018-06-24 18:15:00,0.06,1016.68,0.0,9.02,8.35,3957.0,4.0,16.0,En Operación
2018-06-24 18:20:00,0.06,1016.68,0.0,9.01,8.34,3958.0,4.0,16.0,En Operación
2018-06-24 18:25:00,0.06,1016.68,0.0,9.0,8.33,3959.0,4.0,16.0,En Operación
2018-06-24 18:30:00,0.06,1016.67,0.0,8.99,8.32,3960.0,4.0,16.0,En Operación
2018-06-24 18:35:00,0.06,1016.67,0.0,8.98,8.31,3961.0,6.0,14.0,En Operación
2018-06-24 18:40:00,0.06,1016.67,0.0,8.98,8.3,3962.0,6.0,14.0,En Operación
2018-06-24 18:45:00,0.06,1016.67,0.0,8.97,8.29,3963.0,6.0,14.0,En Operación
2018-06-24 18:50:00,0.06,1016.67,0.0,8.96,8.28,3964.0,6.0,14.0,En Operación
2018-06-24 18:55:00,0.06,1016.67,0.0,8.95,8.27,3965.0,7.0,13.0,En Operación
2018-06-24 19:00:00,0.06,1016.67,0.0,8.94,8.26,3966.0,6.0,14.0,En Operación
2018-06-24 19:05:00,0.06,1016.66,0.0,8.93,8.25,3967.0,6.0,14.0,En Operación
2018-06-24 19:10:00,0.06,1016.66,0.0,8.92,8.24,3968.0,6.0,14.0,En Operación
2018-06-24 19:15:00,0.06,1016.66,0.0,8.91,8.23,3969.0,6.0,14.0,En Operación
2018-06-24 19:20:00,0.06,1016.66,0.0,8.9,8.22,3970.0,7.0,13.0,En Operación
2018-06-24 19:25:00,0.06,1016.66,0.0,8.89,8.21,3971.0,7.0,13.0,En Operación
2018-06-24 19:30:00,0.06,1016.66,0.0,8.88,8.2,3972.0,8.0,12.0,En Operación
2018-06-24 19:35:00,0.06,1016.66,0.0,8.87,8.19,3973.0,6.0,14.0,En Operación
2018-06-24 19:40:00,0.06,1016.65,0.0,8.86,8.18,3974.0,5.0,15.0,En Operación
2018-06-24 19:45:00,0.06,1016.65,0.0,8.85,8.16,3975.0,5.0,15.0,En Operación
2018-06-24 19:50:00,0.06,1016.65,0.0,8.84,8.15,3976.0,6.0,14.0,En Operación
2018-06-24 19:55:00,0.06,1016.65,0.0,8.83,8.14,3977.0,6.0,14.0,En Operación
2018-06-24 20:00:00,0.06,1016.65,0.0,8.82,8.13,3978.0,6.0,14.0,En Operación
2018-06-24 20:05:00,0.06,1016.65,0.0,8.82,8.12,3979.0,6.0,14.0,En Operación
2018-06-24 20:10:00,0.07,1016.64,0.0,8.81,8.11,3980.0,6.0,14.0,En Operación
2018-06-24 20:15:00,0.07,1016.64,0.0,8.8,8.1,3981.0,6.0,14.0,En Operación
2018-06-24 20:20:00,0.07,1016.64,0.0,8.79,8.09,3982.0,6.0,14.0,En Operación
2018-06-24 20:25:00,0.07,1016.64,0.0,8.78,8.08,3983.0,5.0,15.0,En Operación
2018-06-24 20:30:00,0.07,1016.64,0.0,8.77,8.07,3984.0,5.0,15.0,En Operación
2018-06-24 20:35:00,0.07,1016.64,0.0,8.76,8.06,3985.0,5.0,15.0,En Operación
2018-06-24 20:40:00,0.07,1016.64,0.0,8.75,8.05,3986.0,5.0,15.0,En Operación
2018-06-24 20:45:00,0.07,1016.63,0.0,8.74,8.04,3987.0,4.0,16.0,En Operación
2018-06-24 20:50:00,0.07,1016.63,0.0,8.73,8.03,3988.0,3.0,17.0,En Operación
2018-06-24 20:55:00,0.07,1016.63,0.0,8.72,8.02,3989.0,2.0,18.0,En Operación
2018-06-24 21:00:00,0.07,1016.63,0.0,8.71,8.01,3990.0,2.0,18.0,En Operación
2018-06-24 21:05:00,0.07,1016.63,0.0,8.7,8.0,3991.0,3.0,17.0,En Operación
2018-06-24 21:10:00,0.07,1016.63,0.0,8.69,7.99,3992.0,3.0,17.0,En Operación
2018-06-24 21:15:00,0.07,1016.63,0.0,8.68,7.98,3993.0,2.0,18.0,En Operación
2018-06-24 21:20:00,0.07,1016.62,0.0,8.67,7.97,3994.0,2.0,18.0,En Operación
2018-06-24 21:25:00,0.07,1016.62,0.0,8.66,7.96,3995.0,1.0,19.0,En Operación
2018-06-24 21:30:00,0.07,1016.62,0.0,8.65,7.95,3996.0,1.0,19.0,En Operación
2018-06-24 21:35:00,0.07,1016.62,0.0,8.65,7.94,3997.0,1.0,19.0,En Operación
2018-06-24 21:40:00,0.07,1016.62,0.0,8.64,7.93,3998.0,1.0,19.0,En Operación
2018-06-24 21:45:00,0.07,1016.62,0.0,8.63,7.92,3999.0,1.0,19.0,En Operación
2018-06-24 21:50:00,0.07,1016.62,0.0,8.62,7.91,4000.0,1.0,19.0,En Operación
2018-06-24 21:55:00,0.07,1016.61,0.0,8.61,7.89,4001.0,1.0,19.0,En Operación
2018-06-24 22:00:00,0.07,1016.61,0.0,8.6,7.88,4002.0,1.0,19.0,En Operación
2018-06-24 22:05:00,0.07,1016.61,0.0,8.59,7.87,4003.0,1.0,19.0,En Operación
2018-06-24 22:10:00,0.07,1016.61,0.0,8.58,7.86,4004.0,1.0,19.0,En Operación
2018-06-24 22:15:00,0.07,1016.61,0.0,8.57,7.85,4005.0,1.0,19.0,En Operación
2018-06-24 22:20:00,0.07,1016.61,0.0,8.56,7.84,4006.0,1.0,19.0,En Operación
2018-06-24 22:25:00,0.07,1016.6,0.0,8.55,7.83,4007.0,1.0,19.0,En Operación
2018-06-24 22:30:00,0.07,1016.6,0.0,8.54,7.82,4008.0,1.0,19.0,En Operación
2018-06-24 22:35:00,0.07,1016.6,0.0,8.53,7.81,4009.0,1.0,19.0,En Operación
2018-06-24 22:40:00,0.07,1016.6,0.0,8.52,7.8,4010.0,1.0,19.0,En Operación
2018-06-24 22:45:00,0.07,1016.6,0.0,8.51,7.79,4011.0,1.0,19.0,En Operación
2018-06-24 22:50:00,0.07,1016.6,0.0,8.5,7.78,4012.0,1.0,19.0,En Operación
2018-06-24 22:55:00,0.07,1016.6,0.0,8.49,7.77,4013.0,1.0,19.0,En Operación
2018-06-24 23:00:00,0.07,1016.59,0.0,8.49,7.76,4014.0,1.0,19.0,En Operación
2018-06-24 23:05:00,0.07,1016.59,0.0,8.48,7.75,4015.0,1.0,19.0,En Operación
2018-06-24 23:10:00,0.07,1016.59,0.0,8.47,7.74,4016.0,1.0,19.0,En Operación
2018-06-24 23:15:00,0.07,1016.59,0.0,8.46,7.73,4017.0,1.0,19.0,En Operación
2018-06-24 23:20:00,0.07,1016.59,0.0,8.45,7.72,4018.0,1.0,19.0,En Operación
2018-06-24 23:25:00,0.07,1016.59,0.0,8.44,7.71,4019.0,1.0,19.0,En Operación
2018-06-24 23:30:00,0.07,1016.59,0.0,8.43,7.7,4020.0,1.0,19.0,En Operación
2018-06-24 23:35:00,0.07,1016.58,0.0,8.42,7.69,4021.0,1.0,19.0,En Operación
2018-06-24 23:40:00,0.07,1016.58,0.0,8.41,7.68,4022.0,1.0,19.0,En Operación
2018-06-24 23:45:00,0.07,1016.58,0.0,8.4,7.67,4023.0,1.0,19.0,En Operación
2018-06-24 23:50:00,0.07,1016.58,0.0,8.39,7.66,4024.0,1.0,19.0,En Operación
2018-06-24 23:55:00,0.07,1016.58,0.0,8.38,7.65,4025.0,1.0,19.0,En Operación
2018-06-25 00:00:00,0.07,1016.58,0.0,8.37,7.64,4026.0,1.0,19.0,En Operación
2018-06-25 00:05:00,0.08,1016.58,0.0,8.36,7.62,4027.0,2.0,18.0,En Operación
2018-06-25 00:10:00,0.08,1016.57,0.0,8.35,7.61,4028.0,2.0,18.0,En Operación
2018-06-25 00:15:00,0.08,1016.57,0.0,8.34,7.6,4029.0,2.0,18.0,En Operación
2018-06-25 00:20:00,0.08,1016.57,0.0,8.33,7.59,4030.0,2.0,18.0,En Operación
2018-06-25 00:25:00,0.08,1016.57,0.0,8.32,7.58,4031.0,0.0,20.0,En Operación
2018-06-25 00:30:00,0.08,1016.57,0.0,8.32,7.57,4032.0,2.0,18.0,En Operación
2018-06-25 00:35:00,0.08,1016.57,0.0,8.31,7.56,4033.0,2.0,18.0,En Operación
2018-06-25 00:40:00,0.08,1016.56,0.0,8.3,7.55,4034.0,2.0,18.0,En Operación
2018-06-25 00:45:00,0.08,1016.56,0.0,8.29,7.54,4035.0,2.0,18.0,En Operación
2018-06-25 00:50:00,0.08,1016.56,0.0,8.28,7.53,4036.0,1.0,19.0,En Operación
2018-06-25 00:55:00,0.08,1016.56,0.0,8.27,7.52,4037.0,1.0,19.0,En Operación
2018-06-25 01:00:00,0.08,1016.56,0.0,8.26,7.51,4038.0,1.0,19.0,En Operación
2018-06-25 01:05:00,0.08,1016.56,0.0,8.25,7.5,4039.0,1.0,19.0,En Operación
2018-06-25 01:10:00,0.08,1016.56,0.0,8.24,7.49,4040.0,1.0,19.0,En Operación
2018-06-25 01:15:00,0.08,1016.55,0.0,8.23,7.48,4041.0,1.0,19.0,En Operación
2018-06-25 01:20:00,0.08,1016.55,0.0,8.22,7.47,4042.0,1.0,19.0,En Operación
2018-06-25 01:25:00,0.08,1016.55,0.0,8.21,7.46,4043.0,1.0,19.0,En Operación
2018-06-25 01:30:00,0.08,1016.55,0.0,8.2,7.45,4044.0,2.0,18.0,En Operación
2018-06-25 01:35:00,0.08,1016.55,0.0,8.19,7.44,4045.0,2.0,18.0,En Operación
2018-06-25 01:40:00,0.08,1016.55,0.0,8.18,7.43,4046.0,2.0,18.0,En Operación
2018-06-25 01:45:00,0.08,1016.55,0.0,8.17,7.42,4047.0,2.0,18.0,En Operación
2018-06-25 01:50:00,0.08,1016.54,0.0,8.16,7.41,4048.0,2.0,18.0,En Operación
2018-06-25 01:55:00,0.08,1016.54,0.0,8.16,7.4,4049.0,2.0,18.0,En Operación
2018-06-25 02:00:00,0.08,1016.54,0.0,8.15,7.39,4050.0,2.0,18.0,En Operación
2018-06-25 02:05:00,0.08,1016.54,0.0,8.14,7.38,4051.0,2.0,18.0,En Operación
2018-06-25 02:10:00,0.08,1016.54,0.0,8.13,7.37,4052.0,2.0,18.0,En Operación
2018-06-25 02:15:00,0.08,1016.54,0.0,8.12,7.36,4053.0,2.0,18.0,En Operación
2018-06-25 02:20:00,0.08,1016.53,0.0,8.11,7.34,4054.0,2.0,18.0,En Operación
2018-06-25 02:25:00,0.08,1016.53,0.0,8.1,7.33,4055.0,2.0,18.0,En Operación
2018-06-25 02:30:00,0.08,1016.53,0.0,8.09,7.32,4056.0,2.0,18.0,En Operación
2018-06-25 02:35:00,0.08,1016.53,0.0,8.08,7.31,4057.0,2.0,18.0,En Operación
2018-06-25 02:40:00,0.08,1016.53,0.0,8.07,7.3,4058.0,2.0,18.0,En Operación
2018-06-25 02:45:00,0.08,1016.53,0.0,8.06,7.29,4059.0,2.0,18.0,En Operación
2018-06-25 02:50:00,0.08,1016.53,0.0,8.05,7.28,4060.0,2.0,18.0,En Operación
2018-06-25 02:55:00,0.08,1016.52,0.0,8.04,7.27,4061.0,5.0,15.0,En Operación
2018-06-25 03:00:00,0.08,1016.52,0.0,8.03,7.26,4062.0,5.0,15.0,En Operación
2018-06-25 03:05:00,0.08,1016.52,0.0,8.02,7.25,4063.0,5.0,15.0,En Operación
2018-06-25 03:10:00,0.08,1016.52,0.0,8.01,7.24,4064.0,5.0,15.0,En Operación
2018-06-25 03:15:00,0.08,1016.52,0.0,8.0,7.23,4065.0,5.0,15.0,En Operación
2018-06-25 03:20:00,0.08,1016.52,0.0,7.99,7.22,4066.0,5.0,15.0,En Operación
2018-06-25 03:25:00,0.08,1016.52,0.0,7.99,7.21,4067.0,5.0,15.0,En Operación
2018-06-25 03:30:00,0.08,1016.51,0.0,7.98,7.2,4068.0,5.0,15.0,En Operación
2018-06-25 03:35:00,0.08,1016.51,0.0,7.97,7.19,4069.0,5.0,15.0,En Operación
2018-06-25 03:40:00,0.08,1016.51,0.0,7.96,7.18,4070.0,5.0,15.0,En Operación
2018-06-25 03:45:00,0.08,1016.51,0.0,7.95,7.17,4071.0,5.0,15.0,En Operación
2018-06-25 03:50:00,0.08,1016.51,0.0,7.94,7.16,4072.0,5.0,15.0,En Operación
2018-06-25 03:55:00,0.08,1016.51,0.0,7.93,7.15,4073.0,5.0,15.0,En Operación
2018-06-25 04:00:00,0.08,1016.51,0.0,7.92,7.14,4074.0,5.0,15.0,En Operación
2018-06-25 04:05:00,0.09,1016.5,0.0,7.91,7.13,4075.0,5.0,15.0,En Operación
2018-06-25 04:10:00,0.09,1016.5,0.0,7.9,7.12,4076.0,5.0,15.0,En Operación
2018-06-25 04:15:00,0.09,1016.5,0.0,7.89,7.11,4077.0,6.0,14.0,En Operación
2018-06-25 04:20:00,0.09,1016.5,0.0,7.88,7.1,4078.0,6.0,14.0,En Operación
2018-06-25 04:25:00,0.09,1016.5,0.0,7.87,7.09,4079.0,6.0,14.0,En Operación
2018-06-25 04:30:00,0.09,1016.5,0.0,7.86,7.07,4080.0,6.0,14.0,En Operación
2018-06-25 04:35:00,0.09,1016.49,0.0,7.85,7.06,4081.0,6.0,14.0,En Operación
2018-06-25 04:40:00,0.09,1016.49,0.0,7.84,7.05,4082.0,6.0,14.0,En Operación
2018-06-25 04:45:00,0.09,1016.49,0.0,7.83,7.04,4083.0,6.0,14.0,En Operación
2018-06-25 04:50:00,0.09,1016.49,0.0,7.83,7.03,4084.0,6.0,14.0,En Operación
2018-06-25 04:55:00,0.09,1016.49,0.0,7.82,7.02,4085.0,6.0,14.0,En Operación
2018-06-25 05:00:00,0.09,1016.49,0.0,7.81,7.01,4086.0,6.0,14.0,En Operación
2018-06-25 05:05:00,0.09,1016.49,0.0,7.8,7.0,4087.0,6.0,14.0,En Operación
2018-06-25 05:10:00,0.09,1016.48,0.0,7.79,6.99,4088.0,6.0,14.0,En Operación
2018-06-25 05:15:00,0.09,1016.48,0.0,7.78,6.98,4089.0,6.0,14.0,En Operación
2018-06-25 05:20:00,0.09,1016.48,0.0,7.77,6.97,4090.0,6.0,14.0,En Operación
2018-06-25 05:25:00,0.09,1016.48,0.0,7.76,6.96,4091.0,6.0,14.0,En Operación
2018-06-25 05:30:00,0.09,1016.48,0.0,7.75,6.95,4092.0,6.0,14.0,En Operación
2018-06-25 05:35:00,0.09,1016.48,0.0,7.74,6.94,4093.0,6.0,14.0,En Operación
2018-06-25 05:40:00,0.09,1016.48,0.0,7.73,6.93,4094.0,6.0,14.0,En Operación
2018-06-25 05:45:00,0.09,1016.47,0.0,7.72,6.92,4095.0,6.0,14.0,En Operación
2018-06-25 05:50:00,0.09,1016.47,0.0,7.71,6.91,4096.0,6.0,14.0,En Operación
2018-06-25 05:55:00,0.09,1016.47,0.0,7.7,6.9,4097.0,6.0,14.0,En Operación
2018-06-25 06:00:00,0.09,1016.47,0.0,7.69,6.89,4098.0,6.0,14.0,En Operación
2018-06-25 06:05:00,0.09,1016.47,0.0,7.68,6.88,4099.0,6.0,14.0,En Operación
2018-06-25 06:10:00,0.09,1016.47,0.0,7.67,6.87,4100.0,6.0,14.0,En Operación
2018-06-25 06:15:00,0.09,1016.47,0.0,7.66,6.86,4101.0,6.0,14.0,En Operación
2018-06-25 06:20:00,0.09,1016.46,0.0,7.66,6.85,4102.0,6.0,14.0,En Operación
2018-06-25 06:25:00,0.09,1016.46,0.0,7.65,6.84,4103.0,6.0,14.0,En Operación
2018-06-25 06:30:00,0.09,1016.46,0.0,7.64,6.83,4104.0,5.0,15.0,En Operación
2018-06-25 06:35:00,0.09,1016.46,0.0,7.63,6.82,4105.0,6.0,14.0,En Operación
2018-06-25 06:40:00,0.09,1016.46,0.0,7.62,6.8,4106.0,6.0,14.0,En Operación
2018-06-25 06:45:00,0.09,1016.46,0.0,7.61,6.79,4107.0,6.0,14.0,En Operación
2018-06-25 06:50:00,0.09,1016.45,0.0,7.6,6.78,4108.0,6.0,14.0,En Operación
2018-06-25 06:55:00,0.09,1016.45,0.0,7.59,6.77,4109.0,6.0,14.0,En Operación
2018-06-25 07:00:00,0.09,1016.45,0.0,7.58,6.76,4110.0,4.0,16.0,En Operación
2018-06-25 07:05:00,0.09,1016.45,0.0,7.57,6.75,4111.0,4.0,16.0,En Operación
2018-06-25 07:10:00,0.09,1016.45,0.0,7.56,6.74,4112.0,4.0,16.0,En Operación
2018-06-25 07:15:00,0.09,1016.45,0.0,7.55,6.73,4113.0,3.0,17.0,En Operación
2018-06-25 07:20:00,0.09,1016.45,0.0,7.54,6.72,4114.0,3.0,17.0,En Operación
2018-06-25 07:25:00,0.09,1016.44,0.0,7.53,6.71,4115.0,3.0,17.0,En Operación
2018-06-25 07:30:00,0.09,1016.44,0.0,7.52,6.7,4116.0,3.0,17.0,En Operación
2018-06-25 07:35:00,0.09,1016.44,0.0,7.51,6.69,4117.0,2.0,18.0,En Operación
2018-06-25 07:40:00,0.09,1016.44,0.0,7.5,6.68,4118.0,2.0,18.0,En Operación
2018-06-25 07:45:00,0.09,1016.44,0.0,7.5,6.67,4119.0,2.0,18.0,En Operación
2018-06-25 07:50:00,0.09,1016.44,0.0,7.49,6.66,4120.0,0.0,19.0,En Operación
2018-06-25 07:55:00,0.09,1016.44,0.0,7.48,6.65,4121.0,0.0,19.0,En Operación
2018-06-25 08:00:00,0.1,1016.43,0.0,7.47,6.64,4122.0,0.0,19.0,En Operación
2018-06-25 08:05:00,0.1,1016.43,0.0,7.46,6.63,4123.0,0.0,19.0,En Operación
2018-06-25 08:10:00,0.1,1016.43,0.0,7.45,6.62,4124.0,0.0,19.0,En Operación
2018-06-25 08:15:00,0.1,1016.43,0.0,7.44,6.61,4125.0,0.0,19.0,En Operación
2018-06-25 08:20:00,0.1,1016.43,0.0,7.43,6.6,4126.0,0.0,19.0,En Operación
2018-06-25 08:25:00,0.1,1016.43,0.0,7.42,6.59,4127.0,0.0,19.0,En Operación
2018-06-25 08:30:00,0.1,1016.43,0.0,7.41,6.58,4128.0,0.0,19.0,En Operación
2018-06-25 08:35:00,0.1,1016.42,0.0,7.4,6.57,4129.0,0.0,19.0,En Operación
2018-06-25 08:40:00,0.1,1016.42,0.0,7.39,6.56,4130.0,0.0,19.0,En Operación
2018-06-25 08:45:00,0.1,1016.42,0.0,7.38,6.55,4131.0,0.0,19.0,En Operación
2018-06-25 08:50:00,0.1,1016.42,0.0,7.37,6.53,4132.0,0.0,19.0,En Operación
2018-06-25 08:55:00,0.1,1016.42,0.0,7.36,6.52,4133.0,0.0,19.0,En Operación
2018-06-25 09:00:00,0.1,1016.42,0.0,7.35,6.51,4134.0,0.0,19.0,En Operación
2018-06-25 09:05:00,0.1,1016.41,0.0,7.34,6.5,4135.0,1.0,18.0,En Operación
2018-06-25 09:10:00,0.1,1016.41,0.0,7.33,6.49,4136.0,1.0,18.0,En Operación
2018-06-25 09:15:00,0.1,1016.41,0.0,7.33,6.48,4137.0,0.0,19.0,En Operación
2018-06-25 09:20:00,0.1,1016.41,0.0,7.32,6.47,4138.0,0.0,19.0,En Operación
2018-06-25 09:25:00,0.1,1016.41,0.0,7.31,6.46,4139.0,0.0,19.0,En Operación
2018-06-25 09:30:00,0.1,1016.41,0.0,7.3,6.45,4140.0,0.0,19.0,En Operación
2018-06-25 09:35:00,0.1,1016.41,0.0,7.29,6.44,4141.0,0.0,19.0,En Operación
2018-06-25 09:40:00,0.1,1016.4,0.0,7.28,6.43,4142.0,0.0,19.0,En Operación
2018-06-25 09:45:00,0.1,1016.4,0.0,7.27,6.42,4143.0,0.0,19.0,En Operación
2018-06-25 09:50:00,0.1,1016.4,0.0,7.26,6.41,4144.0,0.0,19.0,En Operación
2018-06-25 09:55:00,0.1,1016.4,0.0,7.25,6.4,4145.0,0.0,19.0,En Operación
2018-06-25 10:00:00,0.1,1016.4,0.0,7.25,6.4,4146.0,0.0,19.0,En Operación
2018-06-25 10:05:00,0.1,1016.4,0.0,7.25,6.4,4147.0,0.0,19.0,En Operación
2018-06-25 10:10:00,0.1,1016.44,0.0,7.51,6.0,4148.0,1.0,18.0,En Operación
2018-06-25 10:15:00,0.1,1016.47,0.0,7.78,5.6,4149.0,2.0,17.0,En Operación
2018-06-25 10:20:00,0.1,1016.51,0.0,8.04,5.2,4150.0,1.0,18.0,En Operación
2018-06-25 10:25:00,0.1,1016.55,0.0,8.3,4.8,4151.0,1.0,18.0,En Operación
2018-06-25 10:30:00,0.1,1016.55,0.0,8.3,4.8,4152.0,1.0,18.0,En Operación
2018-06-25 10:35:00,0.1,1016.55,0.0,8.3,4.8,4153.0,1.0,18.0,En Operación
2018-06-25 10:40:00,0.1,1016.61,0.0,8.54,5.2,4154.0,0.0,19.0,En Operación
2018-06-25 10:45:00,0.1,1016.68,0.0,8.78,5.6,4155.0,0.0,19.0,En Operación
2018-06-25 10:50:00,0.1,1016.74,0.0,9.01,6.0,4156.0,0.0,19.0,En Operación
2018-06-25 10:55:00,0.1,1016.8,0.0,9.25,6.4,4157.0,0.0,19.0,En Operación
2018-06-25 11:00:00,0.1,1016.8,0.0,9.25,6.4,4158.0,1.0,18.0,En Operación
2018-06-25 11:05:00,0.1,1016.8,0.0,9.25,6.4,4159.0,1.0,18.0,En Operación
2018-06-25 11:10:00,0.1,1016.76,0.0,9.34,6.6,4160.0,1.0,18.0,En Operación
2018-06-25 11:15:00,0.1,1016.72,0.0,9.43,6.8,4161.0,1.0,18.0,En Operación
2018-06-25 11:20:00,0.1,1016.69,0.0,9.51,7.0,4162.0,0.0,19.0,En Operación
2018-06-25 11:25:00,0.1,1016.65,0.0,9.6,7.2,4163.0,0.0,19.0,En Operación
2018-06-25 11:30:00,0.1,1016.65,0.0,9.6,7.2,4164.0,0.0,19.0,En Operación
2018-06-25 11:35:00,0.1,1016.65,0.0,9.6,7.2,4165.0,0.0,19.0,En Operación
2018-06-25 11:40:00,0.1,1016.62,0.0,9.71,7.0,4166.0,0.0,19.0,En Operación
2018-06-25 11:45:00,0.1,1016.6,0.0,9.82,6.8,4167.0,0.0,19.0,En Operación
2018-06-25 11:50:00,0.1,1016.58,0.0,9.94,6.6,4168.0,0.0,19.0,En Operación
2018-06-25 11:55:00,0.1,1016.55,0.0,10.05,6.4,4169.0,0.0,19.0,En Operación
2018-06-25 12:00:00,0.1,1016.55,0.0,10.05,6.4,4170.0,0.0,19.0,En Operación
2018-06-25 12:05:00,0.1,1016.55,0.0,10.05,6.4,4171.0,0.0,19.0,En Operación
2018-06-25 12:10:00,0.1,1016.45,0.0,10.46,5.6,4172.0,0.0,19.0,En Operación
2018-06-25 12:15:00,0.1,1016.35,0.0,10.88,4.8,4173.0,0.0,19.0,En Operación
2018-06-25 12:20:00,0.1,1016.25,0.0,11.29,4.0,4174.0,1.0,18.0,En Operación
2018-06-25 12:25:00,0.1,1016.15,0.0,11.7,3.2,4175.0,1.0,18.0,En Operación
2018-06-25 12:30:00,0.1,1016.15,0.0,11.7,3.2,4176.0,1.0,18.0,En Operación
2018-06-25 12:35:00,0.1,1016.15,0.0,11.7,3.2,4177.0,1.0,18.0,En Operación
2018-06-25 12:40:00,0.1,1016.1,0.0,11.79,4.41,4178.0,1.0,18.0,En Operación
2018-06-25 12:45:00,0.1,1016.05,0.0,11.88,5.62,4179.0,1.0,18.0,En Operación
2018-06-25 12:50:00,0.1,1016.0,0.0,11.96,6.84,4180.0,3.0,16.0,En Operación
2018-06-25 12:55:00,0.1,1015.95,0.0,12.05,8.05,4181.0,4.0,15.0,En Operación
2018-06-25 13:00:00,0.1,1015.95,0.0,12.05,8.05,4182.0,4.0,15.0,En Operación
2018-06-25 13:05:00,0.1,1015.95,0.0,12.05,8.05,4183.0,4.0,15.0,En Operación
2018-06-25 13:10:00,0.12,1015.74,0.0,12.19,8.46,4184.0,4.0,15.0,En Operación
2018-06-25 13:15:00,0.15,1015.53,0.0,12.32,8.88,4185.0,4.0,15.0,En Operación
2018-06-25 13:20:00,0.18,1015.31,0.0,12.46,9.29,4186.0,4.0,15.0,En Operación
2018-06-25 13:25:00,0.2,1015.1,0.0,12.6,9.7,4187.0,5.0,14.0,En Operación
2018-06-25 13:30:00,0.2,1015.1,0.0,12.6,9.7,4188.0,3.0,16.0,En Operación
2018-06-25 13:35:00,0.2,1015.1,0.0,12.6,9.7,4189.0,2.0,17.0,En Operación
2018-06-25 13:40:00,0.2,1015.02,0.0,12.69,9.9,4190.0,2.0,17.0,En Operación
2018-06-25 13:45:00,0.2,1014.95,0.0,12.77,10.1,4191.0,2.0,17.0,En Operación
2018-06-25 13:50:00,0.2,1014.88,0.0,12.86,10.3,4192.0,2.0,17.0,En Operación
2018-06-25 13:55:00,0.2,1014.8,0.0,12.95,10.5,4193.0,2.0,17.0,En Operación
2018-06-25 14:00:00,0.2,1014.8,0.0,12.95,10.5,4194.0,2.0,17.0,En Operación
2018-06-25 14:05:00,0.2,1014.8,0.0,12.95,10.5,4195.0,1.0,18.0,En Operación
2018-06-25 14:10:00,0.2,1014.6,0.0,13.21,8.48,4196.0,1.0,18.0,En Operación
2018-06-25 14:15:00,0.2,1014.4,0.0,13.48,6.45,4197.0,2.0,17.0,En Operación
2018-06-25 14:20:00,0.2,1014.2,0.0,13.74,4.43,4198.0,2.0,17.0,En Operación
2018-06-25 14:25:00,0.2,1014.0,0.0,14.0,2.4,4199.0,2.0,17.0,En Operación
2018-06-25 14:30:00,0.2,1014.0,0.0,14.0,2.4,4200.0,2.0,17.0,En Operación
2018-06-25 14:35:00,0.2,1014.0,0.0,14.0,2.4,4201.0,2.0,17.0,En Operación
2018-06-25 14:40:00,0.2,1013.98,0.0,14.04,2.4,4202.0,2.0,17.0,En Operación
2018-06-25 14:45:00,0.2,1013.95,0.0,14.08,2.4,4203.0,1.0,18.0,En Operación
2018-06-25 14:50:00,0.2,1013.92,0.0,14.11,2.4,4204.0,1.0,18.0,En Operación
2018-06-25 14:55:00,0.2,1013.9,0.0,14.15,2.4,4205.0,0.0,19.0,En Operación
2018-06-25 15:00:00,0.2,1013.9,0.0,14.15,2.4,4206.0,0.0,19.0,En Operación
2018-06-25 15:05:00,0.2,1013.9,0.0,14.15,2.4,4207.0,0.0,19.0,En Operación
2018-06-25 15:10:00,0.2,1013.81,0.0,14.22,4.01,4208.0,0.0,19.0,En Operación
2018-06-25 15:15:00,0.2,1013.72,0.0,14.3,5.62,4209.0,0.0,19.0,En Operación
2018-06-25 15:20:00,0.2,1013.64,0.0,14.38,7.24,4210.0,0.0,19.0,En Operación
2018-06-25 15:25:00,0.2,1013.55,0.0,14.45,8.85,4211.0,1.0,18.0,En Operación
2018-06-25 15:30:00,0.2,1013.55,0.0,14.45,8.85,4212.0,0.0,19.0,En Operación
2018-06-25 15:35:00,0.2,1013.55,0.0,14.45,8.85,4213.0,1.0,18.0,En Operación
2018-06-25 15:40:00,0.2,1013.51,0.0,14.52,8.04,4214.0,3.0,16.0,En Operación
2018-06-25 15:45:00,0.2,1013.47,0.0,14.6,7.22,4215.0,1.0,18.0,En Operación
2018-06-25 15:50:00,0.2,1013.44,0.0,14.68,6.41,4216.0,0.0,19.0,En Operación
2018-06-25 15:55:00,0.2,1013.4,0.0,14.75,5.6,4217.0,0.0,19.0,En Operación
2018-06-25 16:00:00,0.2,1013.4,0.0,14.75,5.6,4218.0,0.0,19.0,En Operación
2018-06-25 16:05:00,0.2,1013.4,0.0,14.75,5.6,4219.0,0.0,19.0,En Operación
2018-06-25 16:10:00,0.22,1013.32,0.0,14.72,4.8,4220.0,0.0,19.0,En Operación
2018-06-25 16:15:00,0.25,1013.25,0.0,14.7,4.0,4221.0,1.0,18.0,En Operación
2018-06-25 16:20:00,0.28,1013.18,0.0,14.68,3.2,4222.0,0.0,19.0,En Operación
2018-06-25 16:25:00,0.3,1013.1,0.0,14.65,2.4,4223.0,0.0,19.0,En Operación
2018-06-25 16:30:00,0.3,1013.1,0.0,14.65,2.4,4224.0,1.0,18.0,En Operación
2018-06-25 16:35:00,0.3,1013.1,0.0,14.65,2.4,4225.0,1.0,18.0,En Operación
2018-06-25 16:40:00,0.3,1013.12,0.0,14.62,3.81,4226.0,1.0,18.0,En Operación
2018-06-25 16:45:00,0.3,1013.15,0.0,14.6,5.22,4227.0,2.0,17.0,En Operación
2018-06-25 16:50:00,0.3,1013.18,0.0,14.58,6.64,4228.0,2.0,17.0,En Operación
2018-06-25 16:55:00,0.3,1013.2,0.0,14.55,8.05,4229.0,2.0,17.0,En Operación
2018-06-25 17:00:00,0.3,1013.2,0.0,14.55,8.05,4230.0,2.0,17.0,En Operación
2018-06-25 17:05:00,0.3,1013.2,0.0,14.55,8.05,4231.0,2.0,17.0,En Operación
2018-06-25 17:10:00,0.3,1013.16,0.0,14.4,6.84,4232.0,1.0,18.0,En Operación
2018-06-25 17:15:00,0.3,1013.12,0.0,14.25,5.62,4233.0,1.0,18.0,En Operación
2018-06-25 17:20:00,0.3,1013.09,0.0,14.1,4.41,4234.0,1.0,18.0,En Operación
2018-06-25 17:25:00,0.3,1013.05,0.0,13.95,3.2,4235.0,1.0,18.0,En Operación
2018-06-25 17:30:00,0.3,1013.05,0.0,13.95,3.2,4236.0,1.0,18.0,En Operación
2018-06-25 17:35:00,0.3,1013.05,0.0,13.95,3.2,4237.0,0.0,19.0,En Operación
2018-06-25 17:40:00,0.3,1013.05,0.0,13.9,3.4,4238.0,0.0,19.0,En Operación
2018-06-25 17:45:00,0.3,1013.05,0.0,13.85,3.6,4239.0,0.0,19.0,En Operación
2018-06-25 17:50:00,0.3,1013.05,0.0,13.8,3.8,4240.0,0.0,19.0,En Operación
2018-06-25 17:55:00,0.3,1013.05,0.0,13.75,4.0,4241.0,0.0,19.0,En Operación
2018-06-25 18:00:00,0.3,1013.05,0.0,13.75,4.0,4242.0,0.0,19.0,En Operación
2018-06-25 18:05:00,0.3,1013.05,0.0,13.75,4.0,4243.0,0.0,19.0,En Operación
2018-06-25 18:10:00,0.32,1013.01,0.0,13.42,4.0,4244.0,2.0,17.0,En Operación
2018-06-25 18:15:00,0.35,1012.97,0.0,13.1,4.0,4245.0,1.0,18.0,En Operación
2018-06-25 18:20:00,0.38,1012.94,0.0,12.77,4.0,4246.0,2.0,17.0,En Operación
2018-06-25 18:25:00,0.4,1012.9,0.0,12.45,4.0,4247.0,2.0,17.0,En Operación
2018-06-25 18:30:00,0.4,1012.9,0.0,12.45,4.0,4248.0,2.0,17.0,En Operación
2018-06-25 18:35:00,0.4,1012.9,0.0,12.45,4.0,4249.0,2.0,17.0,En Operación
2018-06-25 18:40:00,0.4,1012.89,0.0,12.44,4.0,4250.0,2.0,17.0,En Operación
2018-06-25 18:45:00,0.4,1012.88,0.0,12.42,4.0,4251.0,2.0,17.0,En Operación
2018-06-25 18:50:00,0.4,1012.86,0.0,12.41,4.0,4252.0,2.0,17.0,En Operación
2018-06-25 18:55:00,0.4,1012.85,0.0,12.4,4.0,4253.0,1.0,18.0,En Operación
2018-06-25 19:00:00,0.4,1012.85,0.0,12.4,4.0,4254.0,2.0,17.0,En Operación
2018-06-25 19:05:00,0.4,1012.85,0.0,12.4,4.0,4255.0,2.0,17.0,En Operación
2018-06-25 19:10:00,0.4,1012.86,0.0,12.29,3.6,4256.0,2.0,17.0,En Operación
2018-06-25 19:15:00,0.4,1012.88,0.0,12.18,3.2,4257.0,2.0,17.0,En Operación
2018-06-25 19:20:00,0.4,1012.89,0.0,12.06,2.8,4258.0,2.0,17.0,En Operación
2018-06-25 19:25:00,0.4,1012.9,0.0,11.95,2.4,4259.0,2.0,17.0,En Operación
2018-06-25 19:30:00,0.4,1012.9,0.0,11.95,2.4,4260.0,2.0,17.0,En Operación
2018-06-25 19:35:00,0.4,1012.9,0.0,11.95,2.4,4261.0,2.0,17.0,En Operación
2018-06-25 19:40:00,0.4,1012.91,0.0,11.92,3.4,4262.0,2.0,17.0,En Operación
2018-06-25 19:45:00,0.4,1012.92,0.0,11.9,4.4,4263.0,2.0,17.0,En Operación
2018-06-25 19:50:00,0.4,1012.94,0.0,11.88,5.4,4264.0,2.0,17.0,En Operación
2018-06-25 19:55:00,0.4,1012.95,0.0,11.85,6.4,4265.0,1.0,18.0,En Operación
2018-06-25 20:00:00,0.4,1012.95,0.0,11.85,6.4,4266.0,1.0,18.0,En Operación
2018-06-25 20:05:00,0.4,1012.95,0.0,11.85,6.4,4267.0,1.0,18.0,En Operación
2018-06-25 20:10:00,0.43,1012.99,0.0,11.71,5.4,4268.0,0.0,19.0,En Operación
2018-06-25 20:15:00,0.45,1013.03,0.0,11.58,4.4,4269.0,0.0,19.0,En Operación
2018-06-25 20:20:00,0.48,1013.06,0.0,11.44,3.4,4270.0,0.0,19.0,En Operación
2018-06-25 20:25:00,0.5,1013.1,0.0,11.3,2.4,4271.0,1.0,18.0,En Operación
2018-06-25 20:30:00,0.5,1013.1,0.0,11.3,2.4,4272.0,0.0,19.0,En Operación
2018-06-25 20:35:00,0.5,1013.1,0.0,11.3,2.4,4273.0,0.0,19.0,En Operación
2018-06-25 20:40:00,0.5,1013.1,0.0,11.25,2.2,4274.0,0.0,19.0,En Operación
2018-06-25 20:45:00,0.5,1013.1,0.0,11.2,2.0,4275.0,0.0,19.0,En Operación
2018-06-25 20:50:00,0.5,1013.1,0.0,11.15,1.8,4276.0,0.0,19.0,En Operación
2018-06-25 20:55:00,0.5,1013.1,0.0,11.1,1.6,4277.0,0.0,19.0,En Operación
2018-06-25 21:00:00,0.5,1013.1,0.0,11.1,1.6,4278.0,1.0,18.0,En Operación
2018-06-25 21:05:00,0.5,1013.1,0.0,11.1,1.6,4279.0,1.0,18.0,En Operación
2018-06-25 21:10:00,0.52,1013.12,0.0,11.08,3.01,4280.0,1.0,18.0,En Operación
2018-06-25 21:15:00,0.55,1013.15,0.0,11.05,4.43,4281.0,1.0,18.0,En Operación
2018-06-25 21:20:00,0.57,1013.18,0.0,11.02,5.84,4282.0,2.0,17.0,En Operación
2018-06-25 21:25:00,0.6,1013.2,0.0,11.0,7.25,4283.0,2.0,17.0,En Operación
2018-06-25 21:30:00,0.6,1013.2,0.0,11.0,7.25,4284.0,2.0,17.0,En Operación
2018-06-25 21:35:00,0.6,1013.2,0.0,11.0,7.25,4285.0,3.0,16.0,En Operación
2018-06-25 21:40:00,0.6,1013.21,0.0,10.98,6.24,4286.0,3.0,16.0,En Operación
2018-06-25 21:45:00,0.6,1013.22,0.0,10.95,5.22,4287.0,3.0,16.0,En Operación
2018-06-25 21:50:00,0.6,1013.24,0.0,10.92,4.21,4288.0,3.0,16.0,En Operación
2018-06-25 21:55:00,0.6,1013.25,0.0,10.9,3.2,4289.0,4.0,15.0,En Operación
2018-06-25 22:00:00,0.6,1013.25,0.0,10.9,3.2,4290.0,4.0,15.0,En Operación
2018-06-25 22:05:00,0.6,1013.25,0.0,10.9,3.2,4291.0,4.0,15.0,En Operación
2018-06-25 22:10:00,0.62,1013.25,0.0,10.9,4.81,4292.0,3.0,16.0,En Operación
2018-06-25 22:15:00,0.65,1013.25,0.0,10.9,6.43,4293.0,4.0,15.0,En Operación
2018-06-25 22:20:00,0.68,1013.25,0.0,10.9,8.04,4294.0,3.0,16.0,En Operación
2018-06-25 22:25:00,0.7,1013.25,0.0,10.9,9.65,4295.0,4.0,15.0,En Operación
2018-06-25 22:30:00,0.7,1013.25,0.0,10.9,9.65,4296.0,4.0,15.0,En Operación
2018-06-25 22:35:00,0.7,1013.25,0.0,10.9,9.65,4297.0,4.0,15.0,En Operación
2018-06-25 22:40:00,0.7,1013.25,0.0,10.88,8.04,4298.0,4.0,15.0,En Operación
2018-06-25 22:45:00,0.7,1013.25,0.0,10.85,6.43,4299.0,4.0,15.0,En Operación
2018-06-25 22:50:00,0.7,1013.25,0.0,10.82,4.81,4300.0,4.0,15.0,En Operación
2018-06-25 22:55:00,0.7,1013.25,0.0,10.8,3.2,4301.0,4.0,15.0,En Operación
2018-06-25 23:00:00,0.7,1013.25,0.0,10.8,3.2,4302.0,4.0,15.0,En Operación
2018-06-25 23:05:00,0.7,1013.25,0.0,10.8,3.2,4303.0,5.0,14.0,En Operación
2018-06-25 23:10:00,0.72,1013.25,0.0,10.74,3.2,4304.0,4.0,15.0,En Operación
2018-06-25 23:15:00,0.75,1013.25,0.0,10.68,3.2,4305.0,3.0,16.0,En Operación
2018-06-25 23:20:00,0.78,1013.25,0.0,10.61,3.2,4306.0,3.0,16.0,En Operación
2018-06-25 23:25:00,0.8,1013.25,0.0,10.55,3.2,4307.0,3.0,16.0,En Operación
2018-06-25 23:30:00,0.8,1013.25,0.0,10.55,3.2,4308.0,3.0,16.0,En Operación
2018-06-25 23:35:00,0.8,1013.25,0.0,10.55,3.2,4309.0,2.0,17.0,En Operación
2018-06-25 23:40:00,0.8,1013.26,0.0,10.56,3.2,4310.0,2.0,17.0,En Operación
2018-06-25 23:45:00,0.8,1013.28,0.0,10.58,3.2,4311.0,2.0,17.0,En Operación
2018-06-25 23:50:00,0.8,1013.29,0.0,10.59,3.2,4312.0,2.0,17.0,En Operación
2018-06-25 23:55:00,0.8,1013.3,0.0,10.6,3.2,4313.0,2.0,17.0,En Operación
2018-06-26 00:00:00,0.8,1013.3,0.0,10.6,3.2,4314.0,2.0,17.0,En Operación
2018-06-26 00:05:00,0.8,1013.3,0.0,10.6,3.2,4315.0,2.0,17.0,En Operación
2018-06-26 00:10:00,0.82,1013.35,0.0,10.4,2.6,4316.0,2.0,17.0,En Operación
2018-06-26 00:15:00,0.85,1013.4,0.0,10.2,2.0,4317.0,2.0,17.0,En Operación
2018-06-26 00:20:00,0.88,1013.45,0.0,10.0,1.4,4318.0,2.0,17.0,En Operación
2018-06-26 00:25:00,0.9,1013.5,0.0,9.8,0.8,4319.0,2.0,17.0,En Operación
2018-06-26 00:30:00,0.9,1013.5,0.0,9.8,0.8,4320.0,0.0,19.0,En Operación
2018-06-26 00:35:00,0.9,1013.5,0.0,9.8,0.8,4321.0,0.0,19.0,En Operación
2018-06-26 00:40:00,0.9,1013.5,0.0,9.79,0.8,4322.0,0.0,19.0,En Operación
2018-06-26 00:45:00,0.9,1013.5,0.0,9.78,0.8,4323.0,0.0,19.0,En Operación
2018-06-26 00:50:00,0.9,1013.5,0.0,9.76,0.8,4324.0,0.0,19.0,En Operación
2018-06-26 00:55:00,0.9,1013.5,0.0,9.75,0.8,4325.0,0.0,19.0,En Operación
2018-06-26 01:00:00,0.9,1013.5,0.0,9.75,0.8,4326.0,0.0,19.0,En Operación
2018-06-26 01:05:00,0.9,1013.5,0.0,9.75,0.8,4327.0,0.0,19.0,En Operación
2018-06-26 01:10:00,0.68,1013.52,0.0,9.66,1.0,4328.0,0.0,19.0,En Operación
2018-06-26 01:15:00,0.45,1013.55,0.0,9.57,1.2,4329.0,0.0,19.0,En Operación
2018-06-26 01:20:00,0.22,1013.58,0.0,9.49,1.4,4330.0,1.0,18.0,En Operación
2018-06-26 01:25:00,0.0,1013.6,0.0,9.4,1.6,4331.0,0.0,19.0,En Operación
2018-06-26 01:30:00,0.0,1013.6,0.0,9.4,1.6,4332.0,0.0,19.0,En Operación
2018-06-26 01:35:00,0.0,1013.6,0.0,9.4,1.6,4333.0,0.0,19.0,En Operación
2018-06-26 01:40:00,0.0,1013.58,0.0,9.35,1.4,4334.0,0.0,19.0,En Operación
2018-06-26 01:45:00,0.0,1013.55,0.0,9.3,1.2,4335.0,0.0,19.0,En Operación
2018-06-26 01:50:00,0.0,1013.52,0.0,9.25,1.0,4336.0,0.0,19.0,En Operación
2018-06-26 01:55:00,0.0,1013.5,0.0,9.2,0.8,4337.0,0.0,19.0,En Operación
2018-06-26 02:00:00,0.0,1013.5,0.0,9.2,0.8,4338.0,0.0,19.0,En Operación
2018-06-26 02:05:00,0.0,1013.5,0.0,9.2,0.8,4339.0,0.0,19.0,En Operación
2018-06-26 02:10:00,0.02,1013.45,0.0,9.11,1.4,4340.0,0.0,19.0,En Operación
2018-06-26 02:15:00,0.05,1013.4,0.0,9.02,2.0,4341.0,0.0,19.0,En Operación
2018-06-26 02:20:00,0.08,1013.35,0.0,8.94,2.6,4342.0,0.0,19.0,En Operación
2018-06-26 02:25:00,0.1,1013.3,0.0,8.85,3.2,4343.0,0.0,19.0,En Operación
2018-06-26 02:30:00,0.1,1013.3,0.0,8.85,3.2,4344.0,0.0,19.0,En Operación
2018-06-26 02:35:00,0.1,1013.3,0.0,8.85,3.2,4345.0,0.0,19.0,En Operación
2018-06-26 02:40:00,0.1,1013.3,0.0,8.86,2.6,4346.0,0.0,19.0,En Operación
2018-06-26 02:45:00,0.1,1013.3,0.0,8.88,2.0,4347.0,0.0,19.0,En Operación
2018-06-26 02:50:00,0.1,1013.3,0.0,8.89,1.4,4348.0,0.0,19.0,En Operación
2018-06-26 02:55:00,0.1,1013.3,0.0,8.9,0.8,4349.0,0.0,19.0,En Operación
2018-06-26 03:00:00,0.1,1013.3,0.0,8.9,0.8,4350.0,0.0,19.0,En Operación
2018-06-26 03:05:00,0.1,1013.3,0.0,8.9,0.8,4351.0,0.0,19.0,En Operación
2018-06-26 03:10:00,0.1,1013.18,0.0,8.74,1.0,4352.0,0.0,19.0,En Operación
2018-06-26 03:15:00,0.1,1013.05,0.0,8.57,1.2,4353.0,0.0,19.0,En Operación
2018-06-26 03:20:00,0.1,1012.92,0.0,8.41,1.4,4354.0,0.0,19.0,En Operación
2018-06-26 03:25:00,0.1,1012.8,0.0,8.25,1.6,4355.0,0.0,19.0,En Operación
2018-06-26 03:30:00,0.1,1012.8,0.0,8.25,1.6,4356.0,0.0,19.0,En Operación
2018-06-26 03:35:00,0.1,1012.8,0.0,8.25,1.6,4357.0,0.0,19.0,En Operación
2018-06-26 03:40:00,0.1,1012.8,0.0,8.24,1.8,4358.0,0.0,19.0,En Operación
2018-06-26 03:45:00,0.1,1012.8,0.0,8.22,2.0,4359.0,0.0,19.0,En Operación
2018-06-26 03:50:00,0.1,1012.8,0.0,8.21,2.2,4360.0,0.0,19.0,En Operación
2018-06-26 03:55:00,0.1,1012.8,0.0,8.2,2.4,4361.0,0.0,19.0,En Operación
2018-06-26 04:00:00,0.1,1012.8,0.0,8.2,2.4,4362.0,0.0,19.0,En Operación
2018-06-26 04:05:00,0.1,1012.8,0.0,8.2,2.4,4363.0,0.0,19.0,En Operación
2018-06-26 04:10:00,0.1,1012.7,0.0,8.11,2.0,4364.0,0.0,19.0,En Operación
2018-06-26 04:15:00,0.1,1012.6,0.0,8.02,1.6,4365.0,0.0,19.0,En Operación
2018-06-26 04:20:00,0.1,1012.5,0.0,7.94,1.2,4366.0,0.0,19.0,En Operación
2018-06-26 04:25:00,0.1,1012.4,0.0,7.85,0.8,4367.0,0.0,19.0,En Operación
2018-06-26 04:30:00,0.1,1012.4,0.0,7.85,0.8,4368.0,0.0,19.0,En Operación
2018-06-26 04:35:00,0.1,1012.4,0.0,7.85,0.8,4369.0,0.0,19.0,En Operación
2018-06-26 04:40:00,0.1,1012.41,0.0,7.86,0.8,4370.0,0.0,19.0,En Operación
2018-06-26 04:45:00,0.1,1012.42,0.0,7.88,0.8,4371.0,0.0,19.0,En Operación
2018-06-26 04:50:00,0.1,1012.44,0.0,7.89,0.8,4372.0,0.0,19.0,En Operación
2018-06-26 04:55:00,0.1,1012.45,0.0,7.9,0.8,4373.0,0.0,19.0,En Operación
2018-06-26 05:00:00,0.1,1012.45,0.0,7.9,0.8,4374.0,0.0,19.0,En Operación
2018-06-26 05:05:00,0.1,1012.45,0.0,7.9,0.8,4375.0,0.0,19.0,En Operación
2018-06-26 05:10:00,0.12,1012.44,0.0,7.93,0.8,4376.0,0.0,19.0,En Operación
2018-06-26 05:15:00,0.15,1012.42,0.0,7.95,0.8,4377.0,0.0,19.0,En Operación
2018-06-26 05:20:00,0.18,1012.41,0.0,7.98,0.8,4378.0,0.0,19.0,En Operación
2018-06-26 05:25:00,0.2,1012.4,0.0,8.0,0.8,4379.0,0.0,19.0,En Operación
2018-06-26 05:30:00,0.2,1012.4,0.0,8.0,0.8,4380.0,0.0,19.0,En Operación
2018-06-26 05:35:00,0.2,1012.4,0.0,8.0,0.8,4381.0,0.0,19.0,En Operación
2018-06-26 05:40:00,0.2,1012.36,0.0,7.98,0.8,4382.0,0.0,19.0,En Operación
2018-06-26 05:45:00,0.2,1012.32,0.0,7.95,0.8,4383.0,0.0,19.0,En Operación
2018-06-26 05:50:00,0.2,1012.29,0.0,7.93,0.8,4384.0,0.0,19.0,En Operación
2018-06-26 05:55:00,0.2,1012.25,0.0,7.9,0.8,4385.0,0.0,19.0,En Operación
2018-06-26 06:00:00,0.2,1012.25,0.0,7.9,0.8,4386.0,0.0,19.0,En Operación
2018-06-26 06:05:00,0.2,1012.25,0.0,7.9,0.8,4387.0,0.0,19.0,En Operación
2018-06-26 06:10:00,0.2,1012.19,0.0,7.99,0.8,4388.0,0.0,19.0,En Operación
2018-06-26 06:15:00,0.2,1012.12,0.0,8.07,0.8,4389.0,0.0,19.0,En Operación
2018-06-26 06:20:00,0.2,1012.06,0.0,8.16,0.8,4390.0,0.0,19.0,En Operación
2018-06-26 06:25:00,0.2,1012.0,0.0,8.25,0.8,4391.0,0.0,19.0,En Operación
2018-06-26 06:30:00,0.2,1012.0,0.0,8.25,0.8,4392.0,0.0,19.0,En Operación
2018-06-26 06:35:00,0.2,1012.0,0.0,8.25,0.8,4393.0,0.0,19.0,En Operación
2018-06-26 06:40:00,0.2,1012.04,0.0,8.28,0.8,4394.0,0.0,19.0,En Operación
2018-06-26 06:45:00,0.2,1012.08,0.0,8.3,0.8,4395.0,0.0,19.0,En Operación
2018-06-26 06:50:00,0.2,1012.11,0.0,8.32,0.8,4396.0,0.0,19.0,En Operación
2018-06-26 06:55:00,0.2,1012.15,0.0,8.35,0.8,4397.0,0.0,19.0,En Operación
2018-06-26 07:00:00,0.2,1012.15,0.0,8.35,0.8,4398.0,0.0,19.0,En Operación
2018-06-26 07:05:00,0.2,1012.15,0.0,8.35,0.8,4399.0,0.0,19.0,En Operación
2018-06-26 07:10:00,0.2,1012.24,0.0,8.39,0.6,4400.0,0.0,19.0,En Operación
2018-06-26 07:15:00,0.2,1012.32,0.0,8.43,0.4,4401.0,0.0,19.0,En Operación
2018-06-26 07:20:00,0.2,1012.41,0.0,8.46,0.2,4402.0,0.0,19.0,En Operación
2018-06-26 07:25:00,0.2,1012.5,0.0,8.5,0.0,4403.0,0.0,19.0,En Operación
2018-06-26 07:30:00,0.2,1012.5,0.0,8.5,0.0,4404.0,0.0,19.0,En Operación
2018-06-26 07:35:00,0.2,1012.5,0.0,8.5,0.0,4405.0,0.0,19.0,En Operación
2018-06-26 07:40:00,0.2,1012.5,0.0,8.51,0.0,4406.0,0.0,19.0,En Operación
2018-06-26 07:45:00,0.2,1012.5,0.0,8.52,0.0,4407.0,0.0,19.0,En Operación
2018-06-26 07:50:00,0.2,1012.5,0.0,8.54,0.0,4408.0,0.0,19.0,En Operación
2018-06-26 07:55:00,0.2,1012.5,0.0,8.55,0.0,4409.0,0.0,19.0,En Operación
2018-06-26 08:00:00,0.2,1012.5,0.0,8.55,0.0,4410.0,0.0,19.0,En Operación
2018-06-26 08:05:00,0.2,1012.5,0.0,8.55,0.0,4411.0,1.0,18.0,En Operación
2018-06-26 08:10:00,0.2,1012.6,0.0,8.49,0.2,4412.0,2.0,17.0,En Operación
2018-06-26 08:15:00,0.2,1012.7,0.0,8.43,0.4,4413.0,1.0,18.0,En Operación
2018-06-26 08:20:00,0.2,1012.8,0.0,8.36,0.6,4414.0,1.0,18.0,En Operación
2018-06-26 08:25:00,0.2,1012.9,0.0,8.3,0.8,4415.0,1.0,18.0,En Operación
2018-06-26 08:30:00,0.2,1012.9,0.0,8.3,0.8,4416.0,1.0,18.0,En Operación
2018-06-26 08:35:00,0.2,1012.9,0.0,8.3,0.8,4417.0,0.0,19.0,En Operación
2018-06-26 08:40:00,0.2,1012.91,0.0,8.36,1.0,4418.0,0.0,19.0,En Operación
2018-06-26 08:45:00,0.2,1012.92,0.0,8.43,1.2,4419.0,0.0,19.0,En Operación
2018-06-26 08:50:00,0.2,1012.94,0.0,8.49,1.4,4420.0,0.0,19.0,En Operación
2018-06-26 08:55:00,0.2,1012.95,0.0,8.55,1.6,4421.0,0.0,19.0,En Operación
2018-06-26 09:00:00,0.2,1012.95,0.0,8.55,1.6,4422.0,0.0,19.0,En Operación
2018-06-26 09:05:00,0.2,1012.95,0.0,8.55,1.6,4423.0,0.0,19.0,En Operación
2018-06-26 09:10:00,0.22,1013.0,0.0,8.74,2.8,4424.0,0.0,19.0,En Operación
2018-06-26 09:15:00,0.25,1013.05,0.0,8.93,4.0,4425.0,0.0,19.0,En Operación
2018-06-26 09:20:00,0.28,1013.1,0.0,9.11,5.2,4426.0,0.0,19.0,En Operación
2018-06-26 09:25:00,0.3,1013.15,0.0,9.3,6.4,4427.0,0.0,19.0,En Operación
2018-06-26 09:30:00,0.3,1013.15,0.0,9.3,6.4,4428.0,0.0,19.0,En Operación
2018-06-26 09:35:00,0.3,1013.15,0.0,9.3,6.4,4429.0,0.0,19.0,En Operación
2018-06-26 09:40:00,0.3,1013.15,0.0,9.74,5.6,4430.0,0.0,19.0,En Operación
2018-06-26 09:45:00,0.3,1013.15,0.0,10.18,4.8,4431.0,0.0,19.0,En Operación
2018-06-26 09:50:00,0.3,1013.15,0.0,10.61,4.0,4432.0,0.0,19.0,En Operación
2018-06-26 09:55:00,0.3,1013.15,0.0,11.05,3.2,4433.0,0.0,19.0,En Operación
2018-06-26 10:00:00,0.3,1013.15,0.0,11.05,3.2,4434.0,0.0,19.0,En Operación
2018-06-26 10:05:00,0.3,1013.15,0.0,11.05,3.2,4435.0,0.0,19.0,En Operación
2018-06-26 10:10:00,0.3,1013.32,0.0,11.3,4.81,4436.0,0.0,19.0,En Operación
2018-06-26 10:15:00,0.3,1013.5,0.0,11.55,6.43,4437.0,0.0,19.0,En Operación
2018-06-26 10:20:00,0.3,1013.68,0.0,11.8,8.04,4438.0,0.0,19.0,En Operación
2018-06-26 10:25:00,0.3,1013.85,0.0,12.05,9.65,4439.0,0.0,19.0,En Operación
2018-06-26 10:30:00,0.3,1013.85,0.0,12.05,9.65,4440.0,0.0,19.0,En Operación
2018-06-26 10:35:00,0.3,1013.85,0.0,12.05,9.65,4441.0,0.0,19.0,En Operación
2018-06-26 10:40:00,0.3,1013.84,0.0,12.14,9.85,4442.0,0.0,19.0,En Operación
2018-06-26 10:45:00,0.3,1013.82,0.0,12.23,10.05,4443.0,1.0,18.0,En Operación
2018-06-26 10:50:00,0.3,1013.81,0.0,12.31,10.25,4444.0,1.0,18.0,En Operación
2018-06-26 10:55:00,0.3,1013.8,0.0,12.4,10.45,4445.0,2.0,17.0,En Operación
2018-06-26 11:00:00,0.3,1013.8,0.0,12.4,10.45,4446.0,2.0,17.0,En Operación
2018-06-26 11:05:00,0.3,1013.8,0.0,12.4,10.45,4447.0,3.0,16.0,En Operación
2018-06-26 11:10:00,0.3,1013.79,0.0,12.52,9.44,4448.0,3.0,16.0,En Operación
2018-06-26 11:15:00,0.3,1013.78,0.0,12.65,8.43,4449.0,3.0,16.0,En Operación
2018-06-26 11:20:00,0.3,1013.76,0.0,12.78,7.41,4450.0,5.0,14.0,En Operación
2018-06-26 11:25:00,0.3,1013.75,0.0,12.9,6.4,4451.0,4.0,15.0,En Operación
2018-06-26 11:30:00,0.3,1013.75,0.0,12.9,6.4,4452.0,5.0,14.0,En Operación
2018-06-26 11:35:00,0.3,1013.75,0.0,12.9,6.4,4453.0,5.0,14.0,En Operación
2018-06-26 11:40:00,0.3,1013.68,0.0,12.95,5.4,4454.0,5.0,14.0,En Operación
2018-06-26 11:45:00,0.3,1013.6,0.0,13.0,4.4,4455.0,5.0,14.0,En Operación
2018-06-26 11:50:00,0.3,1013.53,0.0,13.05,3.4,4456.0,4.0,15.0,En Operación
2018-06-26 11:55:00,0.3,1013.45,0.0,13.1,2.4,4457.0,3.0,16.0,En Operación
2018-06-26 12:00:00,0.3,1013.45,0.0,13.1,2.4,4458.0,2.0,17.0,En Operación
2018-06-26 12:05:00,0.3,1013.45,0.0,13.1,2.4,4459.0,1.0,18.0,En Operación
2018-06-26 12:10:00,0.3,1013.32,0.0,13.3,2.4,4460.0,1.0,18.0,En Operación
2018-06-26 12:15:00,0.3,1013.2,0.0,13.5,2.4,4461.0,1.0,18.0,En Operación
2018-06-26 12:20:00,0.3,1013.08,0.0,13.7,2.4,4462.0,2.0,17.0,En Operación
2018-06-26 12:25:00,0.3,1012.95,0.0,13.9,2.4,4463.0,2.0,17.0,En Operación
2018-06-26 12:30:00,0.3,1012.95,0.0,13.9,2.4,4464.0,3.0,16.0,En Operación
2018-06-26 12:35:00,0.3,1012.95,0.0,13.9,2.4,4465.0,2.0,17.0,En Operación
2018-06-26 12:40:00,0.3,1012.89,0.0,13.96,3.0,4466.0,2.0,17.0,En Operación
2018-06-26 12:45:00,0.3,1012.82,0.0,14.02,3.6,4467.0,2.0,17.0,En Operación
2018-06-26 12:50:00,0.3,1012.76,0.0,14.09,4.2,4468.0,2.0,17.0,En Operación
2018-06-26 12:55:00,0.3,1012.7,0.0,14.15,4.8,4469.0,2.0,17.0,En Operación
2018-06-26 13:00:00,0.3,1012.7,0.0,14.15,4.8,4470.0,2.0,17.0,En Operación
2018-06-26 13:05:00,0.3,1012.7,0.0,14.15,4.8,4471.0,1.0,18.0,En Operación
2018-06-26 13:10:00,0.32,1012.53,0.0,14.42,6.81,4472.0,1.0,18.0,En Operación
2018-06-26 13:15:00,0.35,1012.35,0.0,14.7,8.82,4473.0,1.0,18.0,En Operación
2018-06-26 13:20:00,0.38,1012.18,0.0,14.98,10.84,4474.0,1.0,18.0,En Operación
2018-06-26 13:25:00,0.4,1012.0,0.0,15.25,12.85,4475.0,1.0,18.0,En Operación
2018-06-26 13:30:00,0.4,1012.0,0.0,15.25,12.85,4476.0,1.0,18.0,En Operación
2018-06-26 13:35:00,0.4,1012.0,0.0,15.25,12.85,4477.0,1.0,18.0,En Operación
2018-06-26 13:40:00,0.4,1011.92,0.0,15.31,11.24,4478.0,1.0,18.0,En Operación
2018-06-26 13:45:00,0.4,1011.85,0.0,15.38,9.62,4479.0,1.0,18.0,En Operación
2018-06-26 13:50:00,0.4,1011.78,0.0,15.44,8.01,4480.0,1.0,18.0,En Operación
2018-06-26 13:55:00,0.4,1011.7,0.0,15.5,6.4,4481.0,1.0,18.0,En Operación
2018-06-26 14:00:00,0.4,1011.7,0.0,15.5,6.4,4482.0,0.0,19.0,En Operación
2018-06-26 14:05:00,0.4,1011.7,0.0,15.5,6.4,4483.0,1.0,18.0,En Operación
2018-06-26 14:10:00,0.4,1011.53,0.0,15.72,7.21,4484.0,2.0,17.0,En Operación
2018-06-26 14:15:00,0.4,1011.35,0.0,15.95,8.02,4485.0,2.0,17.0,En Operación
2018-06-26 14:20:00,0.4,1011.18,0.0,16.17,8.84,4486.0,1.0,18.0,En Operación
2018-06-26 14:25:00,0.4,1011.0,0.0,16.4,9.65,4487.0,1.0,18.0,En Operación
2018-06-26 14:30:00,0.4,1011.0,0.0,16.4,9.65,4488.0,1.0,18.0,En Operación
2018-06-26 14:35:00,0.4,1011.0,0.0,16.4,9.65,4489.0,3.0,16.0,En Operación
2018-06-26 14:40:00,0.4,1011.01,0.0,16.46,8.84,4490.0,4.0,15.0,En Operación
2018-06-26 14:45:00,0.4,1011.02,0.0,16.52,8.02,4491.0,4.0,15.0,En Operación
2018-06-26 14:50:00,0.4,1011.04,0.0,16.59,7.21,4492.0,4.0,15.0,En Operación
2018-06-26 14:55:00,0.4,1011.05,0.0,16.65,6.4,4493.0,0.0,19.0,En Operación
2018-06-26 15:00:00,0.4,1011.05,0.0,16.65,6.4,4494.0,1.0,18.0,En Operación
2018-06-26 15:05:00,0.4,1011.05,0.0,16.65,6.4,4495.0,1.0,18.0,En Operación
2018-06-26 15:10:00,0.43,1010.97,0.0,16.71,7.82,4496.0,1.0,18.0,En Operación
2018-06-26 15:15:00,0.45,1010.9,0.0,16.77,9.25,4497.0,2.0,17.0,En Operación
2018-06-26 15:20:00,0.48,1010.82,0.0,16.84,10.68,4498.0,2.0,17.0,En Operación
2018-06-26 15:25:00,0.5,1010.75,0.0,16.9,12.1,4499.0,2.0,17.0,En Operación
2018-06-26 15:30:00,0.5,1010.75,0.0,16.9,12.1,4500.0,2.0,17.0,En Operación
2018-06-26 15:35:00,0.5,1010.75,0.0,16.9,12.1,4501.0,2.0,17.0,En Operación
2018-06-26 15:40:00,0.5,1010.7,0.0,16.9,10.29,4502.0,3.0,16.0,En Operación
2018-06-26 15:45:00,0.5,1010.65,0.0,16.9,8.48,4503.0,3.0,16.0,En Operación
2018-06-26 15:50:00,0.5,1010.6,0.0,16.9,6.66,4504.0,4.0,15.0,En Operación
2018-06-26 15:55:00,0.5,1010.55,0.0,16.9,4.85,4505.0,5.0,14.0,En Operación
2018-06-26 16:00:00,0.5,1010.55,0.0,16.9,4.85,4506.0,5.0,14.0,En Operación
2018-06-26 16:05:00,0.5,1010.55,0.0,16.9,4.85,4507.0,6.0,13.0,En Operación
2018-06-26 16:10:00,0.5,1010.58,0.0,16.94,4.44,4508.0,6.0,13.0,En Operación
2018-06-26 16:15:00,0.5,1010.6,0.0,16.98,4.03,4509.0,6.0,13.0,En Operación
2018-06-26 16:20:00,0.5,1010.62,0.0,17.01,3.61,4510.0,6.0,13.0,En Operación
2018-06-26 16:25:00,0.5,1010.65,0.0,17.05,3.2,4511.0,6.0,13.0,En Operación
2018-06-26 16:30:00,0.5,1010.65,0.0,17.05,3.2,4512.0,6.0,13.0,En Operación
2018-06-26 16:35:00,0.5,1010.65,0.0,17.05,3.2,4513.0,6.0,13.0,En Operación
2018-06-26 16:40:00,0.5,1010.64,0.0,17.01,3.4,4514.0,6.0,13.0,En Operación
2018-06-26 16:45:00,0.5,1010.62,0.0,16.98,3.6,4515.0,6.0,13.0,En Operación
2018-06-26 16:50:00,0.5,1010.61,0.0,16.94,3.8,4516.0,7.0,12.0,En Operación
2018-06-26 16:55:00,0.5,1010.6,0.0,16.9,4.0,4517.0,6.0,13.0,En Operación
2018-06-26 17:00:00,0.5,1010.6,0.0,16.9,4.0,4518.0,7.0,12.0,En Operación
2018-06-26 17:05:00,0.5,1010.6,0.0,16.9,4.0,4519.0,6.0,13.0,En Operación
2018-06-26 17:10:00,0.5,1010.64,0.0,16.66,4.4,4520.0,5.0,14.0,En Operación
2018-06-26 17:15:00,0.5,1010.68,0.0,16.42,4.8,4521.0,4.0,15.0,En Operación
2018-06-26 17:20:00,0.5,1010.71,0.0,16.19,5.2,4522.0,5.0,14.0,En Operación
2018-06-26 17:25:00,0.5,1010.75,0.0,15.95,5.6,4523.0,6.0,13.0,En Operación
2018-06-26 17:30:00,0.5,1010.75,0.0,15.95,5.6,4524.0,6.0,13.0,En Operación
2018-06-26 17:35:00,0.5,1010.75,0.0,15.95,5.6,4525.0,6.0,13.0,En Operación
2018-06-26 17:40:00,0.5,1010.79,0.0,15.89,5.0,4526.0,6.0,13.0,En Operación
2018-06-26 17:45:00,0.5,1010.82,0.0,15.82,4.4,4527.0,7.0,12.0,En Operación
2018-06-26 17:50:00,0.5,1010.86,0.0,15.76,3.8,4528.0,7.0,12.0,En Operación
2018-06-26 17:55:00,0.5,1010.9,0.0,15.7,3.2,4529.0,7.0,12.0,En Operación
2018-06-26 18:00:00,0.5,1010.9,0.0,15.7,3.2,4530.0,7.0,12.0,En Operación
2018-06-26 18:05:00,0.5,1010.9,0.0,15.7,3.2,4531.0,8.0,11.0,En Operación
2018-06-26 18:10:00,0.52,1011.0,0.0,15.25,3.0,4532.0,6.0,13.0,En Operación
2018-06-26 18:15:00,0.55,1011.1,0.0,14.8,2.8,4533.0,6.0,13.0,En Operación
2018-06-26 18:20:00,0.57,1011.2,0.0,14.35,2.6,4534.0,6.0,13.0,En Operación
2018-06-26 18:25:00,0.6,1011.3,0.0,13.9,2.4,4535.0,7.0,12.0,En Operación
2018-06-26 18:30:00,0.6,1011.3,0.0,13.9,2.4,4536.0,7.0,12.0,En Operación
2018-06-26 18:35:00,0.6,1011.3,0.0,13.9,2.4,4537.0,7.0,12.0,En Operación
2018-06-26 18:40:00,0.6,1011.32,0.0,13.8,2.4,4538.0,9.0,10.0,En Operación
2018-06-26 18:45:00,0.6,1011.35,0.0,13.7,2.4,4539.0,9.0,10.0,En Operación
2018-06-26 18:50:00,0.6,1011.38,0.0,13.6,2.4,4540.0,9.0,10.0,En Operación
2018-06-26 18:55:00,0.6,1011.4,0.0,13.5,2.4,4541.0,11.0,8.0,En Operación
2018-06-26 19:00:00,0.6,1011.4,0.0,13.5,2.4,4542.0,12.0,7.0,En Operación
2018-06-26 19:05:00,0.6,1011.4,0.0,13.5,2.4,4543.0,12.0,7.0,En Operación
2018-06-26 19:10:00,0.6,1011.54,0.0,13.24,2.0,4544.0,9.0,10.0,En Operación
2018-06-26 19:15:00,0.6,1011.68,0.0,12.98,1.6,4545.0,9.0,10.0,En Operación
2018-06-26 19:20:00,0.6,1011.81,0.0,12.71,1.2,4546.0,8.0,11.0,En Operación
2018-06-26 19:25:00,0.6,1011.95,0.0,12.45,0.8,4547.0,8.0,11.0,En Operación
2018-06-26 19:30:00,0.6,1011.95,0.0,12.45,0.8,4548.0,8.0,11.0,En Operación
2018-06-26 19:35:00,0.6,1011.95,0.0,12.45,0.8,4549.0,8.0,11.0,En Operación
2018-06-26 19:40:00,0.6,1011.99,0.0,12.44,2.01,4550.0,9.0,10.0,En Operación
2018-06-26 19:45:00,0.6,1012.03,0.0,12.42,3.23,4551.0,9.0,10.0,En Operación
2018-06-26 19:50:00,0.6,1012.06,0.0,12.41,4.44,4552.0,7.0,12.0,En Operación
2018-06-26 19:55:00,0.6,1012.1,0.0,12.4,5.65,4553.0,7.0,12.0,En Operación
2018-06-26 20:00:00,0.6,1012.1,0.0,12.4,5.65,4554.0,8.0,11.0,En Operación
2018-06-26 20:05:00,0.6,1012.1,0.0,12.4,5.65,4555.0,9.0,10.0,En Operación
2018-06-26 20:10:00,0.62,1012.22,0.0,12.32,4.44,4556.0,9.0,10.0,En Operación
2018-06-26 20:15:00,0.65,1012.35,0.0,12.25,3.22,4557.0,9.0,10.0,En Operación
2018-06-26 20:20:00,0.68,1012.48,0.0,12.18,2.01,4558.0,8.0,11.0,En Operación
2018-06-26 20:25:00,0.7,1012.6,0.0,12.1,0.8,4559.0,8.0,11.0,En Operación
2018-06-26 20:30:00,0.7,1012.6,0.0,12.1,0.8,4560.0,8.0,11.0,En Operación
2018-06-26 20:35:00,0.7,1012.6,0.0,12.1,0.8,4561.0,8.0,11.0,En Operación
2018-06-26 20:40:00,0.7,1012.62,0.0,12.1,1.2,4562.0,7.0,12.0,En Operación
2018-06-26 20:45:00,0.7,1012.65,0.0,12.1,1.6,4563.0,6.0,13.0,En Operación
2018-06-26 20:50:00,0.7,1012.68,0.0,12.1,2.0,4564.0,6.0,13.0,En Operación
2018-06-26 20:55:00,0.7,1012.7,0.0,12.1,2.4,4565.0,5.0,14.0,En Operación
2018-06-26 21:00:00,0.7,1012.7,0.0,12.1,2.4,4566.0,5.0,14.0,En Operación
2018-06-26 21:05:00,0.7,1012.7,0.0,12.1,2.4,4567.0,5.0,14.0,En Operación
2018-06-26 21:10:00,0.7,1012.7,0.0,11.98,2.0,4568.0,5.0,14.0,En Operación
2018-06-26 21:15:00,0.7,1012.7,0.0,11.85,1.6,4569.0,4.0,15.0,En Operación
2018-06-26 21:20:00,0.7,1012.7,0.0,11.72,1.2,4570.0,4.0,15.0,En Operación
2018-06-26 21:25:00,0.7,1012.7,0.0,11.6,0.8,4571.0,4.0,15.0,En Operación
2018-06-26 21:30:00,0.7,1012.7,0.0,11.6,0.8,4572.0,5.0,14.0,En Operación
2018-06-26 21:35:00,0.7,1012.7,0.0,11.6,0.8,4573.0,4.0,15.0,En Operación
2018-06-26 21:40:00,0.7,1012.64,0.0,11.56,0.8,4574.0,4.0,15.0,En Operación
2018-06-26 21:45:00,0.7,1012.58,0.0,11.52,0.8,4575.0,3.0,16.0,En Operación
2018-06-26 21:50:00,0.7,1012.51,0.0,11.49,0.8,4576.0,3.0,16.0,En Operación
2018-06-26 21:55:00,0.7,1012.45,0.0,11.45,0.8,4577.0,3.0,16.0,En Operación
2018-06-26 22:00:00,0.7,1012.45,0.0,11.45,0.8,4578.0,3.0,16.0,En Operación
2018-06-26 22:05:00,0.7,1012.45,0.0,11.45,0.8,4579.0,4.0,15.0,En Operación
2018-06-26 22:10:00,0.7,1012.41,0.0,11.31,1.2,4580.0,4.0,15.0,En Operación
2018-06-26 22:15:00,0.7,1012.38,0.0,11.18,1.6,4581.0,4.0,15.0,En Operación
2018-06-26 22:20:00,0.7,1012.34,0.0,11.04,2.0,4582.0,3.0,16.0,En Operación
2018-06-26 22:25:00,0.7,1012.3,0.0,10.9,2.4,4583.0,3.0,16.0,En Operación
2018-06-26 22:30:00,0.7,1012.3,0.0,10.9,2.4,4584.0,3.0,16.0,En Operación
2018-06-26 22:35:00,0.7,1012.3,0.0,10.9,2.4,4585.0,3.0,16.0,En Operación
2018-06-26 22:40:00,0.7,1012.29,0.0,10.9,2.4,4586.0,3.0,16.0,En Operación
2018-06-26 22:45:00,0.7,1012.28,0.0,10.9,2.4,4587.0,4.0,15.0,En Operación
2018-06-26 22:50:00,0.7,1012.26,0.0,10.9,2.4,4588.0,4.0,15.0,En Operación
2018-06-26 22:55:00,0.7,1012.25,0.0,10.9,2.4,4589.0,4.0,15.0,En Operación
2018-06-26 23:00:00,0.7,1012.25,0.0,10.9,2.4,4590.0,4.0,15.0,En Operación
2018-06-26 23:05:00,0.7,1012.25,0.0,10.9,2.4,4591.0,4.0,15.0,En Operación
2018-06-26 23:10:00,0.7,1012.28,0.0,10.9,2.8,4592.0,5.0,14.0,En Operación
2018-06-26 23:15:00,0.7,1012.3,0.0,10.9,3.2,4593.0,5.0,14.0,En Operación
2018-06-26 23:20:00,0.7,1012.32,0.0,10.9,3.6,4594.0,6.0,13.0,En Operación
2018-06-26 23:25:00,0.7,1012.35,0.0,10.9,4.0,4595.0,6.0,13.0,En Operación
2018-06-26 23:30:00,0.7,1012.35,0.0,10.9,4.0,4596.0,6.0,13.0,En Operación
2018-06-26 23:35:00,0.7,1012.35,0.0,10.9,4.0,4597.0,6.0,13.0,En Operación
2018-06-26 23:40:00,0.7,1012.36,0.0,10.89,3.6,4598.0,4.0,15.0,En Operación
2018-06-26 23:45:00,0.7,1012.38,0.0,10.88,3.2,4599.0,5.0,14.0,En Operación
2018-06-26 23:50:00,0.7,1012.39,0.0,10.86,2.8,4600.0,5.0,14.0,En Operación
2018-06-26 23:55:00,0.7,1012.4,0.0,10.85,2.4,4601.0,5.0,14.0,En Operación
2018-06-27 00:00:00,0.7,1012.4,0.0,10.85,2.4,4602.0,5.0,14.0,En Operación
2018-06-27 00:05:00,0.7,1012.4,0.0,10.85,2.4,4603.0,5.0,14.0,En Operación
2018-06-27 00:10:00,0.72,1012.38,0.0,10.79,3.6,4604.0,4.0,15.0,En Operación
2018-06-27 00:15:00,0.75,1012.35,0.0,10.72,4.8,4605.0,5.0,14.0,En Operación
2018-06-27 00:20:00,0.78,1012.32,0.0,10.66,6.0,4606.0,5.0,14.0,En Operación
2018-06-27 00:25:00,0.8,1012.3,0.0,10.6,7.2,4607.0,5.0,14.0,En Operación
2018-06-27 00:30:00,0.8,1012.3,0.0,10.6,7.2,4608.0,5.0,14.0,En Operación
2018-06-27 00:35:00,0.8,1012.3,0.0,10.6,7.2,4609.0,5.0,14.0,En Operación
2018-06-27 00:40:00,0.8,1012.3,0.0,10.58,6.2,4610.0,4.0,15.0,En Operación
2018-06-27 00:45:00,0.8,1012.3,0.0,10.55,5.2,4611.0,4.0,15.0,En Operación
2018-06-27 00:50:00,0.8,1012.3,0.0,10.52,4.2,4612.0,4.0,15.0,En Operación
2018-06-27 00:55:00,0.8,1012.3,0.0,10.5,3.2,4613.0,4.0,15.0,En Operación
2018-06-27 01:00:00,0.8,1012.3,0.0,10.5,3.2,4614.0,5.0,14.0,En Operación
2018-06-27 01:05:00,0.8,1012.3,0.0,10.5,3.2,4615.0,5.0,14.0,En Operación
2018-06-27 01:10:00,0.6,1012.12,0.0,10.45,3.4,4616.0,5.0,14.0,En Operación
2018-06-27 01:15:00,0.4,1011.95,0.0,10.4,3.6,4617.0,5.0,14.0,En Operación
2018-06-27 01:20:00,0.2,1011.78,0.0,10.35,3.8,4618.0,5.0,14.0,En Operación
2018-06-27 01:25:00,0.0,1011.6,0.0,10.3,4.0,4619.0,5.0,14.0,En Operación
2018-06-27 01:30:00,0.0,1011.6,0.0,10.3,4.0,4620.0,4.0,15.0,En Operación
2018-06-27 01:35:00,0.0,1011.6,0.0,10.3,4.0,4621.0,4.0,15.0,En Operación
2018-06-27 01:40:00,0.0,1011.64,0.0,10.29,4.4,4622.0,4.0,15.0,En Operación
2018-06-27 01:45:00,0.0,1011.68,0.0,10.28,4.8,4623.0,5.0,14.0,En Operación
2018-06-27 01:50:00,0.0,1011.71,0.0,10.26,5.2,4624.0,5.0,14.0,En Operación
2018-06-27 01:55:00,0.0,1011.75,0.0,10.25,5.6,4625.0,5.0,14.0,En Operación
2018-06-27 02:00:00,0.0,1011.75,0.0,10.25,5.6,4626.0,5.0,14.0,En Operación
2018-06-27 02:05:00,0.0,1011.75,0.0,10.25,5.6,4627.0,5.0,14.0,En Operación
2018-06-27 02:10:00,0.0,1011.61,0.0,10.28,5.4,4628.0,5.0,14.0,En Operación
2018-06-27 02:15:00,0.0,1011.48,0.0,10.3,5.2,4629.0,5.0,14.0,En Operación
2018-06-27 02:20:00,0.0,1011.34,0.0,10.32,5.0,4630.0,5.0,14.0,En Operación
2018-06-27 02:25:00,0.0,1011.2,0.0,10.35,4.8,4631.0,5.0,14.0,En Operación
2018-06-27 02:30:00,0.0,1011.2,0.0,10.35,4.8,4632.0,5.0,14.0,En Operación
2018-06-27 02:35:00,0.0,1011.2,0.0,10.35,4.8,4633.0,5.0,14.0,En Operación
2018-06-27 02:40:00,0.0,1011.24,0.0,10.29,5.0,4634.0,5.0,14.0,En Operación
2018-06-27 02:45:00,0.0,1011.28,0.0,10.22,5.2,4635.0,5.0,14.0,En Operación
2018-06-27 02:50:00,0.0,1011.31,0.0,10.16,5.4,4636.0,5.0,14.0,En Operación
2018-06-27 02:55:00,0.0,1011.35,0.0,10.1,5.6,4637.0,5.0,14.0,En Operación
2018-06-27 03:00:00,0.0,1011.35,0.0,10.1,5.6,4638.0,5.0,14.0,En Operación
2018-06-27 03:05:00,0.0,1011.35,0.0,10.1,5.6,4639.0,5.0,14.0,En Operación
2018-06-27 03:10:00,0.02,1011.34,0.0,9.98,5.2,4640.0,5.0,14.0,En Operación
2018-06-27 03:15:00,0.05,1011.32,0.0,9.85,4.8,4641.0,5.0,14.0,En Operación
2018-06-27 03:20:00,0.08,1011.31,0.0,9.72,4.4,4642.0,5.0,14.0,En Operación
2018-06-27 03:25:00,0.1,1011.3,0.0,9.6,4.0,4643.0,5.0,14.0,En Operación
2018-06-27 03:30:00,0.1,1011.3,0.0,9.6,4.0,4644.0,5.0,14.0,En Operación
2018-06-27 03:35:00,0.1,1011.3,0.0,9.6,4.0,4645.0,5.0,14.0,En Operación
2018-06-27 03:40:00,0.1,1011.31,0.0,9.59,4.0,4646.0,5.0,14.0,En Operación
2018-06-27 03:45:00,0.1,1011.32,0.0,9.57,4.0,4647.0,5.0,14.0,En Operación
2018-06-27 03:50:00,0.1,1011.34,0.0,9.56,4.0,4648.0,5.0,14.0,En Operación
2018-06-27 03:55:00,0.1,1011.35,0.0,9.55,4.0,4649.0,5.0,14.0,En Operación
2018-06-27 04:00:00,0.1,1011.35,0.0,9.55,4.0,4650.0,5.0,14.0,En Operación
2018-06-27 04:05:00,0.1,1011.35,0.0,9.55,4.0,4651.0,5.0,14.0,En Operación
2018-06-27 04:10:00,0.1,1011.31,0.0,9.55,3.2,4652.0,5.0,14.0,En Operación
2018-06-27 04:15:00,0.1,1011.28,0.0,9.55,2.4,4653.0,5.0,14.0,En Operación
2018-06-27 04:20:00,0.1,1011.24,0.0,9.55,1.6,4654.0,5.0,14.0,En Operación
2018-06-27 04:25:00,0.1,1011.2,0.0,9.55,0.8,4655.0,5.0,14.0,En Operación
2018-06-27 04:30:00,0.1,1011.2,0.0,9.55,0.8,4656.0,5.0,14.0,En Operación
2018-06-27 04:35:00,0.1,1011.2,0.0,9.55,0.8,4657.0,5.0,14.0,En Operación
2018-06-27 04:40:00,0.1,1011.19,0.0,9.6,0.8,4658.0,6.0,13.0,En Operación
2018-06-27 04:45:00,0.1,1011.18,0.0,9.65,0.8,4659.0,6.0,13.0,En Operación
2018-06-27 04:50:00,0.1,1011.16,0.0,9.7,0.8,4660.0,6.0,13.0,En Operación
2018-06-27 04:55:00,0.1,1011.15,0.0,9.75,0.8,4661.0,6.0,13.0,En Operación
2018-06-27 05:00:00,0.1,1011.15,0.0,9.75,0.8,4662.0,6.0,13.0,En Operación
2018-06-27 05:05:00,0.1,1011.15,0.0,9.75,0.8,4663.0,6.0,13.0,En Operación
2018-06-27 05:10:00,0.1,1011.15,0.0,9.66,0.8,4664.0,6.0,13.0,En Operación
2018-06-27 05:15:00,0.1,1011.15,0.0,9.57,0.8,4665.0,6.0,13.0,En Operación
2018-06-27 05:20:00,0.1,1011.15,0.0,9.49,0.8,4666.0,6.0,13.0,En Operación
2018-06-27 05:25:00,0.1,1011.15,0.0,9.4,0.8,4667.0,6.0,13.0,En Operación
2018-06-27 05:30:00,0.1,1011.15,0.0,9.4,0.8,4668.0,6.0,13.0,En Operación
2018-06-27 05:35:00,0.1,1011.15,0.0,9.4,0.8,4669.0,6.0,13.0,En Operación
2018-06-27 05:40:00,0.1,1011.12,0.0,9.39,0.8,4670.0,6.0,13.0,En Operación
2018-06-27 05:45:00,0.1,1011.1,0.0,9.38,0.8,4671.0,6.0,13.0,En Operación
2018-06-27 05:50:00,0.1,1011.08,0.0,9.36,0.8,4672.0,6.0,13.0,En Operación
2018-06-27 05:55:00,0.1,1011.05,0.0,9.35,0.8,4673.0,6.0,13.0,En Operación
2018-06-27 06:00:00,0.1,1011.05,0.0,9.35,0.8,4674.0,6.0,13.0,En Operación
2018-06-27 06:05:00,0.1,1011.05,0.0,9.35,0.8,4675.0,6.0,13.0,En Operación
2018-06-27 06:10:00,0.1,1011.09,0.0,9.31,1.8,4676.0,6.0,13.0,En Operación
2018-06-27 06:15:00,0.1,1011.12,0.0,9.27,2.8,4677.0,6.0,13.0,En Operación
2018-06-27 06:20:00,0.1,1011.16,0.0,9.24,3.8,4678.0,6.0,13.0,En Operación
2018-06-27 06:25:00,0.1,1011.2,0.0,9.2,4.8,4679.0,6.0,13.0,En Operación
2018-06-27 06:30:00,0.1,1011.2,0.0,9.2,4.8,4680.0,6.0,13.0,En Operación
2018-06-27 06:35:00,0.1,1011.2,0.0,9.2,4.8,4681.0,6.0,13.0,En Operación
2018-06-27 06:40:00,0.1,1011.21,0.0,9.19,4.0,4682.0,6.0,13.0,En Operación
2018-06-27 06:45:00,0.1,1011.22,0.0,9.18,3.2,4683.0,6.0,13.0,En Operación
2018-06-27 06:50:00,0.1,1011.24,0.0,9.16,2.4,4684.0,6.0,13.0,En Operación
2018-06-27 06:55:00,0.1,1011.25,0.0,9.15,1.6,4685.0,7.0,12.0,En Operación
2018-06-27 07:00:00,0.1,1011.25,0.0,9.15,1.6,4686.0,7.0,12.0,En Operación
2018-06-27 07:05:00,0.1,1011.25,0.0,9.15,1.6,4687.0,7.0,12.0,En Operación
2018-06-27 07:10:00,0.12,1011.35,0.0,9.11,1.6,4688.0,7.0,12.0,En Operación
2018-06-27 07:15:00,0.15,1011.45,0.0,9.07,1.6,4689.0,7.0,12.0,En Operación
2018-06-27 07:20:00,0.18,1011.55,0.0,9.04,1.6,4690.0,7.0,12.0,En Operación
2018-06-27 07:25:00,0.2,1011.65,0.0,9.0,1.6,4691.0,7.0,12.0,En Operación
2018-06-27 07:30:00,0.2,1011.65,0.0,9.0,1.6,4692.0,7.0,12.0,En Operación
2018-06-27 07:35:00,0.2,1011.65,0.0,9.0,1.6,4693.0,7.0,12.0,En Operación
2018-06-27 07:40:00,0.2,1011.64,0.0,9.02,1.8,4694.0,6.0,13.0,En Operación
2018-06-27 07:45:00,0.2,1011.62,0.0,9.05,2.0,4695.0,6.0,13.0,En Operación
2018-06-27 07:50:00,0.2,1011.61,0.0,9.07,2.2,4696.0,6.0,13.0,En Operación
2018-06-27 07:55:00,0.2,1011.6,0.0,9.1,2.4,4697.0,6.0,13.0,En Operación
2018-06-27 08:00:00,0.2,1011.6,0.0,9.1,2.4,4698.0,7.0,12.0,En Operación
2018-06-27 08:05:00,0.2,1011.6,0.0,9.1,2.4,4699.0,6.0,13.0,En Operación
2018-06-27 08:10:00,0.2,1011.62,0.0,9.0,2.6,4700.0,5.0,14.0,En Operación
2018-06-27 08:15:00,0.2,1011.65,0.0,8.9,2.8,4701.0,5.0,14.0,En Operación
2018-06-27 08:20:00,0.2,1011.68,0.0,8.8,3.0,4702.0,5.0,14.0,En Operación
2018-06-27 08:25:00,0.2,1011.7,0.0,8.7,3.2,4703.0,5.0,14.0,En Operación
2018-06-27 08:30:00,0.2,1011.7,0.0,8.7,3.2,4704.0,5.0,14.0,En Operación
2018-06-27 08:35:00,0.2,1011.7,0.0,8.7,3.2,4705.0,4.0,15.0,En Operación
2018-06-27 08:40:00,0.2,1011.7,0.0,8.67,2.8,4706.0,3.0,16.0,En Operación
2018-06-27 08:45:00,0.2,1011.7,0.0,8.65,2.4,4707.0,3.0,16.0,En Operación
2018-06-27 08:50:00,0.2,1011.7,0.0,8.62,2.0,4708.0,3.0,16.0,En Operación
2018-06-27 08:55:00,0.2,1011.7,0.0,8.6,1.6,4709.0,2.0,17.0,En Operación
2018-06-27 09:00:00,0.2,1011.7,0.0,8.6,1.6,4710.0,2.0,17.0,En Operación
2018-06-27 09:05:00,0.2,1011.7,0.0,8.6,1.6,4711.0,2.0,17.0,En Operación
2018-06-27 09:10:00,0.2,1011.64,0.0,8.78,2.81,4712.0,0.0,19.0,En Operación
2018-06-27 09:15:00,0.2,1011.58,0.0,8.95,4.03,4713.0,1.0,18.0,En Operación
2018-06-27 09:20:00,0.2,1011.51,0.0,9.12,5.24,4714.0,2.0,17.0,En Operación
2018-06-27 09:25:00,0.2,1011.45,0.0,9.3,6.45,4715.0,2.0,17.0,En Operación
2018-06-27 09:30:00,0.2,1011.45,0.0,9.3,6.45,4716.0,2.0,17.0,En Operación
2018-06-27 09:35:00,0.2,1011.45,0.0,9.3,6.45,4717.0,1.0,18.0,En Operación
2018-06-27 09:40:00,0.22,1011.54,0.0,9.6,7.46,4718.0,0.0,19.0,En Operación
2018-06-27 09:45:00,0.25,1011.62,0.0,9.9,8.48,4719.0,0.0,19.0,En Operación
2018-06-27 09:50:00,0.28,1011.71,0.0,10.2,9.49,4720.0,0.0,19.0,En Operación
2018-06-27 09:55:00,0.3,1011.8,0.0,10.5,10.5,4721.0,0.0,19.0,En Operación
2018-06-27 10:00:00,0.3,1011.8,0.0,10.5,10.5,4722.0,0.0,19.0,En Operación
2018-06-27 10:05:00,0.3,1011.8,0.0,10.5,10.5,4723.0,0.0,19.0,En Operación
2018-06-27 10:10:00,0.3,1011.95,0.0,10.85,8.88,4724.0,1.0,18.0,En Operación
2018-06-27 10:15:00,0.3,1012.1,0.0,11.2,7.25,4725.0,1.0,18.0,En Operación
2018-06-27 10:20:00,0.3,1012.25,0.0,11.55,5.62,4726.0,1.0,18.0,En Operación
2018-06-27 10:25:00,0.3,1012.4,0.0,11.9,4.0,4727.0,1.0,18.0,En Operación
2018-06-27 10:30:00,0.3,1012.4,0.0,11.9,4.0,4728.0,0.0,19.0,En Operación
2018-06-27 10:35:00,0.3,1012.4,0.0,11.9,4.0,4729.0,0.0,19.0,En Operación
2018-06-27 10:40:00,0.3,1012.4,0.0,12.32,3.8,4730.0,0.0,19.0,En Operación
2018-06-27 10:45:00,0.3,1012.4,0.0,12.75,3.6,4731.0,0.0,19.0,En Operación
2018-06-27 10:50:00,0.3,1012.4,0.0,13.18,3.4,4732.0,1.0,18.0,En Operación
2018-06-27 10:55:00,0.3,1012.4,0.0,13.6,3.2,4733.0,1.0,18.0,En Operación
2018-06-27 11:00:00,0.3,1012.4,0.0,13.6,3.2,4734.0,1.0,18.0,En Operación
2018-06-27 11:05:00,0.3,1012.4,0.0,13.6,3.2,4735.0,1.0,18.0,En Operación
2018-06-27 11:10:00,0.3,1012.36,0.0,13.79,4.2,4736.0,0.0,19.0,En Operación
2018-06-27 11:15:00,0.3,1012.32,0.0,13.98,5.2,4737.0,1.0,18.0,En Operación
2018-06-27 11:20:00,0.3,1012.29,0.0,14.16,6.2,4738.0,1.0,18.0,En Operación
2018-06-27 11:25:00,0.3,1012.25,0.0,14.35,7.2,4739.0,1.0,18.0,En Operación
2018-06-27 11:30:00,0.3,1012.25,0.0,14.35,7.2,4740.0,1.0,18.0,En Operación
2018-06-27 11:35:00,0.3,1012.25,0.0,14.35,7.2,4741.0,0.0,19.0,En Operación
2018-06-27 11:40:00,0.3,1012.19,0.0,14.44,6.2,4742.0,0.0,19.0,En Operación
2018-06-27 11:45:00,0.3,1012.12,0.0,14.52,5.2,4743.0,0.0,19.0,En Operación
2018-06-27 11:50:00,0.3,1012.06,0.0,14.61,4.2,4744.0,0.0,19.0,En Operación
2018-06-27 11:55:00,0.3,1012.0,0.0,14.7,3.2,4745.0,0.0,19.0,En Operación
2018-06-27 12:00:00,0.3,1012.0,0.0,14.7,3.2,4746.0,0.0,19.0,En Operación
2018-06-27 12:05:00,0.3,1012.0,0.0,14.7,3.2,4747.0,0.0,19.0,En Operación
2018-06-27 12:10:00,0.3,1011.81,0.0,15.02,3.61,4748.0,0.0,19.0,En Operación
2018-06-27 12:15:00,0.3,1011.62,0.0,15.35,4.03,4749.0,0.0,19.0,En Operación
2018-06-27 12:20:00,0.3,1011.44,0.0,15.68,4.44,4750.0,0.0,19.0,En Operación
2018-06-27 12:25:00,0.3,1011.25,0.0,16.0,4.85,4751.0,0.0,19.0,En Operación
2018-06-27 12:30:00,0.3,1011.25,0.0,16.0,4.85,4752.0,1.0,18.0,En Operación
2018-06-27 12:35:00,0.3,1011.25,0.0,16.0,4.85,4753.0,1.0,18.0,En Operación
2018-06-27 12:40:00,0.3,1011.19,0.0,16.06,5.45,4754.0,0.0,19.0,En Operación
2018-06-27 12:45:00,0.3,1011.12,0.0,16.12,6.05,4755.0,0.0,19.0,En Operación
2018-06-27 12:50:00,0.3,1011.06,0.0,16.19,6.65,4756.0,0.0,19.0,En Operación
2018-06-27 12:55:00,0.3,1011.0,0.0,16.25,7.25,4757.0,1.0,18.0,En Operación
2018-06-27 13:00:00,0.3,1011.0,0.0,16.25,7.25,4758.0,2.0,17.0,En Operación
2018-06-27 13:05:00,0.3,1011.0,0.0,16.25,7.25,4759.0,1.0,18.0,En Operación
2018-06-27 13:10:00,0.32,1010.82,0.0,16.52,6.44,4760.0,1.0,18.0,En Operación
2018-06-27 13:15:00,0.35,1010.65,0.0,16.8,5.62,4761.0,0.0,19.0,En Operación
2018-06-27 13:20:00,0.38,1010.47,0.0,17.08,4.81,4762.0,0.0,19.0,En Operación
2018-06-27 13:25:00,0.4,1010.3,0.0,17.35,4.0,4763.0,1.0,18.0,En Operación
2018-06-27 13:30:00,0.4,1010.3,0.0,17.35,4.0,4764.0,1.0,18.0,En Operación
2018-06-27 13:35:00,0.4,1010.3,0.0,17.35,4.0,4765.0,1.0,18.0,En Operación
2018-06-27 13:40:00,0.4,1010.28,0.0,17.44,4.0,4766.0,2.0,17.0,En Operación
2018-06-27 13:45:00,0.4,1010.25,0.0,17.52,4.0,4767.0,1.0,18.0,En Operación
2018-06-27 13:50:00,0.4,1010.22,0.0,17.61,4.0,4768.0,3.0,16.0,En Operación
2018-06-27 13:55:00,0.4,1010.2,0.0,17.7,4.0,4769.0,3.0,16.0,En Operación
2018-06-27 14:00:00,0.4,1010.2,0.0,17.7,4.0,4770.0,2.0,17.0,En Operación
2018-06-27 14:05:00,0.4,1010.2,0.0,17.7,4.0,4771.0,4.0,15.0,En Operación
2018-06-27 14:10:00,0.43,1010.11,0.0,17.94,4.0,4772.0,4.0,15.0,En Operación
2018-06-27 14:15:00,0.45,1010.03,0.0,18.17,4.0,4773.0,4.0,15.0,En Operación
2018-06-27 14:20:00,0.48,1009.94,0.0,18.41,4.0,4774.0,4.0,15.0,En Operación
2018-06-27 14:25:00,0.5,1009.85,0.0,18.65,4.0,4775.0,4.0,15.0,En Operación
2018-06-27 14:30:00,0.5,1009.85,0.0,18.65,4.0,4776.0,4.0,15.0,En Operación
2018-06-27 14:35:00,0.5,1009.85,0.0,18.65,4.0,4777.0,4.0,15.0,En Operación
2018-06-27 14:40:00,0.5,1009.8,0.0,18.72,4.0,4778.0,5.0,14.0,En Operación
2018-06-27 14:45:00,0.5,1009.75,0.0,18.8,4.0,4779.0,4.0,15.0,En Operación
2018-06-27 14:50:00,0.5,1009.7,0.0,18.88,4.0,4780.0,4.0,15.0,En Operación
2018-06-27 14:55:00,0.5,1009.65,0.0,18.95,4.0,4781.0,7.0,12.0,En Operación
2018-06-27 15:00:00,0.5,1009.65,0.0,18.95,4.0,4782.0,5.0,14.0,En Operación
2018-06-27 15:05:00,0.5,1009.65,0.0,18.95,4.0,4783.0,3.0,16.0,En Operación
2018-06-27 15:10:00,0.5,1009.58,0.0,19.09,4.8,4784.0,4.0,15.0,En Operación
2018-06-27 15:15:00,0.5,1009.5,0.0,19.23,5.6,4785.0,4.0,15.0,En Operación
2018-06-27 15:20:00,0.5,1009.42,0.0,19.36,6.4,4786.0,5.0,14.0,En Operación
2018-06-27 15:25:00,0.5,1009.35,0.0,19.5,7.2,4787.0,6.0,13.0,En Operación
2018-06-27 15:30:00,0.5,1009.35,0.0,19.5,7.2,4788.0,5.0,14.0,En Operación
2018-06-27 15:35:00,0.5,1009.35,0.0,19.5,7.2,4789.0,1.0,19.0,En Operación
2018-06-27 15:40:00,0.5,1009.31,0.0,19.54,7.0,4790.0,1.0,19.0,En Operación
2018-06-27 15:45:00,0.5,1009.28,0.0,19.58,6.8,4791.0,1.0,19.0,En Operación
2018-06-27 15:50:00,0.5,1009.24,0.0,19.61,6.6,4792.0,1.0,19.0,En Operación
2018-06-27 15:55:00,0.5,1009.2,0.0,19.65,6.4,4793.0,1.0,19.0,En Operación
2018-06-27 16:00:00,0.5,1009.2,0.0,19.65,6.4,4794.0,1.0,19.0,En Operación
2018-06-27 16:05:00,0.5,1009.2,0.0,19.65,6.4,4795.0,1.0,19.0,En Operación
2018-06-27 16:10:00,0.52,1009.22,0.0,19.51,6.61,4796.0,1.0,19.0,En Operación
2018-06-27 16:15:00,0.55,1009.25,0.0,19.38,6.82,4797.0,1.0,19.0,En Operación
2018-06-27 16:20:00,0.57,1009.28,0.0,19.24,7.04,4798.0,1.0,19.0,En Operación
2018-06-27 16:25:00,0.6,1009.3,0.0,19.1,7.25,4799.0,1.0,19.0,En Operación
2018-06-27 16:30:00,0.6,1009.3,0.0,19.1,7.25,4800.0,1.0,19.0,En Operación
2018-06-27 16:35:00,0.6,1009.3,0.0,19.1,7.25,4801.0,1.0,19.0,En Operación
2018-06-27 16:40:00,0.6,1009.3,0.0,19.08,6.65,4802.0,1.0,19.0,En Operación
2018-06-27 16:45:00,0.6,1009.3,0.0,19.05,6.05,4803.0,1.0,19.0,En Operación
2018-06-27 16:50:00,0.6,1009.3,0.0,19.02,5.45,4804.0,1.0,19.0,En Operación
2018-06-27 16:55:00,0.6,1009.3,0.0,19.0,4.85,4805.0,1.0,19.0,En Operación
2018-06-27 17:00:00,0.6,1009.3,0.0,19.0,4.85,4806.0,1.0,19.0,En Operación
2018-06-27 17:05:00,0.6,1009.3,0.0,19.0,4.85,4807.0,1.0,19.0,En Operación
2018-06-27 17:10:00,0.6,1009.44,0.0,18.86,4.44,4808.0,1.0,19.0,En Operación
2018-06-27 17:15:00,0.6,1009.58,0.0,18.73,4.03,4809.0,1.0,19.0,En Operación
2018-06-27 17:20:00,0.6,1009.71,0.0,18.59,3.61,4810.0,1.0,19.0,En Operación
2018-06-27 17:25:00,0.6,1009.85,0.0,18.45,3.2,4811.0,1.0,19.0,En Operación
2018-06-27 17:30:00,0.6,1009.85,0.0,18.45,3.2,4812.0,1.0,19.0,En Operación
2018-06-27 17:35:00,0.6,1009.85,0.0,18.45,3.2,4813.0,1.0,19.0,En Operación
2018-06-27 17:40:00,0.6,1009.85,0.0,18.38,3.0,4814.0,1.0,19.0,En Operación
2018-06-27 17:45:00,0.6,1009.85,0.0,18.3,2.8,4815.0,1.0,19.0,En Operación
2018-06-27 17:50:00,0.6,1009.85,0.0,18.22,2.6,4816.0,1.0,19.0,En Operación
2018-06-27 17:55:00,0.6,1009.85,0.0,18.15,2.4,4817.0,1.0,19.0,En Operación
2018-06-27 18:00:00,0.6,1009.85,0.0,18.15,2.4,4818.0,1.0,19.0,En Operación
2018-06-27 18:05:00,0.6,1009.85,0.0,18.15,2.4,4819.0,1.0,19.0,En Operación
2018-06-27 18:10:00,0.62,1009.94,0.0,17.77,1.8,4820.0,1.0,19.0,En Operación
2018-06-27 18:15:00,0.65,1010.03,0.0,17.4,1.2,4821.0,1.0,19.0,En Operación
2018-06-27 18:20:00,0.68,1010.11,0.0,17.02,0.6,4822.0,1.0,19.0,En Operación
2018-06-27 18:25:00,0.7,1010.2,0.0,16.65,0.0,4823.0,1.0,19.0,En Operación
2018-06-27 18:30:00,0.7,1010.2,0.0,16.65,0.0,4824.0,1.0,19.0,En Operación
2018-06-27 18:35:00,0.7,1010.2,0.0,16.65,0.0,4825.0,1.0,19.0,En Operación
2018-06-27 18:40:00,0.7,1010.29,0.0,16.52,0.0,4826.0,1.0,19.0,En Operación
2018-06-27 18:45:00,0.7,1010.38,0.0,16.4,0.0,4827.0,1.0,19.0,En Operación
2018-06-27 18:50:00,0.7,1010.46,0.0,16.27,0.0,4828.0,1.0,19.0,En Operación
2018-06-27 18:55:00,0.7,1010.55,0.0,16.15,0.0,4829.0,1.0,19.0,En Operación
2018-06-27 19:00:00,0.7,1010.55,0.0,16.15,0.0,4830.0,1.0,19.0,En Operación
2018-06-27 19:05:00,0.7,1010.55,0.0,16.15,0.0,4831.0,1.0,19.0,En Operación
2018-06-27 19:10:00,0.7,1010.79,0.0,15.84,0.0,4832.0,1.0,19.0,En Operación
2018-06-27 19:15:00,0.7,1011.02,0.0,15.52,0.0,4833.0,1.0,19.0,En Operación
2018-06-27 19:20:00,0.7,1011.26,0.0,15.21,0.0,4834.0,1.0,19.0,En Operación
2018-06-27 19:25:00,0.7,1011.5,0.0,14.9,0.0,4835.0,1.0,19.0,En Operación
2018-06-27 19:30:00,0.7,1011.5,0.0,14.9,0.0,4836.0,1.0,19.0,En Operación
2018-06-27 19:35:00,0.7,1011.5,0.0,14.9,0.0,4837.0,1.0,19.0,En Operación
2018-06-27 19:40:00,0.7,1011.54,0.0,14.8,0.0,4838.0,1.0,19.0,En Operación
2018-06-27 19:45:00,0.7,1011.58,0.0,14.7,0.0,4839.0,1.0,19.0,En Operación
2018-06-27 19:50:00,0.7,1011.61,0.0,14.6,0.0,4840.0,1.0,19.0,En Operación
2018-06-27 19:55:00,0.7,1011.65,0.0,14.5,0.0,4841.0,1.0,19.0,En Operación
2018-06-27 20:00:00,0.7,1011.65,0.0,14.5,0.0,4842.0,1.0,19.0,En Operación
2018-06-27 20:05:00,0.7,1011.65,0.0,14.5,0.0,4843.0,1.0,19.0,En Operación
2018-06-27 20:10:00,0.7,1011.8,0.0,14.38,0.0,4844.0,1.0,19.0,En Operación
2018-06-27 20:15:00,0.7,1011.95,0.0,14.25,0.0,4845.0,1.0,19.0,En Operación
2018-06-27 20:20:00,0.7,1012.1,0.0,14.12,0.0,4846.0,1.0,19.0,En Operación
2018-06-27 20:25:00,0.7,1012.25,0.0,14.0,0.0,4847.0,1.0,19.0,En Operación
2018-06-27 20:30:00,0.7,1012.25,0.0,14.0,0.0,4848.0,1.0,19.0,En Operación
2018-06-27 20:35:00,0.7,1012.25,0.0,14.0,0.0,4849.0,1.0,19.0,En Operación
2018-06-27 20:40:00,0.7,1012.28,0.0,13.95,0.0,4850.0,1.0,19.0,En Operación
2018-06-27 20:45:00,0.7,1012.3,0.0,13.9,0.0,4851.0,1.0,19.0,En Operación
2018-06-27 20:50:00,0.7,1012.32,0.0,13.85,0.0,4852.0,1.0,19.0,En Operación
2018-06-27 20:55:00,0.7,1012.35,0.0,13.8,0.0,4853.0,1.0,19.0,En Operación
2018-06-27 21:00:00,0.7,1012.35,0.0,13.8,0.0,4854.0,1.0,19.0,En Operación
2018-06-27 21:05:00,0.7,1012.35,0.0,13.8,0.0,4855.0,1.0,19.0,En Operación
2018-06-27 21:10:00,0.72,1012.46,0.0,13.64,0.0,4856.0,1.0,19.0,En Operación
2018-06-27 21:15:00,0.75,1012.58,0.0,13.48,0.0,4857.0,1.0,19.0,En Operación
2018-06-27 21:20:00,0.78,1012.69,0.0,13.31,0.0,4858.0,1.0,19.0,En Operación
2018-06-27 21:25:00,0.8,1012.8,0.0,13.15,0.0,4859.0,1.0,19.0,En Operación
2018-06-27 21:30:00,0.8,1012.8,0.0,13.15,0.0,4860.0,1.0,19.0,En Operación
2018-06-27 21:35:00,0.8,1012.8,0.0,13.15,0.0,4861.0,1.0,19.0,En Operación
2018-06-27 21:40:00,0.8,1012.84,0.0,13.16,0.0,4862.0,1.0,19.0,En Operación
2018-06-27 21:45:00,0.8,1012.88,0.0,13.18,0.0,4863.0,1.0,19.0,En Operación
2018-06-27 21:50:00,0.8,1012.91,0.0,13.19,0.0,4864.0,1.0,19.0,En Operación
2018-06-27 21:55:00,0.8,1012.95,0.0,13.2,0.0,4865.0,1.0,19.0,En Operación
2018-06-27 22:00:00,0.8,1012.95,0.0,13.2,0.0,4866.0,1.0,19.0,En Operación
2018-06-27 22:05:00,0.8,1012.95,0.0,13.2,0.0,4867.0,1.0,19.0,En Operación
2018-06-27 22:10:00,0.8,1013.06,0.0,13.12,0.0,4868.0,1.0,19.0,En Operación
2018-06-27 22:15:00,0.8,1013.18,0.0,13.05,0.0,4869.0,1.0,19.0,En Operación
2018-06-27 22:20:00,0.8,1013.29,0.0,12.98,0.0,4870.0,1.0,19.0,En Operación
2018-06-27 22:25:00,0.8,1013.4,0.0,12.9,0.0,4871.0,1.0,19.0,En Operación
2018-06-27 22:30:00,0.8,1013.4,0.0,12.9,0.0,4872.0,1.0,19.0,En Operación
2018-06-27 22:35:00,0.8,1013.4,0.0,12.9,0.0,4873.0,1.0,19.0,En Operación
2018-06-27 22:40:00,0.8,1013.42,0.0,12.89,0.0,4874.0,1.0,19.0,En Operación
2018-06-27 22:45:00,0.8,1013.45,0.0,12.88,0.0,4875.0,1.0,19.0,En Operación
2018-06-27 22:50:00,0.8,1013.48,0.0,12.86,0.0,4876.0,1.0,19.0,En Operación
2018-06-27 22:55:00,0.8,1013.5,0.0,12.85,0.0,4877.0,1.0,19.0,En Operación
2018-06-27 23:00:00,0.8,1013.5,0.0,12.85,0.0,4878.0,1.0,19.0,En Operación
2018-06-27 23:05:00,0.8,1013.5,0.0,12.85,0.0,4879.0,1.0,19.0,En Operación
2018-06-27 23:10:00,0.8,1013.56,0.0,12.9,0.0,4880.0,1.0,19.0,En Operación
2018-06-27 23:15:00,0.8,1013.62,0.0,12.95,0.0,4881.0,1.0,19.0,En Operación
2018-06-27 23:20:00,0.8,1013.69,0.0,13.0,0.0,4882.0,1.0,19.0,En Operación
2018-06-27 23:25:00,0.8,1013.75,0.0,13.05,0.0,4883.0,1.0,19.0,En Operación
2018-06-27 23:30:00,0.8,1013.75,0.0,13.05,0.0,4884.0,1.0,19.0,En Operación
2018-06-27 23:35:00,0.8,1013.75,0.0,13.05,0.0,4885.0,1.0,19.0,En Operación
2018-06-27 23:40:00,0.8,1013.75,0.0,13.01,0.0,4886.0,1.0,19.0,En Operación
2018-06-27 23:45:00,0.8,1013.75,0.0,12.98,0.0,4887.0,1.0,19.0,En Operación
2018-06-27 23:50:00,0.8,1013.75,0.0,12.94,0.0,4888.0,1.0,19.0,En Operación
2018-06-27 23:55:00,0.8,1013.75,0.0,12.9,0.0,4889.0,1.0,19.0,En Operación
2018-06-28 00:00:00,0.8,1013.75,0.0,12.9,0.0,4890.0,1.0,19.0,En Operación
2018-06-28 00:05:00,0.8,1013.75,0.0,12.9,0.0,4891.0,1.0,19.0,En Operación
2018-06-28 00:10:00,0.6,1013.81,0.0,12.74,0.0,4892.0,1.0,19.0,En Operación
2018-06-28 00:15:00,0.4,1013.88,0.0,12.58,0.0,4893.0,1.0,19.0,En Operación
2018-06-28 00:20:00,0.2,1013.94,0.0,12.41,0.0,4894.0,1.0,19.0,En Operación
2018-06-28 00:25:00,0.0,1014.0,0.0,12.25,0.0,4895.0,1.0,19.0,En Operación
2018-06-28 00:30:00,0.0,1014.0,0.0,12.25,0.0,4896.0,1.0,19.0,En Operación
2018-06-28 00:35:00,0.0,1014.0,0.0,12.25,0.0,4897.0,1.0,19.0,En Operación
2018-06-28 00:40:00,0.0,1014.0,0.0,12.16,0.0,4898.0,1.0,19.0,En Operación
2018-06-28 00:45:00,0.0,1014.0,0.0,12.08,0.0,4899.0,1.0,19.0,En Operación
2018-06-28 00:50:00,0.0,1014.0,0.0,11.99,0.0,4900.0,1.0,19.0,En Operación
2018-06-28 00:55:00,0.0,1014.0,0.0,11.9,0.0,4901.0,1.0,19.0,En Operación
2018-06-28 01:00:00,0.0,1014.0,0.0,11.9,0.0,4902.0,1.0,19.0,En Operación
2018-06-28 01:05:00,0.0,1014.0,0.0,11.9,0.0,4903.0,1.0,19.0,En Operación
2018-06-28 01:10:00,0.0,1014.0,0.0,11.8,0.0,4904.0,1.0,19.0,En Operación
2018-06-28 01:15:00,0.0,1014.0,0.0,11.7,0.0,4905.0,1.0,19.0,En Operación
2018-06-28 01:20:00,0.0,1014.0,0.0,11.6,0.0,4906.0,1.0,19.0,En Operación
2018-06-28 01:25:00,0.0,1014.0,0.0,11.5,0.0,4907.0,1.0,19.0,En Operación
2018-06-28 01:30:00,0.0,1014.0,0.0,11.5,0.0,4908.0,1.0,19.0,En Operación
2018-06-28 01:35:00,0.0,1014.0,0.0,11.5,0.0,4909.0,1.0,19.0,En Operación
2018-06-28 01:40:00,0.0,1013.99,0.0,11.49,0.0,4910.0,1.0,19.0,En Operación
2018-06-28 01:45:00,0.0,1013.98,0.0,11.48,0.0,4911.0,1.0,19.0,En Operación
2018-06-28 01:50:00,0.0,1013.96,0.0,11.46,0.0,4912.0,1.0,19.0,En Operación
2018-06-28 01:55:00,0.0,1013.95,0.0,11.45,0.0,4913.0,1.0,19.0,En Operación
2018-06-28 02:00:00,0.0,1013.95,0.0,11.45,0.0,4914.0,1.0,19.0,En Operación
2018-06-28 02:05:00,0.0,1013.95,0.0,11.45,0.0,4915.0,1.0,19.0,En Operación
2018-06-28 02:10:00,0.02,1013.95,0.0,11.4,0.0,4916.0,1.0,19.0,En Operación
2018-06-28 02:15:00,0.05,1013.95,0.0,11.35,0.0,4917.0,1.0,19.0,En Operación
2018-06-28 02:20:00,0.08,1013.95,0.0,11.3,0.0,4918.0,1.0,19.0,En Operación
2018-06-28 02:25:00,0.1,1013.95,0.0,11.25,0.0,4919.0,1.0,19.0,En Operación
2018-06-28 02:30:00,0.1,1013.95,0.0,11.25,0.0,4920.0,1.0,19.0,En Operación
2018-06-28 02:35:00,0.1,1013.95,0.0,11.25,0.0,4921.0,1.0,19.0,En Operación
2018-06-28 02:40:00,0.1,1013.95,0.0,11.19,0.0,4922.0,1.0,19.0,En Operación
2018-06-28 02:45:00,0.1,1013.95,0.0,11.12,0.0,4923.0,1.0,19.0,En Operación
2018-06-28 02:50:00,0.1,1013.95,0.0,11.06,0.0,4924.0,1.0,19.0,En Operación
2018-06-28 02:55:00,0.1,1013.95,0.0,11.0,0.0,4925.0,1.0,19.0,En Operación
2018-06-28 03:00:00,0.1,1013.95,0.0,11.0,0.0,4926.0,1.0,19.0,En Operación
2018-06-28 03:05:00,0.1,1013.95,0.0,11.0,0.0,4927.0,1.0,19.0,En Operación
2018-06-28 03:10:00,0.1,1014.0,0.0,10.89,0.0,4928.0,1.0,19.0,En Operación
2018-06-28 03:15:00,0.1,1014.05,0.0,10.78,0.0,4929.0,1.0,19.0,En Operación
2018-06-28 03:20:00,0.1,1014.1,0.0,10.66,0.0,4930.0,1.0,19.0,En Operación
2018-06-28 03:25:00,0.1,1014.15,0.0,10.55,0.0,4931.0,1.0,19.0,En Operación
2018-06-28 03:30:00,0.1,1014.15,0.0,10.55,0.0,4932.0,1.0,19.0,En Operación
2018-06-28 03:35:00,0.1,1014.15,0.0,10.55,0.0,4933.0,1.0,19.0,En Operación
2018-06-28 03:40:00,0.1,1014.2,0.0,10.55,0.0,4934.0,1.0,19.0,En Operación
2018-06-28 03:45:00,0.1,1014.25,0.0,10.55,0.0,4935.0,1.0,19.0,En Operación
2018-06-28 03:50:00,0.1,1014.3,0.0,10.55,0.0,4936.0,1.0,19.0,En Operación
2018-06-28 03:55:00,0.1,1014.35,0.0,10.55,0.0,4937.0,1.0,19.0,En Operación
2018-06-28 04:00:00,0.1,1014.35,0.0,10.55,0.0,4938.0,1.0,19.0,En Operación
2018-06-28 04:05:00,0.1,1014.35,0.0,10.55,0.0,4939.0,1.0,19.0,En Operación
2018-06-28 04:10:00,0.1,1014.41,0.0,10.71,0.2,4940.0,1.0,19.0,En Operación
2018-06-28 04:15:00,0.1,1014.48,0.0,10.88,0.4,4941.0,1.0,19.0,En Operación
2018-06-28 04:20:00,0.1,1014.54,0.0,11.04,0.6,4942.0,1.0,19.0,En Operación
2018-06-28 04:25:00,0.1,1014.6,0.0,11.2,0.8,4943.0,1.0,19.0,En Operación
2018-06-28 04:30:00,0.1,1014.6,0.0,11.2,0.8,4944.0,1.0,19.0,En Operación
2018-06-28 04:35:00,0.1,1014.6,0.0,11.2,0.8,4945.0,1.0,19.0,En Operación
2018-06-28 04:40:00,0.1,1014.61,0.0,11.2,0.8,4946.0,1.0,19.0,En Operación
2018-06-28 04:45:00,0.1,1014.62,0.0,11.2,0.8,4947.0,1.0,19.0,En Operación
2018-06-28 04:50:00,0.1,1014.64,0.0,11.2,0.8,4948.0,1.0,19.0,En Operación
2018-06-28 04:55:00,0.1,1014.65,0.0,11.2,0.8,4949.0,1.0,19.0,En Operación
2018-06-28 05:00:00,0.1,1014.65,0.0,11.2,0.8,4950.0,1.0,19.0,En Operación
2018-06-28 05:05:00,0.1,1014.65,0.0,11.2,0.8,4951.0,1.0,19.0,En Operación
2018-06-28 05:10:00,0.1,1014.64,0.0,11.04,0.6,4952.0,1.0,19.0,En Operación
2018-06-28 05:15:00,0.1,1014.62,0.0,10.88,0.4,4953.0,1.0,19.0,En Operación
2018-06-28 05:20:00,0.1,1014.61,0.0,10.71,0.2,4954.0,1.0,19.0,En Operación
2018-06-28 05:25:00,0.1,1014.6,0.0,10.55,0.0,4955.0,1.0,19.0,En Operación
2018-06-28 05:30:00,0.1,1014.6,0.0,10.55,0.0,4956.0,1.0,19.0,En Operación
2018-06-28 05:35:00,0.1,1014.6,0.0,10.55,0.0,4957.0,1.0,19.0,En Operación
2018-06-28 05:40:00,0.1,1014.64,0.0,10.52,0.0,4958.0,1.0,19.0,En Operación
2018-06-28 05:45:00,0.1,1014.68,0.0,10.5,0.0,4959.0,1.0,19.0,En Operación
2018-06-28 05:50:00,0.1,1014.71,0.0,10.48,0.0,4960.0,1.0,19.0,En Operación
2018-06-28 05:55:00,0.1,1014.75,0.0,10.45,0.0,4961.0,1.0,19.0,En Operación
2018-06-28 06:00:00,0.1,1014.75,0.0,10.45,0.0,4962.0,1.0,19.0,En Operación
2018-06-28 06:05:00,0.1,1014.75,0.0,10.45,0.0,4963.0,1.0,19.0,En Operación
2018-06-28 06:10:00,0.1,1014.82,0.0,10.39,0.0,4964.0,1.0,19.0,En Operación
2018-06-28 06:15:00,0.1,1014.9,0.0,10.32,0.0,4965.0,1.0,19.0,En Operación
2018-06-28 06:20:00,0.1,1014.97,0.0,10.26,0.0,4966.0,1.0,19.0,En Operación
2018-06-28 06:25:00,0.1,1015.05,0.0,10.2,0.0,4967.0,1.0,19.0,En Operación
2018-06-28 06:30:00,0.1,1015.05,0.0,10.2,0.0,4968.0,1.0,19.0,En Operación
2018-06-28 06:35:00,0.1,1015.05,0.0,10.2,0.0,4969.0,1.0,19.0,En Operación
2018-06-28 06:40:00,0.1,1015.09,0.0,10.17,0.0,4970.0,1.0,19.0,En Operación
2018-06-28 06:45:00,0.1,1015.12,0.0,10.15,0.0,4971.0,1.0,19.0,En Operación
2018-06-28 06:50:00,0.1,1015.16,0.0,10.12,0.0,4972.0,1.0,19.0,En Operación
2018-06-28 06:55:00,0.1,1015.2,0.0,10.1,0.0,4973.0,1.0,19.0,En Operación
2018-06-28 07:00:00,0.1,1015.2,0.0,10.1,0.0,4974.0,1.0,19.0,En Operación
2018-06-28 07:05:00,0.1,1015.2,0.0,10.1,0.0,4975.0,1.0,19.0,En Operación
2018-06-28 07:10:00,0.1,1015.31,0.0,10.05,0.0,4976.0,1.0,19.0,En Operación
2018-06-28 07:15:00,0.1,1015.42,0.0,10.0,0.0,4977.0,1.0,19.0,En Operación
2018-06-28 07:20:00,0.1,1015.54,0.0,9.95,0.0,4978.0,1.0,19.0,En Operación
2018-06-28 07:25:00,0.1,1015.65,0.0,9.9,0.0,4979.0,1.0,19.0,En Operación
2018-06-28 07:30:00,0.1,1015.65,0.0,9.9,0.0,4980.0,1.0,19.0,En Operación
2018-06-28 07:35:00,0.1,1015.65,0.0,9.9,0.0,4981.0,1.0,19.0,En Operación
2018-06-28 07:40:00,0.1,1015.68,0.0,9.85,0.0,4982.0,1.0,19.0,En Operación
2018-06-28 07:45:00,0.1,1015.7,0.0,9.8,0.0,4983.0,1.0,19.0,En Operación
2018-06-28 07:50:00,0.1,1015.72,0.0,9.75,0.0,4984.0,1.0,19.0,En Operación
2018-06-28 07:55:00,0.1,1015.75,0.0,9.7,0.0,4985.0,1.0,19.0,En Operación
2018-06-28 08:00:00,0.1,1015.75,0.0,9.7,0.0,4986.0,1.0,19.0,En Operación
2018-06-28 08:05:00,0.1,1015.75,0.0,9.7,0.0,4987.0,1.0,19.0,En Operación
2018-06-28 08:10:00,0.12,1015.75,0.0,9.7,0.0,4988.0,1.0,19.0,En Operación
2018-06-28 08:15:00,0.15,1015.75,0.0,9.7,0.0,4989.0,1.0,19.0,En Operación
2018-06-28 08:20:00,0.18,1015.75,0.0,9.7,0.0,4990.0,1.0,19.0,En Operación
2018-06-28 08:25:00,0.2,1015.75,0.0,9.7,0.0,4991.0,1.0,19.0,En Operación
2018-06-28 08:30:00,0.2,1015.75,0.0,9.7,0.0,4992.0,1.0,19.0,En Operación
2018-06-28 08:35:00,0.2,1015.75,0.0,9.7,0.0,4993.0,1.0,19.0,En Operación
2018-06-28 08:40:00,0.2,1015.78,0.0,9.77,0.0,4994.0,1.0,19.0,En Operación
2018-06-28 08:45:00,0.2,1015.8,0.0,9.85,0.0,4995.0,1.0,19.0,En Operación
2018-06-28 08:50:00,0.2,1015.82,0.0,9.93,0.0,4996.0,1.0,19.0,En Operación
2018-06-28 08:55:00,0.2,1015.85,0.0,10.0,0.0,4997.0,1.0,19.0,En Operación
2018-06-28 09:00:00,0.2,1015.85,0.0,10.0,0.0,4998.0,1.0,19.0,En Operación
2018-06-28 09:05:00,0.2,1015.85,0.0,10.0,0.0,4999.0,1.0,19.0,En Operación
2018-06-28 09:10:00,0.2,1015.95,0.0,10.25,0.2,5000.0,1.0,19.0,En Operación
2018-06-28 09:15:00,0.2,1016.05,0.0,10.5,0.4,5001.0,1.0,19.0,En Operación
2018-06-28 09:20:00,0.2,1016.15,0.0,10.75,0.6,5002.0,1.0,19.0,En Operación
2018-06-28 09:25:00,0.2,1016.25,0.0,11.0,0.8,5003.0,1.0,19.0,En Operación
2018-06-28 09:30:00,0.2,1016.25,0.0,11.0,0.8,5004.0,1.0,19.0,En Operación
2018-06-28 09:35:00,0.2,1016.25,0.0,11.0,0.8,5005.0,1.0,19.0,En Operación
2018-06-28 09:40:00,0.2,1016.29,0.0,11.44,0.8,5006.0,1.0,19.0,En Operación
2018-06-28 09:45:00,0.2,1016.32,0.0,11.88,0.8,5007.0,1.0,19.0,En Operación
2018-06-28 09:50:00,0.2,1016.36,0.0,12.31,0.8,5008.0,1.0,19.0,En Operación
2018-06-28 09:55:00,0.2,1016.4,0.0,12.75,0.8,5009.0,1.0,19.0,En Operación
2018-06-28 10:00:00,0.2,1016.4,0.0,12.75,0.8,5010.0,1.0,19.0,En Operación
2018-06-28 10:05:00,0.2,1016.4,0.0,12.75,0.8,5011.0,1.0,19.0,En Operación
2018-06-28 10:10:00,0.2,1016.41,0.0,12.98,0.6,5012.0,1.0,19.0,En Operación
2018-06-28 10:15:00,0.2,1016.42,0.0,13.2,0.4,5013.0,1.0,19.0,En Operación
2018-06-28 10:20:00,0.2,1016.44,0.0,13.42,0.2,5014.0,1.0,19.0,En Operación
2018-06-28 10:25:00,0.2,1016.45,0.0,13.65,0.0,5015.0,1.0,19.0,En Operación
2018-06-28 10:30:00,0.2,1016.45,0.0,13.65,0.0,5016.0,1.0,19.0,En Operación
2018-06-28 10:35:00,0.2,1016.45,0.0,13.65,0.0,5017.0,1.0,19.0,En Operación
2018-06-28 10:40:00,0.2,1016.41,0.0,13.79,0.6,5018.0,1.0,19.0,En Operación
2018-06-28 10:45:00,0.2,1016.38,0.0,13.92,1.2,5019.0,1.0,19.0,En Operación
2018-06-28 10:50:00,0.2,1016.34,0.0,14.06,1.8,5020.0,1.0,19.0,En Operación
2018-06-28 10:55:00,0.2,1016.3,0.0,14.2,2.4,5021.0,1.0,19.0,En Operación
2018-06-28 11:00:00,0.2,1016.3,0.0,14.2,2.4,5022.0,1.0,19.0,En Operación
2018-06-28 11:05:00,0.2,1016.3,0.0,14.2,2.4,5023.0,1.0,19.0,En Operación
2018-06-28 11:10:00,0.2,1016.19,0.0,14.18,2.2,5024.0,1.0,19.0,En Operación
2018-06-28 11:15:00,0.2,1016.08,0.0,14.15,2.0,5025.0,1.0,19.0,En Operación
2018-06-28 11:20:00,0.2,1015.96,0.0,14.12,1.8,5026.0,1.0,19.0,En Operación
2018-06-28 11:25:00,0.2,1015.85,0.0,14.1,1.6,5027.0,1.0,19.0,En Operación
2018-06-28 11:30:00,0.2,1015.85,0.0,14.1,1.6,5028.0,1.0,19.0,En Operación
2018-06-28 11:35:00,0.2,1015.85,0.0,14.1,1.6,5029.0,1.0,19.0,En Operación
2018-06-28 11:40:00,0.2,1015.85,0.0,14.16,1.6,5030.0,1.0,19.0,En Operación
2018-06-28 11:45:00,0.2,1015.85,0.0,14.22,1.6,5031.0,1.0,19.0,En Operación
2018-06-28 11:50:00,0.2,1015.85,0.0,14.29,1.6,5032.0,1.0,19.0,En Operación
2018-06-28 11:55:00,0.2,1015.85,0.0,14.35,1.6,5033.0,1.0,19.0,En Operación
2018-06-28 12:00:00,0.2,1015.85,0.0,14.35,1.6,5034.0,1.0,19.0,En Operación
2018-06-28 12:05:00,0.2,1015.85,0.0,14.35,1.6,5035.0,1.0,19.0,En Operación
2018-06-28 12:10:00,0.2,1015.74,0.0,14.36,1.6,5036.0,1.0,19.0,En Operación
2018-06-28 12:15:00,0.2,1015.62,0.0,14.38,1.6,5037.0,1.0,19.0,En Operación
2018-06-28 12:20:00,0.2,1015.51,0.0,14.39,1.6,5038.0,1.0,19.0,En Operación
2018-06-28 12:25:00,0.2,1015.4,0.0,14.4,1.6,5039.0,1.0,19.0,En Operación
2018-06-28 12:30:00,0.2,1015.4,0.0,14.4,1.6,5040.0,1.0,19.0,En Operación
2018-06-28 12:35:00,0.2,1015.4,0.0,14.4,1.6,5041.0,1.0,19.0,En Operación
2018-06-28 12:40:00,0.2,1015.3,0.0,14.46,1.6,5042.0,1.0,19.0,En Operación
2018-06-28 12:45:00,0.2,1015.2,0.0,14.52,1.6,5043.0,1.0,19.0,En Operación
2018-06-28 12:50:00,0.2,1015.1,0.0,14.59,1.6,5044.0,1.0,19.0,En Operación
2018-06-28 12:55:00,0.2,1015.0,0.0,14.65,1.6,5045.0,1.0,19.0,En Operación
2018-06-28 13:00:00,0.2,1015.0,0.0,14.65,1.6,5046.0,1.0,19.0,En Operación
2018-06-28 13:05:00,0.2,1015.0,0.0,14.65,1.6,5047.0,1.0,19.0,En Operación
2018-06-28 13:10:00,0.2,1014.86,0.0,14.61,2.2,5048.0,1.0,19.0,En Operación
2018-06-28 13:15:00,0.2,1014.72,0.0,14.58,2.8,5049.0,1.0,19.0,En Operación
2018-06-28 13:20:00,0.2,1014.59,0.0,14.54,3.4,5050.0,1.0,19.0,En Operación
2018-06-28 13:25:00,0.2,1014.45,0.0,14.5,4.0,5051.0,1.0,19.0,En Operación
2018-06-28 13:30:00,0.2,1014.45,0.0,14.5,4.0,5052.0,1.0,19.0,En Operación
2018-06-28 13:35:00,0.2,1014.45,0.0,14.5,4.0,5053.0,1.0,19.0,En Operación
2018-06-28 13:40:00,0.2,1014.42,0.0,14.5,5.21,5054.0,1.0,19.0,En Operación
2018-06-28 13:45:00,0.2,1014.4,0.0,14.5,6.42,5055.0,1.0,19.0,En Operación
2018-06-28 13:50:00,0.2,1014.38,0.0,14.5,7.64,5056.0,1.0,19.0,En Operación
2018-06-28 13:55:00,0.2,1014.35,0.0,14.5,8.85,5057.0,1.0,19.0,En Operación
2018-06-28 14:00:00,0.2,1014.35,0.0,14.5,8.85,5058.0,1.0,19.0,En Operación
2018-06-28 14:05:00,0.2,1014.35,0.0,14.5,8.85,5059.0,1.0,19.0,En Operación
2018-06-28 14:10:00,0.22,1014.3,0.0,14.56,7.04,5060.0,1.0,19.0,En Operación
2018-06-28 14:15:00,0.25,1014.25,0.0,14.62,5.22,5061.0,1.0,19.0,En Operación
2018-06-28 14:20:00,0.28,1014.2,0.0,14.69,3.41,5062.0,1.0,19.0,En Operación
2018-06-28 14:25:00,0.3,1014.15,0.0,14.75,1.6,5063.0,1.0,19.0,En Operación
2018-06-28 14:30:00,0.3,1014.15,0.0,14.75,1.6,5064.0,1.0,19.0,En Operación
2018-06-28 14:35:00,0.3,1014.15,0.0,14.75,1.6,5065.0,1.0,19.0,En Operación
2018-06-28 14:40:00,0.3,1014.09,0.0,14.8,1.6,5066.0,1.0,19.0,En Operación
2018-06-28 14:45:00,0.3,1014.02,0.0,14.85,1.6,5067.0,1.0,19.0,En Operación
2018-06-28 14:50:00,0.3,1013.96,0.0,14.9,1.6,5068.0,1.0,19.0,En Operación
2018-06-28 14:55:00,0.3,1013.9,0.0,14.95,1.6,5069.0,1.0,19.0,En Operación
2018-06-28 15:00:00,0.3,1013.9,0.0,14.95,1.6,5070.0,1.0,19.0,En Operación
2018-06-28 15:05:00,0.3,1013.9,0.0,14.95,1.6,5071.0,1.0,19.0,En Operación
2018-06-28 15:10:00,0.3,1013.85,0.0,15.04,2.0,5072.0,1.0,19.0,En Operación
2018-06-28 15:15:00,0.3,1013.8,0.0,15.12,2.4,5073.0,1.0,19.0,En Operación
2018-06-28 15:20:00,0.3,1013.75,0.0,15.21,2.8,5074.0,1.0,19.0,En Operación
2018-06-28 15:25:00,0.3,1013.7,0.0,15.3,3.2,5075.0,1.0,19.0,En Operación
2018-06-28 15:30:00,0.3,1013.7,0.0,15.3,3.2,5076.0,1.0,19.0,En Operación
2018-06-28 15:35:00,0.3,1013.7,0.0,15.3,3.2,5077.0,1.0,19.0,En Operación
2018-06-28 15:40:00,0.3,1013.69,0.0,15.26,3.2,5078.0,1.0,19.0,En Operación
2018-06-28 15:45:00,0.3,1013.68,0.0,15.23,3.2,5079.0,1.0,19.0,En Operación
2018-06-28 15:50:00,0.3,1013.66,0.0,15.19,3.2,5080.0,1.0,19.0,En Operación
2018-06-28 15:55:00,0.3,1013.65,0.0,15.15,3.2,5081.0,1.0,19.0,En Operación
2018-06-28 16:00:00,0.3,1013.65,0.0,15.15,3.2,5082.0,1.0,19.0,En Operación
2018-06-28 16:05:00,0.3,1013.65,0.0,15.15,3.2,5083.0,1.0,19.0,En Operación
2018-06-28 16:10:00,0.3,1013.6,0.0,15.02,3.0,5084.0,1.0,19.0,En Operación
2018-06-28 16:15:00,0.3,1013.55,0.0,14.9,2.8,5085.0,1.0,19.0,En Operación
2018-06-28 16:20:00,0.3,1013.5,0.0,14.78,2.6,5086.0,1.0,19.0,En Operación
2018-06-28 16:25:00,0.3,1013.45,0.0,14.65,2.4,5087.0,1.0,19.0,En Operación
2018-06-28 16:30:00,0.3,1013.45,0.0,14.65,2.4,5088.0,1.0,19.0,En Operación
2018-06-28 16:35:00,0.3,1013.45,0.0,14.65,2.4,5089.0,1.0,19.0,En Operación
2018-06-28 16:40:00,0.3,1013.45,0.0,14.55,2.4,5090.0,1.0,19.0,En Operación
2018-06-28 16:45:00,0.3,1013.45,0.0,14.45,2.4,5091.0,1.0,19.0,En Operación
2018-06-28 16:50:00,0.3,1013.45,0.0,14.35,2.4,5092.0,1.0,19.0,En Operación
2018-06-28 16:55:00,0.3,1013.45,0.0,14.25,2.4,5093.0,1.0,19.0,En Operación
2018-06-28 17:00:00,0.3,1013.45,0.0,14.25,2.4,5094.0,1.0,19.0,En Operación
2018-06-28 17:05:00,0.3,1013.45,0.0,14.25,2.4,5095.0,1.0,19.0,En Operación
2018-06-28 17:10:00,0.3,1013.44,0.0,14.14,2.32,5096.0,1.0,19.0,En Operación
2018-06-28 17:15:00,0.3,1013.42,0.0,14.04,2.24,5097.0,1.0,19.0,En Operación
2018-06-28 17:20:00,0.3,1013.4,0.0,13.94,2.16,5098.0,1.0,19.0,En Operación
2018-06-28 17:25:00,0.3,1013.39,0.0,13.83,2.08,5099.0,1.0,19.0,En Operación
2018-06-28 17:30:00,0.3,1013.38,0.0,13.72,2.0,5100.0,1.0,19.0,En Operación
2018-06-28 17:35:00,0.3,1013.36,0.0,13.62,1.92,5101.0,1.0,19.0,En Operación
2018-06-28 17:40:00,0.3,1013.34,0.0,13.51,1.84,5102.0,1.0,19.0,En Operación
2018-06-28 17:45:00,0.3,1013.33,0.0,13.41,1.76,5103.0,1.0,19.0,En Operación
2018-06-28 17:50:00,0.3,1013.32,0.0,13.3,1.68,5104.0,1.0,19.0,En Operación
2018-06-28 17:55:00,0.3,1013.3,0.0,13.2,1.6,5105.0,1.0,19.0,En Operación
2018-06-28 18:00:00,0.3,1013.3,0.0,13.2,1.6,5106.0,1.0,19.0,En Operación
2018-06-28 18:05:00,0.3,1013.3,0.0,13.2,1.6,5107.0,1.0,19.0,En Operación
2018-06-28 18:10:00,0.3,1013.28,0.0,13.06,1.8,5108.0,1.0,19.0,En Operación
2018-06-28 18:15:00,0.3,1013.25,0.0,12.92,2.0,5109.0,1.0,19.0,En Operación
2018-06-28 18:20:00,0.3,1013.22,0.0,12.79,2.2,5110.0,1.0,19.0,En Operación
2018-06-28 18:25:00,0.3,1013.2,0.0,12.65,2.4,5111.0,1.0,19.0,En Operación
2018-06-28 18:30:00,0.3,1013.2,0.0,12.65,2.4,5112.0,1.0,19.0,En Operación
2018-06-28 18:35:00,0.3,1013.2,0.0,12.65,2.4,5113.0,1.0,19.0,En Operación
2018-06-28 18:40:00,0.3,1013.21,0.0,12.64,2.4,5114.0,1.0,19.0,En Operación
2018-06-28 18:45:00,0.3,1013.22,0.0,12.62,2.4,5115.0,1.0,19.0,En Operación
2018-06-28 18:50:00,0.3,1013.24,0.0,12.61,2.4,5116.0,1.0,19.0,En Operación
2018-06-28 18:55:00,0.3,1013.25,0.0,12.6,2.4,5117.0,1.0,19.0,En Operación
2018-06-28 19:00:00,0.3,1013.25,0.0,12.6,2.4,5118.0,1.0,19.0,En Operación
2018-06-28 19:05:00,0.3,1013.25,0.0,12.6,2.4,5119.0,1.0,19.0,En Operación
2018-06-28 19:10:00,0.3,1013.25,0.0,12.59,2.2,5120.0,1.0,19.0,En Operación
2018-06-28 19:15:00,0.3,1013.25,0.0,12.58,2.0,5121.0,1.0,19.0,En Operación
2018-06-28 19:20:00,0.3,1013.25,0.0,12.56,1.8,5122.0,1.0,19.0,En Operación
2018-06-28 19:25:00,0.3,1013.25,0.0,12.55,1.6,5123.0,1.0,19.0,En Operación
2018-06-28 19:30:00,0.3,1013.25,0.0,12.55,1.6,5124.0,1.0,19.0,En Operación
2018-06-28 19:35:00,0.3,1013.25,0.0,12.55,1.6,5125.0,1.0,19.0,En Operación
2018-06-28 19:40:00,0.3,1013.26,0.0,12.56,1.6,5126.0,1.0,19.0,En Operación
2018-06-28 19:45:00,0.3,1013.28,0.0,12.58,1.6,5127.0,1.0,19.0,En Operación
2018-06-28 19:50:00,0.3,1013.29,0.0,12.59,1.6,5128.0,1.0,19.0,En Operación
2018-06-28 19:55:00,0.3,1013.3,0.0,12.6,1.6,5129.0,1.0,19.0,En Operación
2018-06-28 20:00:00,0.3,1013.3,0.0,12.6,1.6,5130.0,1.0,19.0,En Operación
2018-06-28 20:05:00,0.3,1013.3,0.0,12.6,1.6,5131.0,1.0,19.0,En Operación
2018-06-28 20:10:00,0.3,1013.35,0.0,12.54,1.8,5132.0,1.0,19.0,En Operación
2018-06-28 20:15:00,0.3,1013.4,0.0,12.48,2.0,5133.0,1.0,19.0,En Operación
2018-06-28 20:20:00,0.3,1013.45,0.0,12.41,2.2,5134.0,1.0,19.0,En Operación
2018-06-28 20:25:00,0.3,1013.5,0.0,12.35,2.4,5135.0,1.0,19.0,En Operación
2018-06-28 20:30:00,0.3,1013.5,0.0,12.35,2.4,5136.0,1.0,19.0,En Operación
2018-06-28 20:35:00,0.3,1013.5,0.0,12.35,2.4,5137.0,1.0,19.0,En Operación
2018-06-28 20:40:00,0.3,1013.51,0.0,12.38,2.6,5138.0,1.0,19.0,En Operación
2018-06-28 20:45:00,0.3,1013.52,0.0,12.4,2.8,5139.0,1.0,19.0,En Operación
2018-06-28 20:50:00,0.3,1013.54,0.0,12.42,3.0,5140.0,1.0,19.0,En Operación
2018-06-28 20:55:00,0.3,1013.55,0.0,12.45,3.2,5141.0,1.0,19.0,En Operación
2018-06-28 21:00:00,0.3,1013.55,0.0,12.45,3.2,5142.0,1.0,19.0,En Operación
2018-06-28 21:05:00,0.3,1013.55,0.0,12.45,3.2,5143.0,1.0,19.0,En Operación
2018-06-28 21:10:00,0.3,1013.59,0.0,12.5,3.0,5144.0,1.0,19.0,En Operación
2018-06-28 21:15:00,0.3,1013.62,0.0,12.55,2.8,5145.0,1.0,19.0,En Operación
2018-06-28 21:20:00,0.3,1013.66,0.0,12.6,2.6,5146.0,1.0,19.0,En Operación
2018-06-28 21:25:00,0.3,1013.7,0.0,12.65,2.4,5147.0,1.0,19.0,En Operación
2018-06-28 21:30:00,0.3,1013.7,0.0,12.65,2.4,5148.0,1.0,19.0,En Operación
2018-06-28 21:35:00,0.3,1013.7,0.0,12.65,2.4,5149.0,1.0,19.0,En Operación
2018-06-28 21:40:00,0.3,1013.65,0.0,12.66,2.6,5150.0,1.0,19.0,En Operación
2018-06-28 21:45:00,0.3,1013.6,0.0,12.68,2.8,5151.0,1.0,19.0,En Operación
2018-06-28 21:50:00,0.3,1013.55,0.0,12.69,3.0,5152.0,1.0,19.0,En Operación
2018-06-28 21:55:00,0.3,1013.5,0.0,12.7,3.2,5153.0,1.0,19.0,En Operación
2018-06-28 22:00:00,0.3,1013.5,0.0,12.7,3.2,5154.0,1.0,19.0,En Operación
2018-06-28 22:05:00,0.3,1013.5,0.0,12.7,3.2,5155.0,1.0,19.0,En Operación
2018-06-28 22:10:00,0.3,1013.42,0.0,12.75,2.8,5156.0,1.0,19.0,En Operación
2018-06-28 22:15:00,0.3,1013.35,0.0,12.8,2.4,5157.0,1.0,19.0,En Operación
2018-06-28 22:20:00,0.3,1013.28,0.0,12.85,2.0,5158.0,1.0,19.0,En Operación
2018-06-28 22:25:00,0.3,1013.2,0.0,12.9,1.6,5159.0,1.0,19.0,En Operación
2018-06-28 22:30:00,0.3,1013.2,0.0,12.9,1.6,5160.0,1.0,19.0,En Operación
2018-06-28 22:35:00,0.3,1013.2,0.0,12.9,1.6,5161.0,1.0,19.0,En Operación
2018-06-28 22:40:00,0.3,1013.21,0.0,12.9,1.6,5162.0,1.0,19.0,En Operación
2018-06-28 22:45:00,0.3,1013.22,0.0,12.9,1.6,5163.0,1.0,19.0,En Operación
2018-06-28 22:50:00,0.3,1013.24,0.0,12.9,1.6,5164.0,1.0,19.0,En Operación
2018-06-28 22:55:00,0.3,1013.25,0.0,12.9,1.6,5165.0,1.0,19.0,En Operación
2018-06-28 23:00:00,0.3,1013.25,0.0,12.9,1.6,5166.0,1.0,19.0,En Operación
2018-06-28 23:05:00,0.3,1013.25,0.0,12.9,1.6,5167.0,1.0,19.0,En Operación
2018-06-28 23:10:00,0.3,1013.26,0.0,12.91,1.6,5168.0,1.0,19.0,En Operación
2018-06-28 23:15:00,0.3,1013.28,0.0,12.92,1.6,5169.0,1.0,19.0,En Operación
2018-06-28 23:20:00,0.3,1013.29,0.0,12.94,1.6,5170.0,1.0,19.0,En Operación
2018-06-28 23:25:00,0.3,1013.3,0.0,12.95,1.6,5171.0,1.0,19.0,En Operación
2018-06-28 23:30:00,0.3,1013.3,0.0,12.95,1.6,5172.0,1.0,19.0,En Operación
2018-06-28 23:35:00,0.3,1013.3,0.0,12.95,1.6,5173.0,1.0,19.0,En Operación
2018-06-28 23:40:00,0.3,1013.3,0.0,12.92,2.0,5174.0,1.0,19.0,En Operación
2018-06-28 23:45:00,0.3,1013.3,0.0,12.9,2.4,5175.0,1.0,19.0,En Operación
2018-06-28 23:50:00,0.3,1013.3,0.0,12.88,2.8,5176.0,1.0,19.0,En Operación
2018-06-28 23:55:00,0.3,1013.3,0.0,12.85,3.2,5177.0,1.0,19.0,En Operación
2018-06-29 00:00:00,0.3,1013.3,0.0,12.85,3.2,5178.0,1.0,19.0,En Operación
2018-06-29 00:05:00,0.3,1013.3,0.0,12.85,3.2,5179.0,1.0,19.0,En Operación
2018-06-29 00:10:00,0.22,1013.32,0.0,12.84,3.0,5180.0,1.0,19.0,En Operación
2018-06-29 00:15:00,0.15,1013.35,0.0,12.82,2.8,5181.0,1.0,19.0,En Operación
2018-06-29 00:20:00,0.08,1013.38,0.0,12.81,2.6,5182.0,1.0,19.0,En Operación
2018-06-29 00:25:00,0.0,1013.4,0.0,12.8,2.4,5183.0,1.0,19.0,En Operación
2018-06-29 00:30:00,0.0,1013.4,0.0,12.8,2.4,5184.0,1.0,19.0,En Operación
2018-06-29 00:35:00,0.0,1013.4,0.0,12.8,2.4,5185.0,1.0,19.0,En Operación
2018-06-29 00:40:00,0.0,1013.35,0.0,12.79,2.2,5186.0,1.0,19.0,En Operación
2018-06-29 00:45:00,0.0,1013.3,0.0,12.78,2.0,5187.0,1.0,19.0,En Operación
2018-06-29 00:50:00,0.0,1013.25,0.0,12.76,1.8,5188.0,1.0,19.0,En Operación
2018-06-29 00:55:00,0.0,1013.2,0.0,12.75,1.6,5189.0,1.0,19.0,En Operación
2018-06-29 01:00:00,0.0,1013.2,0.0,12.75,1.6,5190.0,1.0,19.0,En Operación
2018-06-29 01:05:00,0.0,1013.2,0.0,12.75,1.6,5191.0,1.0,19.0,En Operación
2018-06-29 01:10:00,0.0,1013.1,0.0,12.75,1.6,5192.0,1.0,19.0,En Operación
2018-06-29 01:15:00,0.0,1013.0,0.0,12.75,1.6,5193.0,1.0,19.0,En Operación
2018-06-29 01:20:00,0.0,1012.9,0.0,12.75,1.6,5194.0,1.0,19.0,En Operación
2018-06-29 01:25:00,0.0,1012.8,0.0,12.75,1.6,5195.0,1.0,19.0,En Operación
2018-06-29 01:30:00,0.0,1012.8,0.0,12.75,1.6,5196.0,1.0,19.0,En Operación
2018-06-29 01:35:00,0.0,1012.8,0.0,12.75,1.6,5197.0,1.0,19.0,En Operación
2018-06-29 01:40:00,0.0,1012.86,0.0,12.75,1.6,5198.0,1.0,19.0,En Operación
2018-06-29 01:45:00,0.0,1012.92,0.0,12.75,1.6,5199.0,1.0,19.0,En Operación
2018-06-29 01:50:00,0.0,1012.99,0.0,12.75,1.6,5200.0,1.0,19.0,En Operación
2018-06-29 01:55:00,0.0,1013.05,0.0,12.75,1.6,5201.0,1.0,19.0,En Operación
2018-06-29 02:00:00,0.0,1013.05,0.0,12.75,1.6,5202.0,1.0,19.0,En Operación
2018-06-29 02:05:00,0.0,1013.05,0.0,12.75,1.6,5203.0,1.0,19.0,En Operación
2018-06-29 02:10:00,0.0,1013.15,0.0,12.76,1.4,5204.0,1.0,19.0,En Operación
2018-06-29 02:15:00,0.0,1013.25,0.0,12.78,1.2,5205.0,1.0,19.0,En Operación
2018-06-29 02:20:00,0.0,1013.35,0.0,12.79,1.0,5206.0,1.0,19.0,En Operación
2018-06-29 02:25:00,0.0,1013.45,0.0,12.8,0.8,5207.0,1.0,19.0,En Operación
2018-06-29 02:30:00,0.0,1013.45,0.0,12.8,0.8,5208.0,1.0,19.0,En Operación
2018-06-29 02:35:00,0.0,1013.45,0.0,12.8,0.8,5209.0,1.0,19.0,En Operación
2018-06-29 02:40:00,0.0,1013.42,0.0,12.8,0.8,5210.0,1.0,19.0,En Operación
2018-06-29 02:45:00,0.0,1013.4,0.0,12.8,0.8,5211.0,1.0,19.0,En Operación
2018-06-29 02:50:00,0.0,1013.38,0.0,12.8,0.8,5212.0,1.0,19.0,En Operación
2018-06-29 02:55:00,0.0,1013.35,0.0,12.8,0.8,5213.0,1.0,19.0,En Operación
2018-06-29 03:00:00,0.0,1013.35,0.0,12.8,0.8,5214.0,1.0,19.0,En Operación
2018-06-29 03:05:00,0.0,1013.35,0.0,12.8,0.8,5215.0,1.0,19.0,En Operación
2018-06-29 03:10:00,0.0,1013.32,0.0,12.8,0.6,5216.0,1.0,19.0,En Operación
2018-06-29 03:15:00,0.0,1013.3,0.0,12.8,0.4,5217.0,1.0,19.0,En Operación
2018-06-29 03:20:00,0.0,1013.28,0.0,12.8,0.2,5218.0,1.0,19.0,En Operación
2018-06-29 03:25:00,0.0,1013.25,0.0,12.8,0.0,5219.0,1.0,19.0,En Operación
2018-06-29 03:30:00,0.0,1013.25,0.0,12.8,0.0,5220.0,1.0,19.0,En Operación
2018-06-29 03:35:00,0.0,1013.25,0.0,12.8,0.0,5221.0,1.0,19.0,En Operación
2018-06-29 03:40:00,0.0,1013.24,0.0,12.8,0.0,5222.0,1.0,19.0,En Operación
2018-06-29 03:45:00,0.0,1013.22,0.0,12.8,0.0,5223.0,1.0,19.0,En Operación
2018-06-29 03:50:00,0.0,1013.21,0.0,12.8,0.0,5224.0,1.0,19.0,En Operación
2018-06-29 03:55:00,0.0,1013.2,0.0,12.8,0.0,5225.0,1.0,19.0,En Operación
2018-06-29 04:00:00,0.0,1013.2,0.0,12.8,0.0,5226.0,1.0,19.0,En Operación
2018-06-29 04:05:00,0.0,1013.2,0.0,12.8,0.0,5227.0,1.0,19.0,En Operación
2018-06-29 04:10:00,0.0,1013.21,0.0,12.74,0.0,5228.0,1.0,19.0,En Operación
2018-06-29 04:15:00,0.0,1013.22,0.0,12.68,0.0,5229.0,1.0,19.0,En Operación
2018-06-29 04:20:00,0.0,1013.24,0.0,12.61,0.0,5230.0,1.0,19.0,En Operación
2018-06-29 04:25:00,0.0,1013.25,0.0,12.55,0.0,5231.0,1.0,19.0,En Operación
2018-06-29 04:30:00,0.0,1013.25,0.0,12.55,0.0,5232.0,1.0,19.0,En Operación
2018-06-29 04:35:00,0.0,1013.25,0.0,12.55,0.0,5233.0,1.0,19.0,En Operación
2018-06-29 04:40:00,0.0,1013.21,0.0,12.55,0.0,5234.0,1.0,19.0,En Operación
2018-06-29 04:45:00,0.0,1013.18,0.0,12.55,0.0,5235.0,1.0,19.0,En Operación
2018-06-29 04:50:00,0.0,1013.14,0.0,12.55,0.0,5236.0,1.0,19.0,En Operación
2018-06-29 04:55:00,0.0,1013.1,0.0,12.55,0.0,5237.0,1.0,19.0,En Operación
2018-06-29 05:00:00,0.0,1013.1,0.0,12.55,0.0,5238.0,1.0,19.0,En Operación
2018-06-29 05:05:00,0.0,1013.1,0.0,12.55,0.0,5239.0,1.0,19.0,En Operación
2018-06-29 05:10:00,0.0,1013.08,0.0,12.51,0.0,5240.0,1.0,19.0,En Operación
2018-06-29 05:15:00,0.0,1013.05,0.0,12.48,0.0,5241.0,1.0,19.0,En Operación
2018-06-29 05:20:00,0.0,1013.02,0.0,12.44,0.0,5242.0,1.0,19.0,En Operación
2018-06-29 05:25:00,0.0,1013.0,0.0,12.4,0.0,5243.0,1.0,19.0,En Operación
2018-06-29 05:30:00,0.0,1013.0,0.0,12.4,0.0,5244.0,1.0,19.0,En Operación
2018-06-29 05:35:00,0.0,1013.0,0.0,12.4,0.0,5245.0,1.0,19.0,En Operación
2018-06-29 05:40:00,0.0,1012.99,0.0,12.42,0.0,5246.0,1.0,19.0,En Operación
2018-06-29 05:45:00,0.0,1012.98,0.0,12.45,0.0,5247.0,1.0,19.0,En Operación
2018-06-29 05:50:00,0.0,1012.96,0.0,12.48,0.0,5248.0,1.0,19.0,En Operación
2018-06-29 05:55:00,0.0,1012.95,0.0,12.5,0.0,5249.0,1.0,19.0,En Operación
2018-06-29 06:00:00,0.0,1012.95,0.0,12.5,0.0,5250.0,1.0,19.0,En Operación
2018-06-29 06:05:00,0.0,1012.95,0.0,12.5,0.0,5251.0,1.0,19.0,En Operación
2018-06-29 06:10:00,0.0,1012.99,0.0,12.49,0.0,5252.0,1.0,19.0,En Operación
2018-06-29 06:15:00,0.0,1013.03,0.0,12.48,0.0,5253.0,1.0,19.0,En Operación
2018-06-29 06:20:00,0.0,1013.06,0.0,12.46,0.0,5254.0,1.0,19.0,En Operación
2018-06-29 06:25:00,0.0,1013.1,0.0,12.45,0.0,5255.0,1.0,19.0,En Operación
2018-06-29 06:30:00,0.0,1013.1,0.0,12.45,0.0,5256.0,1.0,19.0,En Operación
2018-06-29 06:35:00,0.0,1013.1,0.0,12.45,0.0,5257.0,1.0,19.0,En Operación
2018-06-29 06:40:00,0.0,1013.08,0.0,12.46,0.0,5258.0,1.0,19.0,En Operación
2018-06-29 06:45:00,0.0,1013.05,0.0,12.48,0.0,5259.0,1.0,19.0,En Operación
2018-06-29 06:50:00,0.0,1013.02,0.0,12.49,0.0,5260.0,1.0,19.0,En Operación
2018-06-29 06:55:00,0.0,1013.0,0.0,12.5,0.0,5261.0,1.0,19.0,En Operación
2018-06-29 07:00:00,0.0,1013.0,0.0,12.5,0.0,5262.0,1.0,19.0,En Operación
2018-06-29 07:05:00,0.0,1013.0,0.0,12.5,0.0,5263.0,1.0,19.0,En Operación
2018-06-29 07:10:00,0.0,1013.02,0.0,12.48,0.0,5264.0,1.0,19.0,En Operación
2018-06-29 07:15:00,0.0,1013.05,0.0,12.45,0.0,5265.0,1.0,19.0,En Operación
2018-06-29 07:20:00,0.0,1013.08,0.0,12.42,0.0,5266.0,1.0,19.0,En Operación
2018-06-29 07:25:00,0.0,1013.1,0.0,12.4,0.0,5267.0,1.0,19.0,En Operación
2018-06-29 07:30:00,0.0,1013.1,0.0,12.4,0.0,5268.0,1.0,19.0,En Operación
2018-06-29 07:35:00,0.0,1013.1,0.0,12.4,0.0,5269.0,1.0,19.0,En Operación
2018-06-29 07:40:00,0.0,1013.2,0.0,12.38,0.0,5270.0,1.0,19.0,En Operación
2018-06-29 07:45:00,0.0,1013.3,0.0,12.35,0.0,5271.0,1.0,19.0,En Operación
2018-06-29 07:50:00,0.0,1013.4,0.0,12.32,0.0,5272.0,1.0,19.0,En Operación
2018-06-29 07:55:00,0.0,1013.5,0.0,12.3,0.0,5273.0,1.0,19.0,En Operación
2018-06-29 08:00:00,0.0,1013.5,0.0,12.3,0.0,5274.0,1.0,19.0,En Operación
2018-06-29 08:05:00,0.0,1013.5,0.0,12.3,0.0,5275.0,1.0,19.0,En Operación
2018-06-29 08:10:00,0.02,1013.66,0.0,12.28,0.2,5276.0,1.0,19.0,En Operación
2018-06-29 08:15:00,0.05,1013.82,0.0,12.25,0.4,5277.0,1.0,19.0,En Operación
2018-06-29 08:20:00,0.08,1013.99,0.0,12.22,0.6,5278.0,1.0,19.0,En Operación
2018-06-29 08:25:00,0.1,1014.15,0.0,12.2,0.8,5279.0,1.0,19.0,En Operación
2018-06-29 08:30:00,0.1,1014.15,0.0,12.2,0.8,5280.0,1.0,19.0,En Operación
2018-06-29 08:35:00,0.1,1014.15,0.0,12.2,0.8,5281.0,1.0,19.0,En Operación
2018-06-29 08:40:00,0.1,1014.19,0.0,12.2,0.8,5282.0,1.0,19.0,En Operación
2018-06-29 08:45:00,0.1,1014.22,0.0,12.2,0.8,5283.0,1.0,19.0,En Operación
2018-06-29 08:50:00,0.1,1014.26,0.0,12.2,0.8,5284.0,1.0,19.0,En Operación
2018-06-29 08:55:00,0.1,1014.3,0.0,12.2,0.8,5285.0,1.0,19.0,En Operación
2018-06-29 09:00:00,0.1,1014.3,0.0,12.2,0.8,5286.0,1.0,19.0,En Operación
2018-06-29 09:05:00,0.1,1014.3,0.0,12.2,0.8,5287.0,1.0,19.0,En Operación
2018-06-29 09:10:00,0.1,1014.36,0.0,12.3,0.6,5288.0,1.0,19.0,En Operación
2018-06-29 09:15:00,0.1,1014.42,0.0,12.4,0.4,5289.0,1.0,19.0,En Operación
2018-06-29 09:20:00,0.1,1014.49,0.0,12.5,0.2,5290.0,1.0,19.0,En Operación
2018-06-29 09:25:00,0.1,1014.55,0.0,12.6,0.0,5291.0,1.0,19.0,En Operación
2018-06-29 09:30:00,0.1,1014.55,0.0,12.6,0.0,5292.0,1.0,19.0,En Operación
2018-06-29 09:35:00,0.1,1014.55,0.0,12.6,0.0,5293.0,1.0,19.0,En Operación
2018-06-29 09:40:00,0.1,1014.52,0.0,12.9,0.6,5294.0,1.0,19.0,En Operación
2018-06-29 09:45:00,0.1,1014.5,0.0,13.2,1.2,5295.0,1.0,19.0,En Operación
2018-06-29 09:50:00,0.1,1014.48,0.0,13.5,1.8,5296.0,1.0,19.0,En Operación
2018-06-29 09:55:00,0.1,1014.45,0.0,13.8,2.4,5297.0,1.0,19.0,En Operación
2018-06-29 10:00:00,0.1,1014.45,0.0,13.8,2.4,5298.0,1.0,19.0,En Operación
2018-06-29 10:05:00,0.1,1014.45,0.0,13.8,2.4,5299.0,1.0,19.0,En Operación
2018-06-29 10:10:00,0.1,1014.49,0.0,13.99,3.61,5300.0,1.0,19.0,En Operación
2018-06-29 10:15:00,0.1,1014.53,0.0,14.18,4.82,5301.0,1.0,19.0,En Operación
2018-06-29 10:20:00,0.1,1014.56,0.0,14.36,6.04,5302.0,1.0,19.0,En Operación
2018-06-29 10:25:00,0.1,1014.6,0.0,14.55,7.25,5303.0,1.0,19.0,En Operación
2018-06-29 10:30:00,0.1,1014.6,0.0,14.55,7.25,5304.0,1.0,19.0,En Operación
2018-06-29 10:35:00,0.1,1014.6,0.0,14.55,7.25,5305.0,1.0,19.0,En Operación
2018-06-29 10:40:00,0.1,1014.56,0.0,14.75,6.44,5306.0,1.0,19.0,En Operación
2018-06-29 10:45:00,0.1,1014.53,0.0,14.95,5.62,5307.0,1.0,19.0,En Operación
2018-06-29 10:50:00,0.1,1014.49,0.0,15.15,4.81,5308.0,1.0,19.0,En Operación
2018-06-29 10:55:00,0.1,1014.45,0.0,15.35,4.0,5309.0,1.0,19.0,En Operación
2018-06-29 11:00:00,0.1,1014.45,0.0,15.35,4.0,5310.0,1.0,19.0,En Operación
2018-06-29 11:05:00,0.1,1014.45,0.0,15.35,4.0,5311.0,1.0,19.0,En Operación
2018-06-29 11:10:00,0.1,1014.42,0.0,15.46,3.8,5312.0,1.0,19.0,En Operación
2018-06-29 11:15:00,0.1,1014.4,0.0,15.58,3.6,5313.0,1.0,19.0,En Operación
2018-06-29 11:20:00,0.1,1014.38,0.0,15.69,3.4,5314.0,1.0,19.0,En Operación
2018-06-29 11:25:00,0.1,1014.35,0.0,15.8,3.2,5315.0,1.0,19.0,En Operación
2018-06-29 11:30:00,0.1,1014.35,0.0,15.8,3.2,5316.0,1.0,19.0,En Operación
2018-06-29 11:35:00,0.1,1014.35,0.0,15.8,3.2,5317.0,1.0,19.0,En Operación
2018-06-29 11:40:00,0.1,1014.31,0.0,15.9,3.2,5318.0,1.0,19.0,En Operación
2018-06-29 11:45:00,0.1,1014.28,0.0,16.0,3.2,5319.0,1.0,19.0,En Operación
2018-06-29 11:50:00,0.1,1014.24,0.0,16.1,3.2,5320.0,1.0,19.0,En Operación
2018-06-29 11:55:00,0.1,1014.2,0.0,16.2,3.2,5321.0,1.0,19.0,En Operación
2018-06-29 12:00:00,0.1,1014.2,0.0,16.2,3.2,5322.0,1.0,19.0,En Operación
2018-06-29 12:05:00,0.1,1014.2,0.0,16.2,3.2,5323.0,1.0,19.0,En Operación
2018-06-29 12:10:00,0.1,1014.16,0.0,16.45,3.4,5324.0,1.0,19.0,En Operación
2018-06-29 12:15:00,0.1,1014.12,0.0,16.7,3.6,5325.0,1.0,19.0,En Operación
2018-06-29 12:20:00,0.1,1014.09,0.0,16.95,3.8,5326.0,1.0,19.0,En Operación
2018-06-29 12:25:00,0.1,1014.05,0.0,17.2,4.0,5327.0,1.0,19.0,En Operación
2018-06-29 12:30:00,0.1,1014.05,0.0,17.2,4.0,5328.0,1.0,19.0,En Operación
2018-06-29 12:35:00,0.1,1014.05,0.0,17.2,4.0,5329.0,1.0,19.0,En Operación
2018-06-29 12:40:00,0.1,1014.0,0.0,17.32,4.0,5330.0,1.0,19.0,En Operación
2018-06-29 12:45:00,0.1,1013.95,0.0,17.45,4.0,5331.0,1.0,19.0,En Operación
2018-06-29 12:50:00,0.1,1013.9,0.0,17.58,4.0,5332.0,1.0,19.0,En Operación
2018-06-29 12:55:00,0.1,1013.85,0.0,17.7,4.0,5333.0,1.0,19.0,En Operación
2018-06-29 13:00:00,0.1,1013.85,0.0,17.7,4.0,5334.0,1.0,19.0,En Operación
2018-06-29 13:05:00,0.1,1013.85,0.0,17.7,4.0,5335.0,1.0,19.0,En Operación
2018-06-29 13:10:00,0.1,1013.81,0.0,17.9,3.6,5336.0,1.0,19.0,En Operación
2018-06-29 13:15:00,0.1,1013.78,0.0,18.1,3.2,5337.0,1.0,19.0,En Operación
2018-06-29 13:20:00,0.1,1013.74,0.0,18.3,2.8,5338.0,1.0,19.0,En Operación
2018-06-29 13:25:00,0.1,1013.7,0.0,18.5,2.4,5339.0,1.0,19.0,En Operación
2018-06-29 13:30:00,0.1,1013.7,0.0,18.5,2.4,5340.0,1.0,19.0,En Operación
2018-06-29 13:35:00,0.1,1013.7,0.0,18.5,2.4,5341.0,1.0,19.0,En Operación
2018-06-29 13:40:00,0.1,1013.69,0.0,18.56,2.4,5342.0,1.0,19.0,En Operación
2018-06-29 13:45:00,0.1,1013.68,0.0,18.62,2.4,5343.0,1.0,19.0,En Operación
2018-06-29 13:50:00,0.1,1013.66,0.0,18.69,2.4,5344.0,1.0,19.0,En Operación
2018-06-29 13:55:00,0.1,1013.65,0.0,18.75,2.4,5345.0,1.0,19.0,En Operación
2018-06-29 14:00:00,0.1,1013.65,0.0,18.75,2.4,5346.0,1.0,19.0,En Operación
2018-06-29 14:05:00,0.1,1013.65,0.0,18.75,2.4,5347.0,1.0,19.0,En Operación
2018-06-29 14:10:00,0.1,1013.59,0.0,18.54,2.4,5348.0,1.0,19.0,En Operación
2018-06-29 14:15:00,0.1,1013.52,0.0,18.32,2.4,5349.0,1.0,19.0,En Operación
2018-06-29 14:20:00,0.1,1013.46,0.0,18.11,2.4,5350.0,1.0,19.0,En Operación
2018-06-29 14:25:00,0.1,1013.4,0.0,17.9,2.4,5351.0,1.0,19.0,En Operación
2018-06-29 14:30:00,0.1,1013.4,0.0,17.9,2.4,5352.0,1.0,19.0,En Operación
2018-06-29 14:35:00,0.1,1013.4,0.0,17.9,2.4,5353.0,1.0,19.0,En Operación
2018-06-29 14:40:00,0.1,1013.39,0.0,17.89,2.4,5354.0,1.0,19.0,En Operación
2018-06-29 14:45:00,0.1,1013.38,0.0,17.88,2.4,5355.0,1.0,19.0,En Operación
2018-06-29 14:50:00,0.1,1013.36,0.0,17.86,2.4,5356.0,1.0,19.0,En Operación
2018-06-29 14:55:00,0.1,1013.35,0.0,17.85,2.4,5357.0,1.0,19.0,En Operación
2018-06-29 15:00:00,0.1,1013.35,0.0,17.85,2.4,5358.0,1.0,19.0,En Operación
2018-06-29 15:05:00,0.1,1013.35,0.0,17.85,2.4,5359.0,1.0,19.0,En Operación
2018-06-29 15:10:00,0.1,1013.31,0.0,17.69,2.2,5360.0,1.0,19.0,En Operación
2018-06-29 15:15:00,0.1,1013.28,0.0,17.52,2.0,5361.0,1.0,19.0,En Operación
2018-06-29 15:20:00,0.1,1013.24,0.0,17.36,1.8,5362.0,1.0,19.0,En Operación
2018-06-29 15:25:00,0.1,1013.2,0.0,17.2,1.6,5363.0,1.0,19.0,En Operación
2018-06-29 15:30:00,0.1,1013.2,0.0,17.2,1.6,5364.0,1.0,19.0,En Operación
2018-06-29 15:35:00,0.1,1013.2,0.0,17.2,1.6,5365.0,1.0,19.0,En Operación
2018-06-29 15:40:00,0.1,1013.19,0.0,17.15,1.4,5366.0,1.0,19.0,En Operación
2018-06-29 15:45:00,0.1,1013.18,0.0,17.1,1.2,5367.0,1.0,19.0,En Operación
2018-06-29 15:50:00,0.1,1013.16,0.0,17.05,1.0,5368.0,1.0,19.0,En Operación
2018-06-29 15:55:00,0.1,1013.15,0.0,17.0,0.8,5369.0,1.0,19.0,En Operación
2018-06-29 16:00:00,0.1,1013.15,0.0,17.0,0.8,5370.0,1.0,19.0,En Operación
2018-06-29 16:05:00,0.1,1013.15,0.0,17.0,0.8,5371.0,1.0,19.0,En Operación
2018-06-29 16:10:00,0.1,1013.16,0.0,16.81,0.8,5372.0,1.0,19.0,En Operación
2018-06-29 16:15:00,0.1,1013.18,0.0,16.62,0.8,5373.0,1.0,19.0,En Operación
2018-06-29 16:20:00,0.1,1013.19,0.0,16.44,0.8,5374.0,1.0,19.0,En Operación
2018-06-29 16:25:00,0.1,1013.2,0.0,16.25,0.8,5375.0,1.0,19.0,En Operación
2018-06-29 16:30:00,0.1,1013.2,0.0,16.25,0.8,5376.0,1.0,19.0,En Operación
2018-06-29 16:35:00,0.1,1013.2,0.0,16.25,0.8,5377.0,1.0,19.0,En Operación
2018-06-29 16:40:00,0.1,1013.21,0.0,16.21,0.8,5378.0,1.0,19.0,En Operación
2018-06-29 16:45:00,0.1,1013.22,0.0,16.18,0.8,5379.0,1.0,19.0,En Operación
2018-06-29 16:50:00,0.1,1013.24,0.0,16.14,0.8,5380.0,1.0,19.0,En Operación
2018-06-29 16:55:00,0.1,1013.25,0.0,16.1,0.8,5381.0,1.0,19.0,En Operación
2018-06-29 17:00:00,0.1,1013.25,0.0,16.1,0.8,5382.0,1.0,19.0,En Operación
2018-06-29 17:05:00,0.1,1013.25,0.0,16.1,0.8,5383.0,1.0,19.0,En Operación
2018-06-29 17:10:00,0.1,1013.31,0.0,15.95,0.6,5384.0,1.0,19.0,En Operación
2018-06-29 17:15:00,0.1,1013.38,0.0,15.8,0.4,5385.0,1.0,19.0,En Operación
2018-06-29 17:20:00,0.1,1013.44,0.0,15.65,0.2,5386.0,1.0,19.0,En Operación
2018-06-29 17:25:00,0.1,1013.5,0.0,15.5,0.0,5387.0,1.0,19.0,En Operación
2018-06-29 17:30:00,0.1,1013.5,0.0,15.5,0.0,5388.0,1.0,19.0,En Operación
2018-06-29 17:35:00,0.1,1013.5,0.0,15.5,0.0,5389.0,1.0,19.0,En Operación
2018-06-29 17:40:00,0.1,1013.55,0.0,15.38,0.0,5390.0,1.0,19.0,En Operación
2018-06-29 17:45:00,0.1,1013.6,0.0,15.25,0.0,5391.0,1.0,19.0,En Operación
2018-06-29 17:50:00,0.1,1013.65,0.0,15.12,0.0,5392.0,1.0,19.0,En Operación
2018-06-29 17:55:00,0.1,1013.7,0.0,15.0,0.0,5393.0,1.0,19.0,En Operación
2018-06-29 18:00:00,0.1,1013.7,0.0,15.0,0.0,5394.0,1.0,19.0,En Operación
2018-06-29 18:05:00,0.1,1013.7,0.0,15.0,0.0,5395.0,1.0,19.0,En Operación
2018-06-29 18:10:00,0.1,1013.79,0.0,14.79,0.0,5396.0,1.0,19.0,En Operación
2018-06-29 18:15:00,0.1,1013.88,0.0,14.58,0.0,5397.0,1.0,19.0,En Operación
2018-06-29 18:20:00,0.1,1013.96,0.0,14.36,0.0,5398.0,1.0,19.0,En Operación
2018-06-29 18:25:00,0.1,1014.05,0.0,14.15,0.0,5399.0,1.0,19.0,En Operación
2018-06-29 18:30:00,0.1,1014.05,0.0,14.15,0.0,5400.0,1.0,19.0,En Operación
2018-06-29 18:35:00,0.1,1014.05,0.0,14.15,0.0,5401.0,1.0,19.0,En Operación
2018-06-29 18:40:00,0.1,1014.05,0.0,14.16,0.0,5402.0,1.0,19.0,En Operación
2018-06-29 18:45:00,0.1,1014.05,0.0,14.18,0.0,5403.0,1.0,19.0,En Operación
2018-06-29 18:50:00,0.1,1014.05,0.0,14.19,0.0,5404.0,1.0,19.0,En Operación
2018-06-29 18:55:00,0.1,1014.05,0.0,14.2,0.0,5405.0,1.0,19.0,En Operación
2018-06-29 19:00:00,0.1,1014.05,0.0,14.2,0.0,5406.0,1.0,19.0,En Operación
2018-06-29 19:05:00,0.1,1014.05,0.0,14.2,0.0,5407.0,1.0,19.0,En Operación
2018-06-29 19:10:00,0.1,1014.09,0.0,14.06,0.0,5408.0,1.0,19.0,En Operación
2018-06-29 19:15:00,0.1,1014.12,0.0,13.92,0.0,5409.0,1.0,19.0,En Operación
2018-06-29 19:20:00,0.1,1014.16,0.0,13.79,0.0,5410.0,1.0,19.0,En Operación
2018-06-29 19:25:00,0.1,1014.2,0.0,13.65,0.0,5411.0,1.0,19.0,En Operación
2018-06-29 19:30:00,0.1,1014.2,0.0,13.65,0.0,5412.0,1.0,19.0,En Operación
2018-06-29 19:35:00,0.1,1014.2,0.0,13.65,0.0,5413.0,1.0,19.0,En Operación
2018-06-29 19:40:00,0.1,1014.2,0.0,13.62,0.0,5414.0,1.0,19.0,En Operación
2018-06-29 19:45:00,0.1,1014.2,0.0,13.6,0.0,5415.0,1.0,19.0,En Operación
2018-06-29 19:50:00,0.1,1014.2,0.0,13.58,0.0,5416.0,1.0,19.0,En Operación
2018-06-29 19:55:00,0.1,1014.2,0.0,13.55,0.0,5417.0,1.0,19.0,En Operación
2018-06-29 20:00:00,0.1,1014.2,0.0,13.55,0.0,5418.0,1.0,19.0,En Operación
2018-06-29 20:05:00,0.1,1014.2,0.0,13.55,0.0,5419.0,1.0,19.0,En Operación
2018-06-29 20:10:00,0.1,1014.25,0.0,13.48,0.0,5420.0,1.0,19.0,En Operación
2018-06-29 20:15:00,0.1,1014.3,0.0,13.4,0.0,5421.0,1.0,19.0,En Operación
2018-06-29 20:20:00,0.1,1014.35,0.0,13.32,0.0,5422.0,1.0,19.0,En Operación
2018-06-29 20:25:00,0.1,1014.4,0.0,13.25,0.0,5423.0,1.0,19.0,En Operación
2018-06-29 20:30:00,0.1,1014.4,0.0,13.25,0.0,5424.0,1.0,19.0,En Operación
2018-06-29 20:35:00,0.1,1014.4,0.0,13.25,0.0,5425.0,1.0,19.0,En Operación
2018-06-29 20:40:00,0.1,1014.41,0.0,13.21,0.0,5426.0,1.0,19.0,En Operación
2018-06-29 20:45:00,0.1,1014.42,0.0,13.18,0.0,5427.0,1.0,19.0,En Operación
2018-06-29 20:50:00,0.1,1014.44,0.0,13.14,0.0,5428.0,1.0,19.0,En Operación
2018-06-29 20:55:00,0.1,1014.45,0.0,13.1,0.0,5429.0,1.0,19.0,En Operación
2018-06-29 21:00:00,0.1,1014.45,0.0,13.1,0.0,5430.0,1.0,19.0,En Operación
2018-06-29 21:05:00,0.1,1014.45,0.0,13.1,0.0,5431.0,1.0,19.0,En Operación
2018-06-29 21:10:00,0.1,1014.41,0.0,13.01,0.0,5432.0,1.0,19.0,En Operación
2018-06-29 21:15:00,0.1,1014.38,0.0,12.92,0.0,5433.0,1.0,19.0,En Operación
2018-06-29 21:20:00,0.1,1014.34,0.0,12.84,0.0,5434.0,1.0,19.0,En Operación
2018-06-29 21:25:00,0.1,1014.3,0.0,12.75,0.0,5435.0,1.0,19.0,En Operación
2018-06-29 21:30:00,0.1,1014.3,0.0,12.75,0.0,5436.0,1.0,19.0,En Operación
2018-06-29 21:35:00,0.1,1014.3,0.0,12.75,0.0,5437.0,1.0,19.0,En Operación
2018-06-29 21:40:00,0.1,1014.3,0.0,12.7,0.0,5438.0,1.0,19.0,En Operación
2018-06-29 21:45:00,0.1,1014.3,0.0,12.65,0.0,5439.0,1.0,19.0,En Operación
2018-06-29 21:50:00,0.1,1014.3,0.0,12.6,0.0,5440.0,1.0,19.0,En Operación
2018-06-29 21:55:00,0.1,1014.3,0.0,12.55,0.0,5441.0,1.0,19.0,En Operación
2018-06-29 22:00:00,0.1,1014.3,0.0,12.55,0.0,5442.0,1.0,19.0,En Operación
2018-06-29 22:05:00,0.1,1014.3,0.0,12.55,0.0,5443.0,1.0,19.0,En Operación
2018-06-29 22:10:00,0.1,1014.29,0.0,12.38,0.0,5444.0,1.0,19.0,En Operación
2018-06-29 22:15:00,0.1,1014.28,0.0,12.2,0.0,5445.0,1.0,19.0,En Operación
2018-06-29 22:20:00,0.1,1014.26,0.0,12.02,0.0,5446.0,1.0,19.0,En Operación
2018-06-29 22:25:00,0.1,1014.25,0.0,11.85,0.0,5447.0,1.0,19.0,En Operación
2018-06-29 22:30:00,0.1,1014.25,0.0,11.85,0.0,5448.0,1.0,19.0,En Operación
2018-06-29 22:35:00,0.1,1014.25,0.0,11.85,0.0,5449.0,1.0,19.0,En Operación
2018-06-29 22:40:00,0.1,1014.26,0.0,11.8,0.0,5450.0,1.0,19.0,En Operación
2018-06-29 22:45:00,0.1,1014.28,0.0,11.75,0.0,5451.0,1.0,19.0,En Operación
2018-06-29 22:50:00,0.1,1014.29,0.0,11.7,0.0,5452.0,1.0,19.0,En Operación
2018-06-29 22:55:00,0.1,1014.3,0.0,11.65,0.0,5453.0,1.0,19.0,En Operación
2018-06-29 23:00:00,0.1,1014.3,0.0,11.65,0.0,5454.0,1.0,19.0,En Operación
2018-06-29 23:05:00,0.1,1014.3,0.0,11.65,0.0,5455.0,1.0,19.0,En Operación
2018-06-29 23:10:00,0.1,1014.34,0.0,11.6,0.0,5456.0,1.0,19.0,En Operación
2018-06-29 23:15:00,0.1,1014.38,0.0,11.55,0.0,5457.0,1.0,19.0,En Operación
2018-06-29 23:20:00,0.1,1014.41,0.0,11.5,0.0,5458.0,1.0,19.0,En Operación
2018-06-29 23:25:00,0.1,1014.45,0.0,11.45,0.0,5459.0,1.0,19.0,En Operación
2018-06-29 23:30:00,0.1,1014.45,0.0,11.45,0.0,5460.0,1.0,19.0,En Operación
2018-06-29 23:35:00,0.1,1014.45,0.0,11.45,0.0,5461.0,1.0,19.0,En Operación
2018-06-29 23:40:00,0.1,1014.41,0.0,11.41,0.0,5462.0,1.0,19.0,En Operación
2018-06-29 23:45:00,0.1,1014.38,0.0,11.38,0.0,5463.0,1.0,19.0,En Operación
2018-06-29 23:50:00,0.1,1014.34,0.0,11.34,0.0,5464.0,1.0,19.0,En Operación
2018-06-29 23:55:00,0.1,1014.3,0.0,11.3,0.0,5465.0,1.0,19.0,En Operación
2018-06-30 00:00:00,0.1,1014.3,0.0,11.3,0.0,5466.0,1.0,19.0,En Operación
2018-06-30 00:05:00,0.1,1014.3,0.0,11.3,0.0,5467.0,1.0,19.0,En Operación
2018-06-30 00:10:00,0.1,1014.25,0.0,11.21,0.0,5468.0,1.0,19.0,En Operación
2018-06-30 00:15:00,0.1,1014.2,0.0,11.12,0.0,5469.0,1.0,19.0,En Operación
2018-06-30 00:20:00,0.1,1014.15,0.0,11.04,0.0,5470.0,1.0,19.0,En Operación
2018-06-30 00:25:00,0.1,1014.1,0.0,10.95,0.0,5471.0,1.0,19.0,En Operación
2018-06-30 00:30:00,0.1,1014.1,0.0,10.95,0.0,5472.0,1.0,19.0,En Operación
2018-06-30 00:35:00,0.1,1014.1,0.0,10.95,0.0,5473.0,1.0,19.0,En Operación
2018-06-30 00:40:00,0.1,1014.11,0.0,10.91,0.0,5474.0,1.0,19.0,En Operación
2018-06-30 00:45:00,0.1,1014.12,0.0,10.88,0.0,5475.0,1.0,19.0,En Operación
2018-06-30 00:50:00,0.1,1014.14,0.0,10.84,0.0,5476.0,1.0,19.0,En Operación
2018-06-30 00:55:00,0.1,1014.15,0.0,10.8,0.0,5477.0,1.0,19.0,En Operación
2018-06-30 01:00:00,0.1,1014.15,0.0,10.8,0.0,5478.0,1.0,19.0,En Operación
2018-06-30 01:05:00,0.1,1014.15,0.0,10.8,0.0,5479.0,1.0,19.0,En Operación
2018-06-30 01:10:00,0.08,1014.16,0.0,10.69,0.0,5480.0,1.0,19.0,En Operación
2018-06-30 01:15:00,0.05,1014.18,0.0,10.58,0.0,5481.0,1.0,19.0,En Operación
2018-06-30 01:20:00,0.02,1014.19,0.0,10.46,0.0,5482.0,1.0,19.0,En Operación
2018-06-30 01:25:00,0.0,1014.2,0.0,10.35,0.0,5483.0,1.0,19.0,En Operación
2018-06-30 01:30:00,0.0,1014.2,0.0,10.35,0.0,5484.0,1.0,19.0,En Operación
2018-06-30 01:35:00,0.0,1014.2,0.0,10.35,0.0,5485.0,1.0,19.0,En Operación
2018-06-30 01:40:00,0.0,1014.21,0.0,10.38,0.0,5486.0,1.0,19.0,En Operación
2018-06-30 01:45:00,0.0,1014.22,0.0,10.4,0.0,5487.0,1.0,19.0,En Operación
2018-06-30 01:50:00,0.0,1014.24,0.0,10.42,0.0,5488.0,1.0,19.0,En Operación
2018-06-30 01:55:00,0.0,1014.25,0.0,10.45,0.0,5489.0,1.0,19.0,En Operación
2018-06-30 02:00:00,0.0,1014.25,0.0,10.45,0.0,,,,
2018-06-30 02:05:00,0.0,1014.25,0.0,10.45,0.0,,,,
2018-06-30 02:10:00,0.0,1014.22,0.0,10.54,0.4,,,,
2018-06-30 02:15:00,0.0,1014.2,0.0,10.62,0.8,,,,
2018-06-30 02:20:00,0.0,1014.18,0.0,10.71,1.2,,,,
2018-06-30 02:25:00,0.0,1014.15,0.0,10.8,1.6,,,,
2018-06-30 02:30:00,0.0,1014.15,0.0,10.8,1.6,,,,
2018-06-30 02:35:00,0.0,1014.15,0.0,10.8,1.6,,,,
2018-06-30 02:40:00,0.0,1014.16,0.0,10.81,1.6,,,,
2018-06-30 02:45:00,0.0,1014.18,0.0,10.82,1.6,,,,
2018-06-30 02:50:00,0.0,1014.19,0.0,10.84,1.6,,,,
2018-06-30 02:55:00,0.0,1014.2,0.0,10.85,1.6,,,,
2018-06-30 03:00:00,0.0,1014.2,0.0,10.85,1.6,5502.0,1.0,19.0,En Operación
2018-06-30 03:05:00,0.0,1014.2,0.0,10.85,1.6,5503.0,1.0,19.0,En Operación
2018-06-30 03:10:00,0.0,1014.18,0.0,10.95,1.4,5504.0,1.0,19.0,En Operación
2018-06-30 03:15:00,0.0,1014.15,0.0,11.05,1.2,5505.0,1.0,19.0,En Operación
2018-06-30 03:20:00,0.0,1014.12,0.0,11.15,1.0,5506.0,1.0,19.0,En Operación
2018-06-30 03:25:00,0.0,1014.1,0.0,11.25,0.8,5507.0,1.0,19.0,En Operación
2018-06-30 03:30:00,0.0,1014.1,0.0,11.25,0.8,5508.0,1.0,19.0,En Operación
2018-06-30 03:35:00,0.0,1014.1,0.0,11.25,0.8,5509.0,1.0,19.0,En Operación
2018-06-30 03:40:00,0.0,1014.1,0.0,11.24,1.4,5510.0,1.0,19.0,En Operación
2018-06-30 03:45:00,0.0,1014.1,0.0,11.22,2.0,5511.0,1.0,19.0,En Operación
2018-06-30 03:50:00,0.0,1014.1,0.0,11.21,2.6,5512.0,1.0,19.0,En Operación
2018-06-30 03:55:00,0.0,1014.1,0.0,11.2,3.2,5513.0,1.0,19.0,En Operación
2018-06-30 04:00:00,0.0,1014.1,0.0,11.2,3.2,5514.0,1.0,19.0,En Operación
2018-06-30 04:05:00,0.0,1014.1,0.0,11.2,3.2,5515.0,1.0,19.0,En Operación
2018-06-30 04:10:00,0.0,1014.05,0.0,11.1,3.4,5516.0,1.0,19.0,En Operación
2018-06-30 04:15:00,0.0,1014.0,0.0,11.0,3.6,5517.0,1.0,19.0,En Operación
2018-06-30 04:20:00,0.0,1013.95,0.0,10.9,3.8,5518.0,1.0,19.0,En Operación
2018-06-30 04:25:00,0.0,1013.9,0.0,10.8,4.0,5519.0,1.0,19.0,En Operación
2018-06-30 04:30:00,0.0,1013.9,0.0,10.8,4.0,5520.0,1.0,19.0,En Operación
2018-06-30 04:35:00,0.0,1013.9,0.0,10.8,4.0,5521.0,1.0,19.0,En Operación
2018-06-30 04:40:00,0.0,1013.88,0.0,10.76,3.4,5522.0,1.0,19.0,En Operación
2018-06-30 04:45:00,0.0,1013.85,0.0,10.73,2.8,5523.0,1.0,19.0,En Operación
2018-06-30 04:50:00,0.0,1013.82,0.0,10.69,2.2,5524.0,1.0,19.0,En Operación
2018-06-30 04:55:00,0.0,1013.8,0.0,10.65,1.6,5525.0,1.0,19.0,En Operación
2018-06-30 05:00:00,0.0,1013.8,0.0,10.65,1.6,5526.0,1.0,19.0,En Operación
2018-06-30 05:05:00,0.0,1013.8,0.0,10.65,1.6,5527.0,1.0,19.0,En Operación
2018-06-30 05:10:00,0.0,1013.78,0.0,10.66,1.4,5528.0,1.0,19.0,En Operación
2018-06-30 05:15:00,0.0,1013.75,0.0,10.68,1.2,5529.0,1.0,19.0,En Operación
2018-06-30 05:20:00,0.0,1013.72,0.0,10.69,1.0,5530.0,1.0,19.0,En Operación
2018-06-30 05:25:00,0.0,1013.7,0.0,10.7,0.8,5531.0,1.0,19.0,En Operación
2018-06-30 05:30:00,0.0,1013.7,0.0,10.7,0.8,5532.0,1.0,19.0,En Operación
2018-06-30 05:35:00,0.0,1013.7,0.0,10.7,0.8,5533.0,1.0,19.0,En Operación
2018-06-30 05:40:00,0.0,1013.68,0.0,10.7,0.8,5534.0,1.0,19.0,En Operación
2018-06-30 05:45:00,0.0,1013.65,0.0,10.7,0.8,5535.0,1.0,19.0,En Operación
2018-06-30 05:50:00,0.0,1013.62,0.0,10.7,0.8,5536.0,1.0,19.0,En Operación
2018-06-30 05:55:00,0.0,1013.6,0.0,10.7,0.8,5537.0,1.0,19.0,En Operación
2018-06-30 06:00:00,0.0,1013.6,0.0,10.7,0.8,5538.0,1.0,19.0,En Operación
2018-06-30 06:05:00,0.0,1013.6,0.0,10.7,0.8,5539.0,1.0,19.0,En Operación
2018-06-30 06:10:00,0.0,1013.6,0.0,10.71,0.6,5540.0,1.0,19.0,En Operación
2018-06-30 06:15:00,0.0,1013.6,0.0,10.72,0.4,5541.0,1.0,19.0,En Operación
2018-06-30 06:20:00,0.0,1013.6,0.0,10.74,0.2,5542.0,1.0,19.0,En Operación
2018-06-30 06:25:00,0.0,1013.6,0.0,10.75,0.0,5543.0,1.0,19.0,En Operación
2018-06-30 06:30:00,0.0,1013.6,0.0,10.75,0.0,5544.0,1.0,19.0,En Operación
2018-06-30 06:35:00,0.0,1013.6,0.0,10.75,0.0,5545.0,1.0,19.0,En Operación
2018-06-30 06:40:00,0.0,1013.64,0.0,10.78,0.6,5546.0,1.0,19.0,En Operación
2018-06-30 06:45:00,0.0,1013.68,0.0,10.8,1.2,5547.0,1.0,19.0,En Operación
2018-06-30 06:50:00,0.0,1013.71,0.0,10.82,1.8,5548.0,1.0,19.0,En Operación
2018-06-30 06:55:00,0.0,1013.75,0.0,10.85,2.4,5549.0,1.0,19.0,En Operación
2018-06-30 07:00:00,0.0,1013.75,0.0,10.85,2.4,5550.0,1.0,19.0,En Operación
2018-06-30 07:05:00,0.0,1013.75,0.0,10.85,2.4,5551.0,1.0,19.0,En Operación
2018-06-30 07:10:00,0.0,1013.84,0.0,10.88,1.8,5552.0,1.0,19.0,En Operación
2018-06-30 07:15:00,0.0,1013.92,0.0,10.9,1.2,5553.0,1.0,19.0,En Operación
2018-06-30 07:20:00,0.0,1014.01,0.0,10.92,0.6,5554.0,1.0,19.0,En Operación
2018-06-30 07:25:00,0.0,1014.1,0.0,10.95,0.0,5555.0,1.0,19.0,En Operación
2018-06-30 07:30:00,0.0,1014.1,0.0,10.95,0.0,5556.0,1.0,19.0,En Operación
2018-06-30 07:35:00,0.0,1014.1,0.0,10.95,0.0,5557.0,1.0,19.0,En Operación
2018-06-30 07:40:00,0.0,1014.14,0.0,10.95,0.4,5558.0,1.0,19.0,En Operación
2018-06-30 07:45:00,0.0,1014.18,0.0,10.95,0.8,5559.0,1.0,19.0,En Operación
2018-06-30 07:50:00,0.0,1014.21,0.0,10.95,1.2,5560.0,1.0,19.0,En Operación
2018-06-30 07:55:00,0.0,1014.25,0.0,10.95,1.6,5561.0,1.0,19.0,En Operación
2018-06-30 08:00:00,0.0,1014.25,0.0,10.95,1.6,5562.0,1.0,19.0,En Operación
2018-06-30 08:05:00,0.0,1014.25,0.0,10.95,1.6,5563.0,1.0,19.0,En Operación
2018-06-30 08:10:00,0.0,1014.38,0.0,10.99,1.8,5564.0,1.0,19.0,En Operación
2018-06-30 08:15:00,0.0,1014.5,0.0,11.02,2.0,5565.0,1.0,19.0,En Operación
2018-06-30 08:20:00,0.0,1014.62,0.0,11.06,2.2,5566.0,1.0,19.0,En Operación
2018-06-30 08:25:00,0.0,1014.75,0.0,11.1,2.4,5567.0,1.0,19.0,En Operación
2018-06-30 08:30:00,0.0,1014.75,0.0,11.1,2.4,5568.0,1.0,19.0,En Operación
2018-06-30 08:35:00,0.0,1014.75,0.0,11.1,2.4,5569.0,1.0,19.0,En Operación
2018-06-30 08:40:00,0.0,1014.76,0.0,11.14,2.2,5570.0,1.0,19.0,En Operación
2018-06-30 08:45:00,0.0,1014.78,0.0,11.18,2.0,5571.0,1.0,19.0,En Operación
2018-06-30 08:50:00,0.0,1014.79,0.0,11.21,1.8,5572.0,1.0,19.0,En Operación
2018-06-30 08:55:00,0.0,1014.8,0.0,11.25,1.6,5573.0,1.0,19.0,En Operación
2018-06-30 09:00:00,0.0,1014.8,0.0,11.25,1.6,5574.0,1.0,19.0,En Operación
2018-06-30 09:05:00,0.0,1014.8,0.0,11.25,1.6,5575.0,1.0,19.0,En Operación
2018-06-30 09:10:00,0.0,1014.91,0.0,11.28,1.4,5576.0,1.0,19.0,En Operación
2018-06-30 09:15:00,0.0,1015.02,0.0,11.3,1.2,5577.0,1.0,19.0,En Operación
2018-06-30 09:20:00,0.0,1015.14,0.0,11.32,1.0,5578.0,1.0,19.0,En Operación
2018-06-30 09:25:00,0.0,1015.25,0.0,11.35,0.8,5579.0,1.0,19.0,En Operación
2018-06-30 09:30:00,0.0,1015.25,0.0,11.35,0.8,5580.0,1.0,19.0,En Operación
2018-06-30 09:35:00,0.0,1015.25,0.0,11.35,0.8,5581.0,1.0,19.0,En Operación
2018-06-30 09:40:00,0.0,1015.32,0.0,11.42,0.6,5582.0,1.0,19.0,En Operación
2018-06-30 09:45:00,0.0,1015.4,0.0,11.5,0.4,5583.0,1.0,19.0,En Operación
2018-06-30 09:50:00,0.0,1015.47,0.0,11.58,0.2,5584.0,1.0,19.0,En Operación
2018-06-30 09:55:00,0.0,1015.55,0.0,11.65,0.0,5585.0,1.0,19.0,En Operación
2018-06-30 10:00:00,0.0,1015.55,0.0,11.65,0.0,5586.0,1.0,19.0,En Operación
2018-06-30 10:05:00,0.0,1015.55,0.0,11.65,0.0,5587.0,1.0,19.0,En Operación
2018-06-30 10:10:00,0.0,1015.58,0.0,11.72,0.0,5588.0,1.0,19.0,En Operación
2018-06-30 10:15:00,0.0,1015.6,0.0,11.8,0.0,5589.0,1.0,19.0,En Operación
2018-06-30 10:20:00,0.0,1015.62,0.0,11.88,0.0,5590.0,1.0,19.0,En Operación
2018-06-30 10:25:00,0.0,1015.65,0.0,11.95,0.0,5591.0,1.0,19.0,En Operación
2018-06-30 10:30:00,0.0,1015.65,0.0,11.95,0.0,5592.0,1.0,19.0,En Operación
2018-06-30 10:35:00,0.0,1015.65,0.0,11.95,0.0,5593.0,1.0,19.0,En Operación
2018-06-30 10:40:00,0.0,1015.59,0.0,11.95,1.0,5594.0,1.0,19.0,En Operación
2018-06-30 10:45:00,0.0,1015.52,0.0,11.95,2.0,5595.0,1.0,19.0,En Operación
2018-06-30 10:50:00,0.0,1015.46,0.0,11.95,3.0,5596.0,1.0,19.0,En Operación
2018-06-30 10:55:00,0.0,1015.4,0.0,11.95,4.0,5597.0,1.0,19.0,En Operación
2018-06-30 11:00:00,0.0,1015.4,0.0,11.95,4.0,5598.0,1.0,19.0,En Operación
2018-06-30 11:05:00,0.0,1015.4,0.0,11.95,4.0,5599.0,1.0,19.0,En Operación
2018-06-30 11:10:00,0.0,1015.39,0.0,11.91,5.01,5600.0,1.0,19.0,En Operación
2018-06-30 11:15:00,0.0,1015.38,0.0,11.88,6.02,5601.0,1.0,19.0,En Operación
2018-06-30 11:20:00,0.0,1015.36,0.0,11.84,7.04,5602.0,1.0,19.0,En Operación
2018-06-30 11:25:00,0.0,1015.35,0.0,11.8,8.05,5603.0,1.0,19.0,En Operación
2018-06-30 11:30:00,0.0,1015.35,0.0,11.8,8.05,5604.0,1.0,19.0,En Operación
2018-06-30 11:35:00,0.0,1015.35,0.0,11.8,8.05,5605.0,1.0,19.0,En Operación
2018-06-30 11:40:00,0.0,1015.29,0.0,11.78,7.04,5606.0,1.0,19.0,En Operación
2018-06-30 11:45:00,0.0,1015.22,0.0,11.75,6.02,5607.0,1.0,19.0,En Operación
2018-06-30 11:50:00,0.0,1015.16,0.0,11.72,5.01,5608.0,1.0,19.0,En Operación
2018-06-30 11:55:00,0.0,1015.1,0.0,11.7,4.0,5609.0,1.0,19.0,En Operación
2018-06-30 12:00:00,0.0,1015.1,0.0,11.7,4.0,5610.0,1.0,19.0,En Operación
2018-06-30 12:05:00,0.0,1015.1,0.0,11.7,4.0,5611.0,1.0,19.0,En Operación
2018-06-30 12:10:00,0.0,1015.01,0.0,11.72,3.6,5612.0,1.0,19.0,En Operación
2018-06-30 12:15:00,0.0,1014.92,0.0,11.75,3.2,5613.0,1.0,19.0,En Operación
2018-06-30 12:20:00,0.0,1014.84,0.0,11.78,2.8,5614.0,1.0,19.0,En Operación
2018-06-30 12:25:00,0.0,1014.75,0.0,11.8,2.4,5615.0,1.0,19.0,En Operación
2018-06-30 12:30:00,0.0,1014.75,0.0,11.8,2.4,5616.0,1.0,19.0,En Operación
2018-06-30 12:35:00,0.0,1014.75,0.0,11.8,2.4,5617.0,1.0,19.0,En Operación
2018-06-30 12:40:00,0.0,1014.7,0.0,11.78,2.6,5618.0,1.0,19.0,En Operación
2018-06-30 12:45:00,0.0,1014.65,0.0,11.75,2.8,5619.0,1.0,19.0,En Operación
2018-06-30 12:50:00,0.0,1014.6,0.0,11.72,3.0,5620.0,1.0,19.0,En Operación
2018-06-30 12:55:00,0.0,1014.55,0.0,11.7,3.2,5621.0,1.0,19.0,En Operación
2018-06-30 13:00:00,0.0,1014.55,0.0,11.7,3.2,5622.0,1.0,19.0,En Operación
2018-06-30 13:05:00,0.0,1014.55,0.0,11.7,3.2,5623.0,1.0,19.0,En Operación
2018-06-30 13:10:00,0.0,1014.41,0.0,11.69,3.4,5624.0,1.0,19.0,En Operación
2018-06-30 13:15:00,0.0,1014.28,0.0,11.68,3.6,5625.0,1.0,19.0,En Operación
2018-06-30 13:20:00,0.0,1014.14,0.0,11.66,3.8,5626.0,1.0,19.0,En Operación
2018-06-30 13:25:00,0.0,1014.0,0.0,11.65,4.0,5627.0,1.0,19.0,En Operación
2018-06-30 13:30:00,0.0,1014.0,0.0,11.65,4.0,5628.0,1.0,19.0,En Operación
2018-06-30 13:35:00,0.0,1014.0,0.0,11.65,4.0,5629.0,1.0,19.0,En Operación
2018-06-30 13:40:00,0.0,1013.95,0.0,11.64,3.6,5630.0,1.0,19.0,En Operación
2018-06-30 13:45:00,0.0,1013.9,0.0,11.62,3.2,5631.0,1.0,19.0,En Operación
2018-06-30 13:50:00,0.0,1013.85,0.0,11.61,2.8,5632.0,1.0,19.0,En Operación
2018-06-30 13:55:00,0.0,1013.8,0.0,11.6,2.4,5633.0,1.0,19.0,En Operación
2018-06-30 14:00:00,0.0,1013.8,0.0,11.6,2.4,5634.0,1.0,19.0,En Operación
2018-06-30 14:05:00,0.0,1013.8,0.0,11.6,2.4,5635.0,1.0,19.0,En Operación
2018-06-30 14:10:00,0.0,1013.7,0.0,11.62,2.4,5636.0,1.0,19.0,En Operación
2018-06-30 14:15:00,0.0,1013.6,0.0,11.65,2.4,5637.0,1.0,19.0,En Operación
2018-06-30 14:20:00,0.0,1013.5,0.0,11.68,2.4,5638.0,1.0,19.0,En Operación
2018-06-30 14:25:00,0.0,1013.4,0.0,11.7,2.4,5639.0,1.0,19.0,En Operación
2018-06-30 14:30:00,0.0,1013.4,0.0,11.7,2.4,5640.0,1.0,19.0,En Operación
2018-06-30 14:35:00,0.0,1013.4,0.0,11.7,2.4,5641.0,1.0,19.0,En Operación
2018-06-30 14:40:00,0.0,1013.36,0.0,11.7,2.2,5642.0,1.0,19.0,En Operación
2018-06-30 14:45:00,0.0,1013.32,0.0,11.7,2.0,5643.0,1.0,19.0,En Operación
2018-06-30 14:50:00,0.0,1013.29,0.0,11.7,1.8,5644.0,1.0,19.0,En Operación
2018-06-30 14:55:00,0.0,1013.25,0.0,11.7,1.6,5645.0,1.0,19.0,En Operación
2018-06-30 15:00:00,0.0,1013.25,0.0,11.7,1.6,5646.0,1.0,19.0,En Operación
2018-06-30 15:05:00,0.0,1013.25,0.0,11.7,1.6,5647.0,1.0,19.0,En Operación
2018-06-30 15:10:00,0.0,1013.16,0.0,11.69,1.8,5648.0,1.0,19.0,En Operación
2018-06-30 15:15:00,0.0,1013.08,0.0,11.68,2.0,5649.0,1.0,19.0,En Operación
2018-06-30 15:20:00,0.0,1012.99,0.0,11.66,2.2,5650.0,1.0,19.0,En Operación
2018-06-30 15:25:00,0.0,1012.9,0.0,11.65,2.4,5651.0,1.0,19.0,En Operación
2018-06-30 15:30:00,0.0,1012.9,0.0,11.65,2.4,5652.0,1.0,19.0,En Operación
2018-06-30 15:35:00,0.0,1012.9,0.0,11.65,2.4,5653.0,1.0,19.0,En Operación
2018-06-30 15:40:00,0.0,1012.88,0.0,11.65,2.2,5654.0,1.0,19.0,En Operación
2018-06-30 15:45:00,0.0,1012.85,0.0,11.65,2.0,5655.0,1.0,19.0,En Operación
2018-06-30 15:50:00,0.0,1012.82,0.0,11.65,1.8,5656.0,1.0,19.0,En Operación
2018-06-30 15:55:00,0.0,1012.8,0.0,11.65,1.6,5657.0,1.0,19.0,En Operación
2018-06-30 16:00:00,0.0,1012.8,0.0,11.65,1.6,5658.0,1.0,19.0,En Operación
2018-06-30 16:05:00,0.0,1012.8,0.0,11.65,1.6,5659.0,1.0,19.0,En Operación
2018-06-30 16:10:00,0.0,1012.72,0.0,11.64,1.6,5660.0,1.0,19.0,En Operación
2018-06-30 16:15:00,0.0,1012.65,0.0,11.62,1.6,5661.0,1.0,19.0,En Operación
2018-06-30 16:20:00,0.0,1012.58,0.0,11.61,1.6,5662.0,1.0,19.0,En Operación
2018-06-30 16:25:00,0.0,1012.5,0.0,11.6,1.6,5663.0,1.0,19.0,En Operación
2018-06-30 16:30:00,0.0,1012.5,0.0,11.6,1.6,5664.0,1.0,19.0,En Operación
2018-06-30 16:35:00,0.0,1012.5,0.0,11.6,1.6,5665.0,1.0,19.0,En Operación
2018-06-30 16:40:00,0.0,1012.51,0.0,11.6,1.6,5666.0,1.0,19.0,En Operación
2018-06-30 16:45:00,0.0,1012.52,0.0,11.6,1.6,5667.0,1.0,19.0,En Operación
2018-06-30 16:50:00,0.0,1012.54,0.0,11.6,1.6,5668.0,1.0,19.0,En Operación
2018-06-30 16:55:00,0.0,1012.55,0.0,11.6,1.6,5669.0,1.0,19.0,En Operación
2018-06-30 17:00:00,0.0,1012.55,0.0,11.6,1.6,5670.0,1.0,19.0,En Operación
2018-06-30 17:05:00,0.0,1012.55,0.0,11.6,1.6,5671.0,1.0,19.0,En Operación
2018-06-30 17:10:00,0.0,1012.59,0.0,11.54,1.2,5672.0,1.0,19.0,En Operación
2018-06-30 17:15:00,0.0,1012.62,0.0,11.48,0.8,5673.0,1.0,19.0,En Operación
2018-06-30 17:20:00,0.0,1012.66,0.0,11.41,0.4,5674.0,1.0,19.0,En Operación
2018-06-30 17:25:00,0.0,1012.7,0.0,11.35,0.0,5675.0,1.0,19.0,En Operación
2018-06-30 17:30:00,0.0,1012.7,0.0,11.35,0.0,5676.0,1.0,19.0,En Operación
2018-06-30 17:35:00,0.0,1012.7,0.0,11.35,0.0,5677.0,1.0,19.0,En Operación
2018-06-30 17:40:00,0.0,1012.68,0.0,11.31,0.0,5678.0,1.0,19.0,En Operación
2018-06-30 17:45:00,0.0,1012.65,0.0,11.27,0.0,5679.0,1.0,19.0,En Operación
2018-06-30 17:50:00,0.0,1012.62,0.0,11.24,0.0,5680.0,1.0,19.0,En Operación
2018-06-30 17:55:00,0.0,1012.6,0.0,11.2,0.0,5681.0,1.0,19.0,En Operación
2018-06-30 18:00:00,0.0,1012.6,0.0,11.2,0.0,5682.0,1.0,19.0,En Operación
2018-06-30 18:05:00,0.0,1012.6,0.0,11.2,0.0,5683.0,1.0,19.0,En Operación
2018-06-30 18:10:00,0.0,1012.62,0.0,11.14,0.6,5684.0,1.0,19.0,En Operación
2018-06-30 18:15:00,0.0,1012.65,0.0,11.08,1.2,5685.0,1.0,19.0,En Operación
2018-06-30 18:20:00,0.0,1012.68,0.0,11.01,1.8,5686.0,1.0,19.0,En Operación
2018-06-30 18:25:00,0.0,1012.7,0.0,10.95,2.4,5687.0,1.0,19.0,En Operación
2018-06-30 18:30:00,0.0,1012.7,0.0,10.95,2.4,5688.0,1.0,19.0,En Operación
2018-06-30 18:35:00,0.0,1012.7,0.0,10.95,2.4,5689.0,1.0,19.0,En Operación
2018-06-30 18:40:00,0.0,1012.7,0.0,10.9,2.4,5690.0,1.0,19.0,En Operación
2018-06-30 18:45:00,0.0,1012.7,0.0,10.85,2.4,5691.0,1.0,19.0,En Operación
2018-06-30 18:50:00,0.0,1012.7,0.0,10.8,2.4,5692.0,1.0,19.0,En Operación
2018-06-30 18:55:00,0.0,1012.7,0.0,10.75,2.4,5693.0,1.0,19.0,En Operación
2018-06-30 19:00:00,0.0,1012.7,0.0,10.75,2.4,5694.0,1.0,19.0,En Operación
2018-06-30 19:05:00,0.0,1012.7,0.0,10.75,2.4,5695.0,1.0,19.0,En Operación
2018-06-30 19:10:00,0.0,1012.72,0.0,10.66,2.6,5696.0,1.0,19.0,En Operación
2018-06-30 19:15:00,0.0,1012.75,0.0,10.58,2.8,5697.0,1.0,19.0,En Operación
2018-06-30 19:20:00,0.0,1012.78,0.0,10.49,3.0,5698.0,1.0,19.0,En Operación
2018-06-30 19:25:00,0.0,1012.8,0.0,10.4,3.2,5699.0,1.0,19.0,En Operación
2018-06-30 19:30:00,0.0,1012.8,0.0,10.4,3.2,5700.0,1.0,19.0,En Operación
2018-06-30 19:35:00,0.0,1012.8,0.0,10.4,3.2,5701.0,1.0,19.0,En Operación
2018-06-30 19:40:00,0.0,1012.79,0.0,10.41,3.2,5702.0,1.0,19.0,En Operación
2018-06-30 19:45:00,0.0,1012.78,0.0,10.42,3.2,5703.0,1.0,19.0,En Operación
2018-06-30 19:50:00,0.0,1012.76,0.0,10.44,3.2,5704.0,1.0,19.0,En Operación
2018-06-30 19:55:00,0.0,1012.75,0.0,10.45,3.2,5705.0,1.0,19.0,En Operación
2018-06-30 20:00:00,0.0,1012.75,0.0,10.45,3.2,5706.0,1.0,19.0,En Operación
2018-06-30 20:05:00,0.0,1012.75,0.0,10.45,3.2,5707.0,1.0,19.0,En Operación
2018-06-30 20:10:00,0.0,1012.76,0.0,10.45,3.4,5708.0,1.0,19.0,En Operación
2018-06-30 20:15:00,0.0,1012.78,0.0,10.45,3.6,5709.0,1.0,19.0,En Operación
2018-06-30 20:20:00,0.0,1012.79,0.0,10.45,3.8,5710.0,1.0,19.0,En Operación
2018-06-30 20:25:00,0.0,1012.8,0.0,10.45,4.0,5711.0,1.0,19.0,En Operación
2018-06-30 20:30:00,0.0,1012.8,0.0,10.45,4.0,5712.0,1.0,19.0,En Operación
2018-06-30 20:35:00,0.0,1012.8,0.0,10.45,4.0,5713.0,1.0,19.0,En Operación
2018-06-30 20:40:00,0.0,1012.75,0.0,10.46,3.6,5714.0,1.0,19.0,En Operación
2018-06-30 20:45:00,0.0,1012.7,0.0,10.48,3.2,5715.0,1.0,19.0,En Operación
2018-06-30 20:50:00,0.0,1012.65,0.0,10.49,2.8,5716.0,1.0,19.0,En Operación
2018-06-30 20:55:00,0.0,1012.6,0.0,10.5,2.4,5717.0,1.0,19.0,En Operación
2018-06-30 21:00:00,0.0,1012.6,0.0,10.5,2.4,5718.0,1.0,19.0,En Operación
2018-06-30 21:05:00,0.0,1012.6,0.0,10.5,2.4,5719.0,1.0,19.0,En Operación
2018-06-30 21:10:00,0.0,1012.55,0.0,10.58,2.4,5720.0,1.0,19.0,En Operación
2018-06-30 21:15:00,0.0,1012.5,0.0,10.65,2.4,5721.0,1.0,19.0,En Operación
2018-06-30 21:20:00,0.0,1012.45,0.0,10.73,2.4,5722.0,1.0,19.0,En Operación
2018-06-30 21:25:00,0.0,1012.4,0.0,10.8,2.4,5723.0,1.0,19.0,En Operación
2018-06-30 21:30:00,0.0,1012.4,0.0,10.8,2.4,5724.0,1.0,19.0,En Operación
2018-06-30 21:35:00,0.0,1012.4,0.0,10.8,2.4,5725.0,1.0,19.0,En Operación
2018-06-30 21:40:00,0.0,1012.38,0.0,10.84,2.6,5726.0,1.0,19.0,En Operación
2018-06-30 21:45:00,0.0,1012.35,0.0,10.88,2.8,5727.0,1.0,19.0,En Operación
2018-06-30 21:50:00,0.0,1012.32,0.0,10.91,3.0,5728.0,1.0,19.0,En Operación
2018-06-30 21:55:00,0.0,1012.3,0.0,10.95,3.2,5729.0,1.0,19.0,En Operación
2018-06-30 22:00:00,0.0,1012.3,0.0,10.95,3.2,5730.0,1.0,19.0,En Operación
2018-06-30 22:05:00,0.0,1012.3,0.0,10.95,3.2,5731.0,1.0,19.0,En Operación
2018-06-30 22:10:00,0.0,1012.36,0.0,11.0,2.6,5732.0,1.0,19.0,En Operación
2018-06-30 22:15:00,0.0,1012.42,0.0,11.05,2.0,5733.0,1.0,19.0,En Operación
2018-06-30 22:20:00,0.0,1012.49,0.0,11.1,1.4,5734.0,1.0,19.0,En Operación
2018-06-30 22:25:00,0.0,1012.55,0.0,11.15,0.8,5735.0,1.0,19.0,En Operación
2018-06-30 22:30:00,0.0,1012.55,0.0,11.15,0.8,5736.0,1.0,19.0,En Operación
2018-06-30 22:35:00,0.0,1012.55,0.0,11.15,0.8,5737.0,1.0,19.0,En Operación
2018-06-30 22:40:00,0.0,1012.59,0.0,11.16,0.8,5738.0,1.0,19.0,En Operación
2018-06-30 22:45:00,0.0,1012.62,0.0,11.18,0.8,5739.0,1.0,19.0,En Operación
2018-06-30 22:50:00,0.0,1012.66,0.0,11.19,0.8,5740.0,1.0,19.0,En Operación
2018-06-30 22:55:00,0.0,1012.7,0.0,11.2,0.8,5741.0,1.0,19.0,En Operación
2018-06-30 23:00:00,0.0,1012.7,0.0,11.2,0.8,5742.0,1.0,19.0,En Operación
2018-06-30 23:05:00,0.0,1012.7,0.0,11.2,0.8,5743.0,1.0,19.0,En Operación
2018-06-30 23:10:00,0.0,1012.78,0.0,11.26,0.6,5744.0,1.0,19.0,En Operación
2018-06-30 23:15:00,0.0,1012.85,0.0,11.32,0.4,5745.0,1.0,19.0,En Operación
2018-06-30 23:20:00,0.0,1012.92,0.0,11.39,0.2,5746.0,1.0,19.0,En Operación
2018-06-30 23:25:00,0.0,1013.0,0.0,11.45,0.0,5747.0,1.0,19.0,En Operación
2018-06-30 23:30:00,0.0,1013.0,0.0,11.45,0.0,5748.0,1.0,19.0,En Operación
2018-06-30 23:35:00,0.0,1013.0,0.0,11.45,0.0,5749.0,1.0,19.0,En Operación
2018-06-30 23:40:00,0.0,1012.98,0.0,11.44,0.0,5750.0,1.0,19.0,En Operación
2018-06-30 23:45:00,0.0,1012.95,0.0,11.42,0.0,5751.0,1.0,19.0,En Operación
2018-06-30 23:50:00,0.0,1012.92,0.0,11.41,0.0,5752.0,1.0,19.0,En Operación
2018-06-30 23:55:00,0.0,1012.9,0.0,11.4,0.0,5753.0,1.0,19.0,En Operación
2018-07-01 00:00:00,0.0,1012.9,0.0,11.4,0.0,5754.0,1.0,19.0,En Operación
2018-07-01 00:05:00,0.0,1012.9,0.0,11.4,0.0,5755.0,1.0,19.0,En Operación
2018-07-01 00:10:00,0.0,1012.79,0.0,11.45,0.6,5756.0,1.0,19.0,En Operación
2018-07-01 00:15:00,0.0,1012.68,0.0,11.5,1.2,5757.0,1.0,19.0,En Operación
2018-07-01 00:20:00,0.0,1012.56,0.0,11.55,1.8,5758.0,1.0,19.0,En Operación
2018-07-01 00:25:00,0.0,1012.45,0.0,11.6,2.4,5759.0,1.0,19.0,En Operación
2018-07-01 00:30:00,0.0,1012.45,0.0,11.6,2.4,5760.0,1.0,19.0,En Operación
2018-07-01 00:35:00,0.0,1012.45,0.0,11.6,2.4,5761.0,1.0,19.0,En Operación
2018-07-01 00:40:00,0.0,1012.44,0.0,11.64,2.4,5762.0,1.0,19.0,En Operación
2018-07-01 00:45:00,0.0,1012.42,0.0,11.68,2.4,5763.0,1.0,19.0,En Operación
2018-07-01 00:50:00,0.0,1012.41,0.0,11.71,2.4,5764.0,1.0,19.0,En Operación
2018-07-01 00:55:00,0.0,1012.4,0.0,11.75,2.4,5765.0,1.0,19.0,En Operación
2018-07-01 01:00:00,0.0,1012.4,0.0,11.75,2.4,5766.0,1.0,19.0,En Operación
2018-07-01 01:05:00,0.0,1012.4,0.0,11.75,2.4,5767.0,1.0,19.0,En Operación
2018-07-01 01:10:00,0.0,1012.35,0.0,11.81,2.2,5768.0,1.0,19.0,En Operación
2018-07-01 01:15:00,0.0,1012.3,0.0,11.88,2.0,5769.0,1.0,19.0,En Operación
2018-07-01 01:20:00,0.0,1012.25,0.0,11.94,1.8,5770.0,1.0,19.0,En Operación
2018-07-01 01:25:00,0.0,1012.2,0.0,12.0,1.6,5771.0,1.0,19.0,En Operación
2018-07-01 01:30:00,0.0,1012.2,0.0,12.0,1.6,5772.0,1.0,19.0,En Operación
2018-07-01 01:35:00,0.0,1012.2,0.0,12.0,1.6,5773.0,1.0,19.0,En Operación
2018-07-01 01:40:00,0.0,1012.2,0.0,11.99,1.6,5774.0,1.0,19.0,En Operación
2018-07-01 01:45:00,0.0,1012.2,0.0,11.98,1.6,5775.0,1.0,19.0,En Operación
2018-07-01 01:50:00,0.0,1012.2,0.0,11.96,1.6,5776.0,1.0,19.0,En Operación
2018-07-01 01:55:00,0.0,1012.2,0.0,11.95,1.6,5777.0,1.0,19.0,En Operación
2018-07-01 02:00:00,0.0,1012.2,0.0,11.95,1.6,5778.0,1.0,19.0,En Operación
2018-07-01 02:05:00,0.0,1012.2,0.0,11.95,1.6,5779.0,1.0,19.0,En Operación
2018-07-01 02:10:00,0.0,1012.15,0.0,11.96,1.4,5780.0,1.0,19.0,En Operación
2018-07-01 02:15:00,0.0,1012.1,0.0,11.98,1.2,5781.0,1.0,19.0,En Operación
2018-07-01 02:20:00,0.0,1012.05,0.0,11.99,1.0,5782.0,1.0,19.0,En Operación
2018-07-01 02:25:00,0.0,1012.0,0.0,12.0,0.8,5783.0,1.0,19.0,En Operación
2018-07-01 02:30:00,0.0,1012.0,0.0,12.0,0.8,5784.0,1.0,19.0,En Operación
2018-07-01 02:35:00,0.0,1012.0,0.0,12.0,0.8,5785.0,1.0,19.0,En Operación
2018-07-01 02:40:00,0.0,1011.96,0.0,12.0,0.8,5786.0,1.0,19.0,En Operación
2018-07-01 02:45:00,0.0,1011.92,0.0,12.0,0.8,5787.0,1.0,19.0,En Operación
2018-07-01 02:50:00,0.0,1011.89,0.0,12.0,0.8,5788.0,1.0,19.0,En Operación
2018-07-01 02:55:00,0.0,1011.85,0.0,12.0,0.8,5789.0,1.0,19.0,En Operación
2018-07-01 03:00:00,0.0,1011.85,0.0,12.0,0.8,5790.0,1.0,19.0,En Operación
2018-07-01 03:05:00,0.0,1011.85,0.0,12.0,0.8,5791.0,1.0,19.0,En Operación
2018-07-01 03:10:00,0.0,1011.75,0.0,12.1,0.8,5792.0,1.0,19.0,En Operación
2018-07-01 03:15:00,0.0,1011.65,0.0,12.2,0.8,5793.0,1.0,19.0,En Operación
2018-07-01 03:20:00,0.0,1011.55,0.0,12.3,0.8,5794.0,1.0,19.0,En Operación
2018-07-01 03:25:00,0.0,1011.45,0.0,12.4,0.8,5795.0,1.0,19.0,En Operación
2018-07-01 03:30:00,0.0,1011.45,0.0,12.4,0.8,5796.0,1.0,19.0,En Operación
2018-07-01 03:35:00,0.0,1011.45,0.0,12.4,0.8,5797.0,1.0,19.0,En Operación
2018-07-01 03:40:00,0.0,1011.39,0.0,12.42,0.8,5798.0,1.0,19.0,En Operación
2018-07-01 03:45:00,0.0,1011.32,0.0,12.45,0.8,5799.0,1.0,19.0,En Operación
2018-07-01 03:50:00,0.0,1011.26,0.0,12.48,0.8,5800.0,1.0,19.0,En Operación
2018-07-01 03:55:00,0.0,1011.2,0.0,12.5,0.8,5801.0,1.0,19.0,En Operación
2018-07-01 04:00:00,0.0,1011.2,0.0,12.5,0.8,5802.0,1.0,19.0,En Operación
2018-07-01 04:05:00,0.0,1011.2,0.0,12.5,0.8,5803.0,1.0,19.0,En Operación
2018-07-01 04:10:00,0.0,1011.05,0.0,12.48,1.2,5804.0,1.0,19.0,En Operación
2018-07-01 04:15:00,0.0,1010.9,0.0,12.45,1.6,5805.0,1.0,19.0,En Operación
2018-07-01 04:20:00,0.0,1010.75,0.0,12.42,2.0,5806.0,1.0,19.0,En Operación
2018-07-01 04:25:00,0.0,1010.6,0.0,12.4,2.4,5807.0,1.0,19.0,En Operación
2018-07-01 04:30:00,0.0,1010.6,0.0,12.4,2.4,5808.0,1.0,19.0,En Operación
2018-07-01 04:35:00,0.0,1010.6,0.0,12.4,2.4,5809.0,1.0,19.0,En Operación
2018-07-01 04:40:00,0.0,1010.59,0.0,12.4,2.2,5810.0,1.0,19.0,En Operación
2018-07-01 04:45:00,0.0,1010.58,0.0,12.4,2.0,5811.0,1.0,19.0,En Operación
2018-07-01 04:50:00,0.0,1010.56,0.0,12.4,1.8,5812.0,1.0,19.0,En Operación
2018-07-01 04:55:00,0.0,1010.55,0.0,12.4,1.6,5813.0,1.0,19.0,En Operación
2018-07-01 05:00:00,0.0,1010.55,0.0,12.4,1.6,5814.0,1.0,19.0,En Operación
2018-07-01 05:05:00,0.0,1010.55,0.0,12.4,1.6,5815.0,1.0,19.0,En Operación
2018-07-01 05:10:00,0.0,1010.44,0.0,12.46,1.4,5816.0,1.0,19.0,En Operación
2018-07-01 05:15:00,0.0,1010.32,0.0,12.52,1.2,5817.0,1.0,19.0,En Operación
2018-07-01 05:20:00,0.0,1010.21,0.0,12.59,1.0,5818.0,1.0,19.0,En Operación
2018-07-01 05:25:00,0.0,1010.1,0.0,12.65,0.8,5819.0,1.0,19.0,En Operación
2018-07-01 05:30:00,0.0,1010.1,0.0,12.65,0.8,5820.0,1.0,19.0,En Operación
2018-07-01 05:35:00,0.0,1010.1,0.0,12.65,0.8,5821.0,1.0,19.0,En Operación
2018-07-01 05:40:00,0.0,1010.05,0.0,12.64,1.2,5822.0,1.0,19.0,En Operación
2018-07-01 05:45:00,0.0,1010.0,0.0,12.62,1.6,5823.0,1.0,19.0,En Operación
2018-07-01 05:50:00,0.0,1009.95,0.0,12.61,2.0,5824.0,1.0,19.0,En Operación
2018-07-01 05:55:00,0.0,1009.9,0.0,12.6,2.4,5825.0,1.0,19.0,En Operación
2018-07-01 06:00:00,0.0,1009.9,0.0,12.6,2.4,5826.0,1.0,19.0,En Operación
2018-07-01 06:05:00,0.0,1009.9,0.0,12.6,2.4,5827.0,1.0,19.0,En Operación
2018-07-01 06:10:00,0.0,1009.84,0.0,12.62,2.6,5828.0,1.0,19.0,En Operación
2018-07-01 06:15:00,0.0,1009.78,0.0,12.65,2.8,5829.0,1.0,19.0,En Operación
2018-07-01 06:20:00,0.0,1009.71,0.0,12.68,3.0,5830.0,1.0,19.0,En Operación
2018-07-01 06:25:00,0.0,1009.65,0.0,12.7,3.2,5831.0,1.0,19.0,En Operación
2018-07-01 06:30:00,0.0,1009.65,0.0,12.7,3.2,5832.0,1.0,19.0,En Operación
2018-07-01 06:35:00,0.0,1009.65,0.0,12.7,3.2,5833.0,1.0,19.0,En Operación
2018-07-01 06:40:00,0.0,1009.61,0.0,12.71,3.0,5834.0,1.0,19.0,En Operación
2018-07-01 06:45:00,0.0,1009.58,0.0,12.72,2.8,5835.0,1.0,19.0,En Operación
2018-07-01 06:50:00,0.0,1009.54,0.0,12.74,2.6,5836.0,1.0,19.0,En Operación
2018-07-01 06:55:00,0.0,1009.5,0.0,12.75,2.4,5837.0,1.0,19.0,En Operación
2018-07-01 07:00:00,0.0,1009.5,0.0,12.75,2.4,5838.0,1.0,19.0,En Operación
2018-07-01 07:05:00,0.0,1009.5,0.0,12.75,2.4,5839.0,1.0,19.0,En Operación
2018-07-01 07:10:00,0.0,1009.42,0.0,12.75,2.2,5840.0,1.0,19.0,En Operación
2018-07-01 07:15:00,0.0,1009.35,0.0,12.75,2.0,5841.0,1.0,19.0,En Operación
2018-07-01 07:20:00,0.0,1009.28,0.0,12.75,1.8,5842.0,1.0,19.0,En Operación
2018-07-01 07:25:00,0.0,1009.2,0.0,12.75,1.6,5843.0,1.0,19.0,En Operación
2018-07-01 07:30:00,0.0,1009.2,0.0,12.75,1.6,5844.0,1.0,19.0,En Operación
2018-07-01 07:35:00,0.0,1009.2,0.0,12.75,1.6,5845.0,1.0,19.0,En Operación
2018-07-01 07:40:00,0.0,1009.25,0.0,12.76,1.4,5846.0,1.0,19.0,En Operación
2018-07-01 07:45:00,0.0,1009.3,0.0,12.78,1.2,5847.0,1.0,19.0,En Operación
2018-07-01 07:50:00,0.0,1009.35,0.0,12.79,1.0,5848.0,1.0,19.0,En Operación
2018-07-01 07:55:00,0.0,1009.4,0.0,12.8,0.8,5849.0,1.0,19.0,En Operación
2018-07-01 08:00:00,0.0,1009.4,0.0,12.8,0.8,5850.0,1.0,19.0,En Operación
2018-07-01 08:05:00,0.0,1009.4,0.0,12.8,0.8,5851.0,1.0,19.0,En Operación
2018-07-01 08:10:00,0.0,1009.5,0.0,12.81,0.6,5852.0,1.0,19.0,En Operación
2018-07-01 08:15:00,0.0,1009.6,0.0,12.82,0.4,5853.0,1.0,19.0,En Operación
2018-07-01 08:20:00,0.0,1009.7,0.0,12.84,0.2,5854.0,1.0,19.0,En Operación
2018-07-01 08:25:00,0.0,1009.8,0.0,12.85,0.0,5855.0,1.0,19.0,En Operación
2018-07-01 08:30:00,0.0,1009.8,0.0,12.85,0.0,5856.0,1.0,19.0,En Operación
2018-07-01 08:35:00,0.0,1009.8,0.0,12.85,0.0,5857.0,1.0,19.0,En Operación
2018-07-01 08:40:00,0.0,1009.79,0.0,12.85,0.4,5858.0,1.0,19.0,En Operación
2018-07-01 08:45:00,0.0,1009.78,0.0,12.85,0.8,5859.0,1.0,19.0,En Operación
2018-07-01 08:50:00,0.0,1009.76,0.0,12.85,1.2,5860.0,1.0,19.0,En Operación
2018-07-01 08:55:00,0.0,1009.75,0.0,12.85,1.6,5861.0,1.0,19.0,En Operación
2018-07-01 09:00:00,0.0,1009.75,0.0,12.85,1.6,5862.0,1.0,19.0,En Operación
2018-07-01 09:05:00,0.0,1009.75,0.0,12.85,1.6,5863.0,1.0,19.0,En Operación
2018-07-01 09:10:00,0.0,1009.8,0.0,12.89,1.4,5864.0,1.0,19.0,En Operación
2018-07-01 09:15:00,0.0,1009.85,0.0,12.92,1.2,5865.0,1.0,19.0,En Operación
2018-07-01 09:20:00,0.0,1009.9,0.0,12.96,1.0,5866.0,1.0,19.0,En Operación
2018-07-01 09:25:00,0.0,1009.95,0.0,13.0,0.8,5867.0,1.0,19.0,En Operación
2018-07-01 09:30:00,0.0,1009.95,0.0,13.0,0.8,5868.0,1.0,19.0,En Operación
2018-07-01 09:35:00,0.0,1009.95,0.0,13.0,0.8,5869.0,1.0,19.0,En Operación
2018-07-01 09:40:00,0.0,1010.08,0.0,13.08,0.6,5870.0,1.0,19.0,En Operación
2018-07-01 09:45:00,0.0,1010.2,0.0,13.15,0.4,5871.0,1.0,19.0,En Operación
2018-07-01 09:50:00,0.0,1010.32,0.0,13.23,0.2,5872.0,1.0,19.0,En Operación
2018-07-01 09:55:00,0.0,1010.45,0.0,13.3,0.0,5873.0,1.0,19.0,En Operación
2018-07-01 10:00:00,0.0,1010.45,0.0,13.3,0.0,5874.0,1.0,19.0,En Operación
2018-07-01 10:05:00,0.0,1010.45,0.0,13.3,0.0,5875.0,1.0,19.0,En Operación
2018-07-01 10:10:00,0.0,1010.42,0.0,13.35,0.0,5876.0,1.0,19.0,En Operación
2018-07-01 10:15:00,0.0,1010.4,0.0,13.4,0.0,5877.0,1.0,19.0,En Operación
2018-07-01 10:20:00,0.0,1010.38,0.0,13.45,0.0,5878.0,1.0,19.0,En Operación
2018-07-01 10:25:00,0.0,1010.35,0.0,13.5,0.0,5879.0,1.0,19.0,En Operación
2018-07-01 10:30:00,0.0,1010.35,0.0,13.5,0.0,5880.0,1.0,19.0,En Operación
2018-07-01 10:35:00,0.0,1010.35,0.0,13.5,0.0,5881.0,1.0,19.0,En Operación
2018-07-01 10:40:00,0.0,1010.34,0.0,13.56,0.0,5882.0,1.0,19.0,En Operación
2018-07-01 10:45:00,0.0,1010.32,0.0,13.62,0.0,5883.0,1.0,19.0,En Operación
2018-07-01 10:50:00,0.0,1010.31,0.0,13.69,0.0,5884.0,1.0,19.0,En Operación
2018-07-01 10:55:00,0.0,1010.3,0.0,13.75,0.0,5885.0,1.0,19.0,En Operación
2018-07-01 11:00:00,0.0,1010.3,0.0,13.75,0.0,5886.0,1.0,19.0,En Operación
2018-07-01 11:05:00,0.0,1010.3,0.0,13.75,0.0,5887.0,1.0,19.0,En Operación
2018-07-01 11:10:00,0.0,1010.29,0.0,13.74,0.2,5888.0,1.0,19.0,En Operación
2018-07-01 11:15:00,0.0,1010.28,0.0,13.72,0.4,5889.0,1.0,19.0,En Operación
2018-07-01 11:20:00,0.0,1010.26,0.0,13.71,0.6,5890.0,1.0,19.0,En Operación
2018-07-01 11:25:00,0.0,1010.25,0.0,13.7,0.8,5891.0,1.0,19.0,En Operación
2018-07-01 11:30:00,0.0,1010.25,0.0,13.7,0.8,5892.0,1.0,19.0,En Operación
2018-07-01 11:35:00,0.0,1010.25,0.0,13.7,0.8,5893.0,1.0,19.0,En Operación
2018-07-01 11:40:00,0.0,1010.22,0.0,13.7,0.8,5894.0,1.0,19.0,En Operación
2018-07-01 11:45:00,0.0,1010.2,0.0,13.7,0.8,5895.0,1.0,19.0,En Operación
2018-07-01 11:50:00,0.0,1010.18,0.0,13.7,0.8,5896.0,1.0,19.0,En Operación
2018-07-01 11:55:00,0.0,1010.15,0.0,13.7,0.8,5897.0,1.0,19.0,En Operación
2018-07-01 12:00:00,0.0,1010.15,0.0,13.7,0.8,5898.0,1.0,19.0,En Operación
2018-07-01 12:05:00,0.0,1010.15,0.0,13.7,0.8,5899.0,1.0,19.0,En Operación
2018-07-01 12:10:00,0.0,1009.94,0.0,13.81,0.6,5900.0,1.0,19.0,En Operación
2018-07-01 12:15:00,0.0,1009.72,0.0,13.92,0.4,5901.0,1.0,19.0,En Operación
2018-07-01 12:20:00,0.0,1009.51,0.0,14.04,0.2,5902.0,1.0,19.0,En Operación
2018-07-01 12:25:00,0.0,1009.3,0.0,14.15,0.0,5903.0,1.0,19.0,En Operación
2018-07-01 12:30:00,0.0,1009.3,0.0,14.15,0.0,5904.0,1.0,19.0,En Operación
2018-07-01 12:35:00,0.0,1009.3,0.0,14.15,0.0,5905.0,1.0,19.0,En Operación
2018-07-01 12:40:00,0.0,1009.28,0.0,14.12,0.6,5906.0,1.0,19.0,En Operación
2018-07-01 12:45:00,0.0,1009.25,0.0,14.1,1.2,5907.0,1.0,19.0,En Operación
2018-07-01 12:50:00,0.0,1009.22,0.0,14.08,1.8,5908.0,1.0,19.0,En Operación
2018-07-01 12:55:00,0.0,1009.2,0.0,14.05,2.4,5909.0,1.0,19.0,En Operación
2018-07-01 13:00:00,0.0,1009.2,0.0,14.05,2.4,5910.0,1.0,19.0,En Operación
2018-07-01 13:05:00,0.0,1009.2,0.0,14.05,2.4,5911.0,1.0,19.0,En Operación
2018-07-01 13:10:00,0.0,1009.01,0.0,14.1,2.8,5912.0,1.0,19.0,En Operación
2018-07-01 13:15:00,0.0,1008.82,0.0,14.15,3.2,5913.0,1.0,19.0,En Operación
2018-07-01 13:20:00,0.0,1008.64,0.0,14.2,3.6,5914.0,1.0,19.0,En Operación
2018-07-01 13:25:00,0.0,1008.45,0.0,14.25,4.0,5915.0,1.0,19.0,En Operación
2018-07-01 13:30:00,0.0,1008.45,0.0,14.25,4.0,5916.0,1.0,19.0,En Operación
2018-07-01 13:35:00,0.0,1008.45,0.0,14.25,4.0,5917.0,1.0,19.0,En Operación
2018-07-01 13:40:00,0.0,1008.41,0.0,14.22,3.6,5918.0,1.0,19.0,En Operación
2018-07-01 13:45:00,0.0,1008.38,0.0,14.2,3.2,5919.0,1.0,19.0,En Operación
2018-07-01 13:50:00,0.0,1008.34,0.0,14.18,2.8,5920.0,1.0,19.0,En Operación
2018-07-01 13:55:00,0.0,1008.3,0.0,14.15,2.4,5921.0,1.0,19.0,En Operación
2018-07-01 14:00:00,0.0,1008.3,0.0,14.15,2.4,5922.0,1.0,19.0,En Operación
2018-07-01 14:05:00,0.0,1008.3,0.0,14.15,2.4,5923.0,1.0,19.0,En Operación
2018-07-01 14:10:00,0.0,1008.15,0.0,14.15,2.2,5924.0,1.0,19.0,En Operación
2018-07-01 14:15:00,0.0,1008.0,0.0,14.15,2.0,5925.0,1.0,19.0,En Operación
2018-07-01 14:20:00,0.0,1007.85,0.0,14.15,1.8,5926.0,1.0,19.0,En Operación
2018-07-01 14:25:00,0.0,1007.7,0.0,14.15,1.6,5927.0,1.0,19.0,En Operación
2018-07-01 14:30:00,0.0,1007.7,0.0,14.15,1.6,5928.0,1.0,19.0,En Operación
2018-07-01 14:35:00,0.0,1007.7,0.0,14.15,1.6,5929.0,1.0,19.0,En Operación
2018-07-01 14:40:00,0.0,1007.66,0.0,14.16,1.6,5930.0,1.0,19.0,En Operación
2018-07-01 14:45:00,0.0,1007.62,0.0,14.18,1.6,5931.0,1.0,19.0,En Operación
2018-07-01 14:50:00,0.0,1007.59,0.0,14.19,1.6,5932.0,1.0,19.0,En Operación
2018-07-01 14:55:00,0.0,1007.55,0.0,14.2,1.6,5933.0,1.0,19.0,En Operación
2018-07-01 15:00:00,0.0,1007.55,0.0,14.2,1.6,5934.0,1.0,19.0,En Operación
2018-07-01 15:05:00,0.0,1007.55,0.0,14.2,1.6,5935.0,1.0,19.0,En Operación
2018-07-01 15:10:00,0.0,1007.32,0.0,14.25,1.6,5936.0,1.0,19.0,En Operación
2018-07-01 15:15:00,0.0,1007.1,0.0,14.3,1.6,5937.0,1.0,19.0,En Operación
2018-07-01 15:20:00,0.0,1006.88,0.0,14.35,1.6,5938.0,1.0,19.0,En Operación
2018-07-01 15:25:00,0.0,1006.65,0.0,14.4,1.6,5939.0,1.0,19.0,En Operación
2018-07-01 15:30:00,0.0,1006.65,0.0,14.4,1.6,5940.0,1.0,19.0,En Operación
2018-07-01 15:35:00,0.0,1006.65,0.0,14.4,1.6,5941.0,1.0,19.0,En Operación
2018-07-01 15:40:00,0.0,1006.7,0.0,14.39,1.4,5942.0,1.0,19.0,En Operación
2018-07-01 15:45:00,0.0,1006.75,0.0,14.38,1.2,5943.0,1.0,19.0,En Operación
2018-07-01 15:50:00,0.0,1006.8,0.0,14.36,1.0,5944.0,1.0,19.0,En Operación
2018-07-01 15:55:00,0.0,1006.85,0.0,14.35,0.8,5945.0,1.0,19.0,En Operación
2018-07-01 16:00:00,0.0,1006.85,0.0,14.35,0.8,5946.0,1.0,19.0,En Operación
2018-07-01 16:05:00,0.0,1006.85,0.0,14.35,0.8,5947.0,1.0,19.0,En Operación
2018-07-01 16:10:00,0.0,1006.81,0.0,14.36,0.6,5948.0,1.0,19.0,En Operación
2018-07-01 16:15:00,0.0,1006.78,0.0,14.38,0.4,5949.0,1.0,19.0,En Operación
2018-07-01 16:20:00,0.0,1006.74,0.0,14.39,0.2,5950.0,1.0,19.0,En Operación
2018-07-01 16:25:00,0.0,1006.7,0.0,14.4,0.0,5951.0,1.0,19.0,En Operación
2018-07-01 16:30:00,0.0,1006.7,0.0,14.4,0.0,5952.0,1.0,19.0,En Operación
2018-07-01 16:35:00,0.0,1006.7,0.0,14.4,0.0,5953.0,1.0,19.0,En Operación
2018-07-01 16:40:00,0.0,1006.75,0.0,14.41,0.0,5954.0,1.0,19.0,En Operación
2018-07-01 16:45:00,0.0,1006.8,0.0,14.42,0.0,5955.0,1.0,19.0,En Operación
2018-07-01 16:50:00,0.0,1006.85,0.0,14.44,0.0,5956.0,1.0,19.0,En Operación
2018-07-01 16:55:00,0.0,1006.9,0.0,14.45,0.0,5957.0,1.0,19.0,En Operación
2018-07-01 17:00:00,0.0,1006.9,0.0,14.45,0.0,5958.0,1.0,19.0,En Operación
2018-07-01 17:05:00,0.0,1006.9,0.0,14.45,0.0,5959.0,1.0,19.0,En Operación
2018-07-01 17:10:00,0.0,1006.95,0.0,14.49,0.0,5960.0,1.0,19.0,En Operación
2018-07-01 17:15:00,0.0,1007.0,0.0,14.52,0.0,5961.0,1.0,19.0,En Operación
2018-07-01 17:20:00,0.0,1007.05,0.0,14.56,0.0,5962.0,1.0,19.0,En Operación
2018-07-01 17:25:00,0.0,1007.1,0.0,14.6,0.0,5963.0,1.0,19.0,En Operación
2018-07-01 17:30:00,0.0,1007.1,0.0,14.6,0.0,5964.0,1.0,19.0,En Operación
2018-07-01 17:35:00,0.0,1007.1,0.0,14.6,0.0,5965.0,1.0,19.0,En Operación
2018-07-01 17:40:00,0.0,1007.12,0.0,14.61,0.0,5966.0,1.0,19.0,En Operación
2018-07-01 17:45:00,0.0,1007.15,0.0,14.62,0.0,5967.0,1.0,19.0,En Operación
2018-07-01 17:50:00,0.0,1007.18,0.0,14.64,0.0,5968.0,1.0,19.0,En Operación
2018-07-01 17:55:00,0.0,1007.2,0.0,14.65,0.0,5969.0,1.0,19.0,En Operación
2018-07-01 18:00:00,0.0,1007.2,0.0,14.65,0.0,5970.0,1.0,19.0,En Operación
2018-07-01 18:05:00,0.0,1007.2,0.0,14.65,0.0,5971.0,1.0,19.0,En Operación
2018-07-01 18:10:00,0.0,1007.16,0.0,14.6,0.0,5972.0,1.0,19.0,En Operación
2018-07-01 18:15:00,0.0,1007.12,0.0,14.55,0.0,5973.0,1.0,19.0,En Operación
2018-07-01 18:20:00,0.0,1007.09,0.0,14.5,0.0,5974.0,1.0,19.0,En Operación
2018-07-01 18:25:00,0.0,1007.05,0.0,14.45,0.0,5975.0,1.0,19.0,En Operación
2018-07-01 18:30:00,0.0,1007.05,0.0,14.45,0.0,5976.0,1.0,19.0,En Operación
2018-07-01 18:35:00,0.0,1007.05,0.0,14.45,0.0,5977.0,1.0,19.0,En Operación
2018-07-01 18:40:00,0.0,1007.05,0.0,14.42,0.0,5978.0,1.0,19.0,En Operación
2018-07-01 18:45:00,0.0,1007.05,0.0,14.4,0.0,5979.0,1.0,19.0,En Operación
2018-07-01 18:50:00,0.0,1007.05,0.0,14.38,0.0,5980.0,1.0,19.0,En Operación
2018-07-01 18:55:00,0.0,1007.05,0.0,14.35,0.0,5981.0,1.0,19.0,En Operación
2018-07-01 19:00:00,0.0,1007.05,0.0,14.35,0.0,5982.0,1.0,19.0,En Operación
2018-07-01 19:05:00,0.0,1007.05,0.0,14.35,0.0,5983.0,1.0,19.0,En Operación
2018-07-01 19:10:00,0.0,1006.94,0.0,14.29,0.0,5984.0,1.0,19.0,En Operación
2018-07-01 19:15:00,0.0,1006.82,0.0,14.22,0.0,5985.0,1.0,19.0,En Operación
2018-07-01 19:20:00,0.0,1006.71,0.0,14.16,0.0,5986.0,1.0,19.0,En Operación
2018-07-01 19:25:00,0.0,1006.6,0.0,14.1,0.0,5987.0,1.0,19.0,En Operación
2018-07-01 19:30:00,0.0,1006.6,0.0,14.1,0.0,5988.0,1.0,19.0,En Operación
2018-07-01 19:35:00,0.0,1006.6,0.0,14.1,0.0,5989.0,1.0,19.0,En Operación
2018-07-01 19:40:00,0.0,1006.64,0.0,14.1,0.0,5990.0,1.0,19.0,En Operación
2018-07-01 19:45:00,0.0,1006.68,0.0,14.1,0.0,5991.0,1.0,19.0,En Operación
2018-07-01 19:50:00,0.0,1006.71,0.0,14.1,0.0,5992.0,1.0,19.0,En Operación
2018-07-01 19:55:00,0.0,1006.75,0.0,14.1,0.0,5993.0,1.0,19.0,En Operación
2018-07-01 20:00:00,0.0,1006.75,0.0,14.1,0.0,5994.0,1.0,19.0,En Operación
2018-07-01 20:05:00,0.0,1006.75,0.0,14.1,0.0,5995.0,1.0,19.0,En Operación
2018-07-01 20:10:00,0.0,1006.82,0.0,14.08,0.0,5996.0,1.0,19.0,En Operación
2018-07-01 20:15:00,0.0,1006.9,0.0,14.05,0.0,5997.0,1.0,19.0,En Operación
2018-07-01 20:20:00,0.0,1006.97,0.0,14.02,0.0,5998.0,1.0,19.0,En Operación
2018-07-01 20:25:00,0.0,1007.05,0.0,14.0,0.0,5999.0,1.0,19.0,En Operación
2018-07-01 20:30:00,0.0,1007.05,0.0,14.0,0.0,6000.0,1.0,19.0,En Operación
2018-07-01 20:35:00,0.0,1007.05,0.0,14.0,0.0,6001.0,1.0,19.0,En Operación
2018-07-01 20:40:00,0.0,1007.05,0.0,14.01,0.0,6002.0,1.0,19.0,En Operación
2018-07-01 20:45:00,0.0,1007.05,0.0,14.02,0.0,6003.0,1.0,19.0,En Operación
2018-07-01 20:50:00,0.0,1007.05,0.0,14.04,0.0,6004.0,1.0,19.0,En Operación
2018-07-01 20:55:00,0.0,1007.05,0.0,14.05,0.0,6005.0,1.0,19.0,En Operación
2018-07-01 21:00:00,0.0,1007.05,0.0,14.05,0.0,6006.0,1.0,19.0,En Operación
2018-07-01 21:05:00,0.0,1007.05,0.0,14.05,0.0,6007.0,1.0,19.0,En Operación
2018-07-01 21:10:00,0.0,1007.25,0.0,14.1,0.0,6008.0,1.0,19.0,En Operación
2018-07-01 21:15:00,0.0,1007.45,0.0,14.15,0.0,6009.0,1.0,19.0,En Operación
2018-07-01 21:20:00,0.0,1007.65,0.0,14.2,0.0,6010.0,1.0,19.0,En Operación
2018-07-01 21:25:00,0.0,1007.85,0.0,14.25,0.0,6011.0,1.0,19.0,En Operación
2018-07-01 21:30:00,0.0,1007.85,0.0,14.25,0.0,6012.0,1.0,19.0,En Operación
2018-07-01 21:35:00,0.0,1007.85,0.0,14.25,0.0,6013.0,1.0,19.0,En Operación
2018-07-01 21:40:00,0.0,1007.84,0.0,14.28,0.2,6014.0,1.0,19.0,En Operación
2018-07-01 21:45:00,0.0,1007.82,0.0,14.3,0.4,6015.0,1.0,19.0,En Operación
2018-07-01 21:50:00,0.0,1007.81,0.0,14.32,0.6,6016.0,1.0,19.0,En Operación
2018-07-01 21:55:00,0.0,1007.8,0.0,14.35,0.8,6017.0,1.0,19.0,En Operación
2018-07-01 22:00:00,0.0,1007.8,0.0,14.35,0.8,6018.0,1.0,19.0,En Operación
2018-07-01 22:05:00,0.0,1007.8,0.0,14.35,0.8,6019.0,1.0,19.0,En Operación
2018-07-01 22:10:00,0.04,1007.95,0.0,14.35,1.2,6020.0,1.0,19.0,En Operación
2018-07-01 22:15:00,0.08,1008.1,0.0,14.35,1.6,6021.0,1.0,19.0,En Operación
2018-07-01 22:20:00,0.11,1008.25,0.0,14.35,2.0,6022.0,1.0,19.0,En Operación
2018-07-01 22:25:00,0.15,1008.4,0.0,14.35,2.4,6023.0,1.0,19.0,En Operación
2018-07-01 22:30:00,0.15,1008.4,0.0,14.35,2.4,6024.0,1.0,19.0,En Operación
2018-07-01 22:35:00,0.15,1008.4,0.0,14.35,2.4,6025.0,1.0,19.0,En Operación
2018-07-01 22:40:00,0.18,1008.42,0.0,14.29,2.2,6026.0,1.0,19.0,En Operación
2018-07-01 22:45:00,0.2,1008.45,0.0,14.22,2.0,6027.0,1.0,19.0,En Operación
2018-07-01 22:50:00,0.22,1008.48,0.0,14.16,1.8,6028.0,1.0,19.0,En Operación
2018-07-01 22:55:00,0.25,1008.5,0.0,14.1,1.6,6029.0,1.0,19.0,En Operación
2018-07-01 23:00:00,0.25,1008.5,0.0,14.1,1.6,6030.0,1.0,19.0,En Operación
2018-07-01 23:05:00,0.25,1008.5,0.0,14.1,1.6,6031.0,1.0,19.0,En Operación
2018-07-01 23:10:00,0.25,1008.48,0.0,13.94,1.6,6032.0,1.0,19.0,En Operación
2018-07-01 23:15:00,0.25,1008.45,0.0,13.77,1.6,6033.0,1.0,19.0,En Operación
2018-07-01 23:20:00,0.25,1008.42,0.0,13.61,1.6,6034.0,1.0,19.0,En Operación
2018-07-01 23:25:00,0.25,1008.4,0.0,13.45,1.6,6035.0,1.0,19.0,En Operación
2018-07-01 23:30:00,0.25,1008.4,0.0,13.45,1.6,6036.0,1.0,19.0,En Operación
2018-07-01 23:35:00,0.25,1008.4,0.0,13.45,1.6,6037.0,1.0,19.0,En Operación
2018-07-01 23:40:00,0.25,1008.35,0.0,13.42,2.0,6038.0,1.0,19.0,En Operación
2018-07-01 23:45:00,0.25,1008.3,0.0,13.4,2.4,6039.0,1.0,19.0,En Operación
2018-07-01 23:50:00,0.25,1008.25,0.0,13.38,2.8,6040.0,1.0,19.0,En Operación
2018-07-01 23:55:00,0.25,1008.2,0.0,13.35,3.2,6041.0,1.0,19.0,En Operación
2018-07-02 00:00:00,0.25,1008.2,0.0,13.35,3.2,6042.0,1.0,19.0,En Operación
2018-07-02 00:05:00,0.25,1008.2,0.0,13.35,3.2,6043.0,1.0,19.0,En Operación
2018-07-02 00:10:00,0.19,1008.11,0.0,13.24,3.0,6044.0,1.0,19.0,En Operación
2018-07-02 00:15:00,0.12,1008.03,0.0,13.12,2.8,6045.0,1.0,19.0,En Operación
2018-07-02 00:20:00,0.06,1007.94,0.0,13.01,2.6,6046.0,1.0,19.0,En Operación
2018-07-02 00:25:00,0.0,1007.85,0.0,12.9,2.4,6047.0,1.0,19.0,En Operación
2018-07-02 00:30:00,0.0,1007.85,0.0,12.9,2.4,6048.0,1.0,19.0,En Operación
2018-07-02 00:35:00,0.0,1007.85,0.0,12.9,2.4,6049.0,1.0,19.0,En Operación
2018-07-02 00:40:00,0.0,1007.88,0.0,12.91,2.4,6050.0,1.0,19.0,En Operación
2018-07-02 00:45:00,0.0,1007.9,0.0,12.92,2.4,6051.0,1.0,19.0,En Operación
2018-07-02 00:50:00,0.0,1007.92,0.0,12.94,2.4,6052.0,1.0,19.0,En Operación
2018-07-02 00:55:00,0.0,1007.95,0.0,12.95,2.4,6053.0,1.0,19.0,En Operación
2018-07-02 01:00:00,0.0,1007.95,0.0,12.95,2.4,6054.0,1.0,19.0,En Operación
2018-07-02 01:05:00,0.0,1007.95,0.0,12.95,2.4,6055.0,1.0,19.0,En Operación
2018-07-02 01:10:00,0.0,1008.0,0.0,12.95,1.8,6056.0,1.0,19.0,En Operación
2018-07-02 01:15:00,0.0,1008.05,0.0,12.95,1.2,6057.0,1.0,19.0,En Operación
2018-07-02 01:20:00,0.0,1008.1,0.0,12.95,0.6,6058.0,1.0,19.0,En Operación
2018-07-02 01:25:00,0.0,1008.15,0.0,12.95,0.0,6059.0,1.0,19.0,En Operación
2018-07-02 01:30:00,0.0,1008.15,0.0,12.95,0.0,6060.0,1.0,19.0,En Operación
2018-07-02 01:35:00,0.0,1008.15,0.0,12.95,0.0,6061.0,1.0,19.0,En Operación
2018-07-02 01:40:00,0.0,1008.11,0.0,12.98,0.0,6062.0,1.0,19.0,En Operación
2018-07-02 01:45:00,0.0,1008.08,0.0,13.0,0.0,6063.0,1.0,19.0,En Operación
2018-07-02 01:50:00,0.0,1008.04,0.0,13.02,0.0,6064.0,1.0,19.0,En Operación
2018-07-02 01:55:00,0.0,1008.0,0.0,13.05,0.0,6065.0,1.0,19.0,En Operación
2018-07-02 02:00:00,0.0,1008.0,0.0,13.05,0.0,6066.0,1.0,19.0,En Operación
2018-07-02 02:05:00,0.0,1008.0,0.0,13.05,0.0,6067.0,1.0,19.0,En Operación
2018-07-02 02:10:00,0.0,1008.08,0.0,13.08,0.2,6068.0,1.0,19.0,En Operación
2018-07-02 02:15:00,0.0,1008.15,0.0,13.1,0.4,6069.0,1.0,19.0,En Operación
2018-07-02 02:20:00,0.0,1008.22,0.0,13.12,0.6,6070.0,1.0,19.0,En Operación
2018-07-02 02:25:00,0.0,1008.3,0.0,13.15,0.8,6071.0,1.0,19.0,En Operación
2018-07-02 02:30:00,0.0,1008.3,0.0,13.15,0.8,6072.0,1.0,19.0,En Operación
2018-07-02 02:35:00,0.0,1008.3,0.0,13.15,0.8,6073.0,1.0,19.0,En Operación
2018-07-02 02:40:00,0.0,1008.32,0.0,13.14,1.2,6074.0,1.0,19.0,En Operación
2018-07-02 02:45:00,0.0,1008.35,0.0,13.12,1.6,6075.0,1.0,19.0,En Operación
2018-07-02 02:50:00,0.0,1008.38,0.0,13.11,2.0,6076.0,1.0,19.0,En Operación
2018-07-02 02:55:00,0.0,1008.4,0.0,13.1,2.4,6077.0,1.0,19.0,En Operación
2018-07-02 03:00:00,0.0,1008.4,0.0,13.1,2.4,6078.0,1.0,19.0,En Operación
2018-07-02 03:05:00,0.0,1008.4,0.0,13.1,2.4,6079.0,1.0,19.0,En Operación
2018-07-02 03:10:00,0.0,1008.5,0.0,13.09,2.6,6080.0,1.0,19.0,En Operación
2018-07-02 03:15:00,0.0,1008.6,0.0,13.08,2.8,6081.0,1.0,19.0,En Operación
2018-07-02 03:20:00,0.0,1008.7,0.0,13.06,3.0,6082.0,1.0,19.0,En Operación
2018-07-02 03:25:00,0.0,1008.8,0.0,13.05,3.2,6083.0,1.0,19.0,En Operación
2018-07-02 03:30:00,0.0,1008.8,0.0,13.05,3.2,6084.0,1.0,19.0,En Operación
2018-07-02 03:35:00,0.0,1008.8,0.0,13.05,3.2,6085.0,1.0,19.0,En Operación
2018-07-02 03:40:00,0.0,1008.79,0.0,13.01,2.8,6086.0,1.0,19.0,En Operación
2018-07-02 03:45:00,0.0,1008.78,0.0,12.98,2.4,6087.0,1.0,19.0,En Operación
2018-07-02 03:50:00,0.0,1008.76,0.0,12.94,2.0,6088.0,1.0,19.0,En Operación
2018-07-02 03:55:00,0.0,1008.75,0.0,12.9,1.6,6089.0,1.0,19.0,En Operación
2018-07-02 04:00:00,0.0,1008.75,0.0,12.9,1.6,6090.0,1.0,19.0,En Operación
2018-07-02 04:05:00,0.0,1008.75,0.0,12.9,1.6,6091.0,1.0,19.0,En Operación
2018-07-02 04:10:00,0.0,1008.75,0.0,12.88,1.8,6092.0,1.0,19.0,En Operación
2018-07-02 04:15:00,0.0,1008.75,0.0,12.85,2.0,6093.0,1.0,19.0,En Operación
2018-07-02 04:20:00,0.0,1008.75,0.0,12.82,2.2,6094.0,1.0,19.0,En Operación
2018-07-02 04:25:00,0.0,1008.75,0.0,12.8,2.4,6095.0,1.0,19.0,En Operación
2018-07-02 04:30:00,0.0,1008.75,0.0,12.8,2.4,6096.0,1.0,19.0,En Operación
2018-07-02 04:35:00,0.0,1008.75,0.0,12.8,2.4,6097.0,1.0,19.0,En Operación
2018-07-02 04:40:00,0.0,1008.82,0.0,12.76,3.0,6098.0,1.0,19.0,En Operación
2018-07-02 04:45:00,0.0,1008.9,0.0,12.73,3.6,6099.0,1.0,19.0,En Operación
2018-07-02 04:50:00,0.0,1008.97,0.0,12.69,4.2,6100.0,1.0,19.0,En Operación
2018-07-02 04:55:00,0.0,1009.05,0.0,12.65,4.8,6101.0,1.0,19.0,En Operación
2018-07-02 05:00:00,0.0,1009.05,0.0,12.65,4.8,6102.0,1.0,19.0,En Operación
2018-07-02 05:05:00,0.0,1009.05,0.0,12.65,4.8,6103.0,1.0,19.0,En Operación
2018-07-02 05:10:00,0.0,1009.11,0.0,12.56,5.41,6104.0,1.0,19.0,En Operación
2018-07-02 05:15:00,0.0,1009.18,0.0,12.48,6.02,6105.0,1.0,19.0,En Operación
2018-07-02 05:20:00,0.0,1009.24,0.0,12.39,6.64,6106.0,1.0,19.0,En Operación
2018-07-02 05:25:00,0.0,1009.3,0.0,12.3,7.25,6107.0,1.0,19.0,En Operación
2018-07-02 05:30:00,0.0,1009.3,0.0,12.3,7.25,6108.0,1.0,19.0,En Operación
2018-07-02 05:35:00,0.0,1009.3,0.0,12.3,7.25,6109.0,1.0,19.0,En Operación
2018-07-02 05:40:00,0.0,1009.38,0.0,12.26,6.84,6110.0,1.0,19.0,En Operación
2018-07-02 05:45:00,0.0,1009.45,0.0,12.23,6.42,6111.0,1.0,19.0,En Operación
2018-07-02 05:50:00,0.0,1009.52,0.0,12.19,6.01,6112.0,1.0,19.0,En Operación
2018-07-02 05:55:00,0.0,1009.6,0.0,12.15,5.6,6113.0,1.0,19.0,En Operación
2018-07-02 06:00:00,0.0,1009.6,0.0,12.15,5.6,6114.0,1.0,19.0,En Operación
2018-07-02 06:05:00,0.0,1009.6,0.0,12.15,5.6,6115.0,1.0,19.0,En Operación
2018-07-02 06:10:00,0.0,1009.74,0.0,12.02,6.21,6116.0,1.0,19.0,En Operación
2018-07-02 06:15:00,0.0,1009.88,0.0,11.9,6.82,6117.0,1.0,19.0,En Operación
2018-07-02 06:20:00,0.0,1010.01,0.0,11.78,7.44,6118.0,1.0,19.0,En Operación
2018-07-02 06:25:00,0.0,1010.15,0.0,11.65,8.05,6119.0,1.0,19.0,En Operación
2018-07-02 06:30:00,0.0,1010.15,0.0,11.65,8.05,6120.0,1.0,19.0,En Operación
2018-07-02 06:35:00,0.0,1010.15,0.0,11.65,8.05,6121.0,1.0,19.0,En Operación
2018-07-02 06:40:00,0.0,1010.21,0.0,11.65,8.25,6122.0,1.0,19.0,En Operación
2018-07-02 06:45:00,0.0,1010.28,0.0,11.65,8.45,6123.0,1.0,19.0,En Operación
2018-07-02 06:50:00,0.0,1010.34,0.0,11.65,8.65,6124.0,1.0,19.0,En Operación
2018-07-02 06:55:00,0.0,1010.4,0.0,11.65,8.85,6125.0,1.0,19.0,En Operación
2018-07-02 07:00:00,0.0,1010.4,0.0,11.65,8.85,6126.0,1.0,19.0,En Operación
2018-07-02 07:05:00,0.0,1010.4,0.0,11.65,8.85,6127.0,1.0,19.0,En Operación
2018-07-02 07:10:00,0.0,1010.61,0.0,11.64,8.24,6128.0,1.0,19.0,En Operación
2018-07-02 07:15:00,0.0,1010.82,0.0,11.62,7.62,6129.0,1.0,19.0,En Operación
2018-07-02 07:20:00,0.0,1011.04,0.0,11.61,7.01,6130.0,1.0,19.0,En Operación
2018-07-02 07:25:00,0.0,1011.25,0.0,11.6,6.4,6131.0,1.0,19.0,En Operación
2018-07-02 07:30:00,0.0,1011.25,0.0,11.6,6.4,6132.0,1.0,19.0,En Operación
2018-07-02 07:35:00,0.0,1011.25,0.0,11.6,6.4,6133.0,1.0,19.0,En Operación
2018-07-02 07:40:00,0.0,1011.34,0.0,11.61,6.4,6134.0,1.0,19.0,En Operación
2018-07-02 07:45:00,0.0,1011.42,0.0,11.62,6.4,6135.0,1.0,19.0,En Operación
2018-07-02 07:50:00,0.0,1011.51,0.0,11.64,6.4,6136.0,1.0,19.0,En Operación
2018-07-02 07:55:00,0.0,1011.6,0.0,11.65,6.4,6137.0,1.0,19.0,En Operación
2018-07-02 08:00:00,0.0,1011.6,0.0,11.65,6.4,6138.0,1.0,19.0,En Operación
2018-07-02 08:05:00,0.0,1011.6,0.0,11.65,6.4,6139.0,1.0,19.0,En Operación
2018-07-02 08:10:00,0.02,1011.8,0.0,11.7,6.81,6140.0,1.0,19.0,En Operación
2018-07-02 08:15:00,0.05,1012.0,0.0,11.75,7.22,6141.0,1.0,19.0,En Operación
2018-07-02 08:20:00,0.08,1012.2,0.0,11.8,7.64,6142.0,1.0,19.0,En Operación
2018-07-02 08:25:00,0.1,1012.4,0.0,11.85,8.05,6143.0,1.0,19.0,En Operación
2018-07-02 08:30:00,0.1,1012.4,0.0,11.85,8.05,6144.0,1.0,19.0,En Operación
2018-07-02 08:35:00,0.1,1012.4,0.0,11.85,8.05,6145.0,1.0,19.0,En Operación
2018-07-02 08:40:00,0.1,1012.49,0.0,11.85,8.25,6146.0,1.0,19.0,En Operación
2018-07-02 08:45:00,0.1,1012.58,0.0,11.85,8.45,6147.0,1.0,19.0,En Operación
2018-07-02 08:50:00,0.1,1012.66,0.0,11.85,8.65,6148.0,1.0,19.0,En Operación
2018-07-02 08:55:00,0.1,1012.75,0.0,11.85,8.85,6149.0,1.0,19.0,En Operación
2018-07-02 09:00:00,0.1,1012.75,0.0,11.85,8.85,6150.0,1.0,19.0,En Operación
2018-07-02 09:05:00,0.1,1012.75,0.0,11.85,8.85,6151.0,1.0,19.0,En Operación
2018-07-02 09:10:00,0.1,1012.98,0.0,11.85,8.85,6152.0,1.0,19.0,En Operación
2018-07-02 09:15:00,0.1,1013.2,0.0,11.85,8.85,6153.0,1.0,19.0,En Operación
2018-07-02 09:20:00,0.1,1013.42,0.0,11.85,8.85,6154.0,1.0,19.0,En Operación
2018-07-02 09:25:00,0.1,1013.65,0.0,11.85,8.85,6155.0,1.0,19.0,En Operación
2018-07-02 09:30:00,0.1,1013.65,0.0,11.85,8.85,6156.0,1.0,19.0,En Operación
2018-07-02 09:35:00,0.1,1013.65,0.0,11.85,8.85,6157.0,1.0,19.0,En Operación
2018-07-02 09:40:00,0.1,1013.9,0.0,11.82,7.84,6158.0,1.0,19.0,En Operación
2018-07-02 09:45:00,0.1,1014.15,0.0,11.8,6.82,6159.0,1.0,19.0,En Operación
2018-07-02 09:50:00,0.1,1014.4,0.0,11.78,5.81,6160.0,1.0,19.0,En Operación
2018-07-02 09:55:00,0.1,1014.65,0.0,11.75,4.8,6161.0,1.0,19.0,En Operación
2018-07-02 10:00:00,0.1,1014.65,0.0,11.75,4.8,6162.0,1.0,19.0,En Operación
2018-07-02 10:05:00,0.1,1014.65,0.0,11.75,4.8,6163.0,1.0,19.0,En Operación
2018-07-02 10:10:00,0.1,1014.85,0.0,11.65,5.2,6164.0,1.0,19.0,En Operación
2018-07-02 10:15:00,0.1,1015.05,0.0,11.55,5.6,6165.0,1.0,19.0,En Operación
2018-07-02 10:20:00,0.1,1015.25,0.0,11.45,6.0,6166.0,1.0,19.0,En Operación
2018-07-02 10:25:00,0.1,1015.45,0.0,11.35,6.4,6167.0,1.0,19.0,En Operación
2018-07-02 10:30:00,0.1,1015.45,0.0,11.35,6.4,6168.0,1.0,19.0,En Operación
2018-07-02 10:35:00,0.1,1015.45,0.0,11.35,6.4,6169.0,1.0,19.0,En Operación
2018-07-02 10:40:00,0.1,1015.59,0.0,11.29,7.01,6170.0,1.0,19.0,En Operación
2018-07-02 10:45:00,0.1,1015.72,0.0,11.22,7.62,6171.0,1.0,19.0,En Operación
2018-07-02 10:50:00,0.1,1015.86,0.0,11.16,8.24,6172.0,1.0,19.0,En Operación
2018-07-02 10:55:00,0.1,1016.0,0.0,11.1,8.85,6173.0,1.0,19.0,En Operación
2018-07-02 11:00:00,0.1,1016.0,0.0,11.1,8.85,6174.0,1.0,19.0,En Operación
2018-07-02 11:05:00,0.1,1016.0,0.0,11.1,8.85,6175.0,1.0,19.0,En Operación
2018-07-02 11:10:00,0.1,1016.06,0.0,11.16,8.25,6176.0,1.0,19.0,En Operación
2018-07-02 11:15:00,0.1,1016.12,0.0,11.22,7.65,6177.0,1.0,19.0,En Operación
2018-07-02 11:20:00,0.1,1016.19,0.0,11.29,7.05,6178.0,1.0,19.0,En Operación
2018-07-02 11:25:00,0.1,1016.25,0.0,11.35,6.45,6179.0,1.0,19.0,En Operación
2018-07-02 11:30:00,0.1,1016.25,0.0,11.35,6.45,6180.0,1.0,19.0,En Operación
2018-07-02 11:35:00,0.1,1016.25,0.0,11.35,6.45,6181.0,1.0,19.0,En Operación
2018-07-02 11:40:00,0.1,1016.28,0.0,11.36,6.45,6182.0,1.0,19.0,En Operación
2018-07-02 11:45:00,0.1,1016.3,0.0,11.38,6.45,6183.0,1.0,19.0,En Operación
2018-07-02 11:50:00,0.1,1016.32,0.0,11.39,6.45,6184.0,1.0,19.0,En Operación
2018-07-02 11:55:00,0.1,1016.35,0.0,11.4,6.45,6185.0,1.0,19.0,En Operación
2018-07-02 12:00:00,0.1,1016.35,0.0,11.4,6.45,6186.0,1.0,19.0,En Operación
2018-07-02 12:05:00,0.1,1016.35,0.0,11.4,6.45,6187.0,1.0,19.0,En Operación
2018-07-02 12:10:00,0.14,1016.42,0.0,11.5,6.45,6188.0,1.0,19.0,En Operación
2018-07-02 12:15:00,0.18,1016.5,0.0,11.6,6.45,6189.0,1.0,19.0,En Operación
2018-07-02 12:20:00,0.21,1016.58,0.0,11.7,6.45,6190.0,1.0,19.0,En Operación
2018-07-02 12:25:00,0.25,1016.65,0.0,11.8,6.45,6191.0,1.0,19.0,En Operación
2018-07-02 12:30:00,0.25,1016.65,0.0,11.8,6.45,6192.0,1.0,19.0,En Operación
2018-07-02 12:35:00,0.25,1016.65,0.0,11.8,6.45,6193.0,1.0,19.0,En Operación
2018-07-02 12:40:00,0.25,1016.6,0.0,11.86,6.45,6194.0,1.0,19.0,En Operación
2018-07-02 12:45:00,0.25,1016.55,0.0,11.92,6.45,6195.0,1.0,19.0,En Operación
2018-07-02 12:50:00,0.25,1016.5,0.0,11.99,6.45,6196.0,1.0,19.0,En Operación
2018-07-02 12:55:00,0.25,1016.45,0.0,12.05,6.45,6197.0,1.0,19.0,En Operación
2018-07-02 13:00:00,0.25,1016.45,0.0,12.05,6.45,6198.0,1.0,19.0,En Operación
2018-07-02 13:05:00,0.25,1016.45,0.0,12.05,6.45,6199.0,1.0,19.0,En Operación
2018-07-02 13:10:00,0.25,1016.49,0.0,12.28,7.46,6200.0,1.0,19.0,En Operación
2018-07-02 13:15:00,0.25,1016.53,0.0,12.5,8.48,6201.0,1.0,19.0,En Operación
2018-07-02 13:20:00,0.25,1016.56,0.0,12.72,9.49,6202.0,1.0,19.0,En Operación
2018-07-02 13:25:00,0.25,1016.6,0.0,12.95,10.5,6203.0,1.0,19.0,En Operación
2018-07-02 13:30:00,0.25,1016.6,0.0,12.95,10.5,6204.0,1.0,19.0,En Operación
2018-07-02 13:35:00,0.25,1016.6,0.0,12.95,10.5,6205.0,1.0,19.0,En Operación
2018-07-02 13:40:00,0.25,1016.65,0.0,12.92,11.5,6206.0,1.0,19.0,En Operación
2018-07-02 13:45:00,0.25,1016.7,0.0,12.9,12.5,6207.0,1.0,19.0,En Operación
2018-07-02 13:50:00,0.25,1016.75,0.0,12.88,13.5,6208.0,1.0,19.0,En Operación
2018-07-02 13:55:00,0.25,1016.8,0.0,12.85,14.5,6209.0,1.0,19.0,En Operación
2018-07-02 14:00:00,0.25,1016.8,0.0,12.85,14.5,6210.0,1.0,19.0,En Operación
2018-07-02 14:05:00,0.25,1016.8,0.0,12.85,14.5,6211.0,1.0,19.0,En Operación
2018-07-02 14:10:00,0.25,1016.89,0.0,12.82,13.09,6212.0,1.0,19.0,En Operación
2018-07-02 14:15:00,0.25,1016.97,0.0,12.8,11.68,6213.0,1.0,19.0,En Operación
2018-07-02 14:20:00,0.25,1017.06,0.0,12.78,10.26,6214.0,1.0,19.0,En Operación
2018-07-02 14:25:00,0.25,1017.15,0.0,12.75,8.85,6215.0,1.0,19.0,En Operación
2018-07-02 14:30:00,0.25,1017.15,0.0,12.75,8.85,6216.0,1.0,19.0,En Operación
2018-07-02 14:35:00,0.25,1017.15,0.0,12.75,8.85,6217.0,1.0,19.0,En Operación
2018-07-02 14:40:00,0.25,1017.19,0.0,12.68,8.85,6218.0,1.0,19.0,En Operación
2018-07-02 14:45:00,0.25,1017.22,0.0,12.6,8.85,6219.0,1.0,19.0,En Operación
2018-07-02 14:50:00,0.25,1017.26,0.0,12.52,8.85,6220.0,1.0,19.0,En Operación
2018-07-02 14:55:00,0.25,1017.3,0.0,12.45,8.85,6221.0,1.0,19.0,En Operación
2018-07-02 15:00:00,0.25,1017.3,0.0,12.45,8.85,6222.0,1.0,19.0,En Operación
2018-07-02 15:05:00,0.25,1017.3,0.0,12.45,8.85,6223.0,1.0,19.0,En Operación
2018-07-02 15:10:00,0.25,1017.39,0.0,12.22,9.46,6224.0,1.0,19.0,En Operación
2018-07-02 15:15:00,0.25,1017.47,0.0,12.0,10.07,6225.0,1.0,19.0,En Operación
2018-07-02 15:20:00,0.25,1017.56,0.0,11.78,10.69,6226.0,1.0,19.0,En Operación
2018-07-02 15:25:00,0.25,1017.65,0.0,11.55,11.3,6227.0,1.0,19.0,En Operación
2018-07-02 15:30:00,0.25,1017.65,0.0,11.55,11.3,6228.0,1.0,19.0,En Operación
2018-07-02 15:35:00,0.25,1017.65,0.0,11.55,11.3,6229.0,1.0,19.0,En Operación
2018-07-02 15:40:00,0.25,1017.71,0.0,11.54,11.3,6230.0,1.0,19.0,En Operación
2018-07-02 15:45:00,0.25,1017.78,0.0,11.52,11.3,6231.0,1.0,19.0,En Operación
2018-07-02 15:50:00,0.25,1017.84,0.0,11.51,11.3,6232.0,1.0,19.0,En Operación
2018-07-02 15:55:00,0.25,1017.9,0.0,11.5,11.3,6233.0,1.0,19.0,En Operación
2018-07-02 16:00:00,0.25,1017.9,0.0,11.5,11.3,6234.0,1.0,19.0,En Operación
2018-07-02 16:05:00,0.25,1017.9,0.0,11.5,11.3,6235.0,1.0,19.0,En Operación
2018-07-02 16:10:00,0.25,1018.11,0.0,11.42,10.29,6236.0,1.0,19.0,En Operación
2018-07-02 16:15:00,0.25,1018.32,0.0,11.35,9.28,6237.0,1.0,19.0,En Operación
2018-07-02 16:20:00,0.25,1018.54,0.0,11.27,8.26,6238.0,1.0,19.0,En Operación
2018-07-02 16:25:00,0.25,1018.75,0.0,11.2,7.25,6239.0,1.0,19.0,En Operación
2018-07-02 16:30:00,0.25,1018.75,0.0,11.2,7.25,6240.0,1.0,19.0,En Operación
2018-07-02 16:35:00,0.25,1018.75,0.0,11.2,7.25,6241.0,1.0,19.0,En Operación
2018-07-02 16:40:00,0.25,1018.8,0.0,11.11,8.26,6242.0,1.0,19.0,En Operación
2018-07-02 16:45:00,0.25,1018.85,0.0,11.02,9.28,6243.0,1.0,19.0,En Operación
2018-07-02 16:50:00,0.25,1018.9,0.0,10.94,10.29,6244.0,1.0,19.0,En Operación
2018-07-02 16:55:00,0.25,1018.95,0.0,10.85,11.3,6245.0,1.0,19.0,En Operación
2018-07-02 17:00:00,0.25,1018.95,0.0,10.85,11.3,6246.0,1.0,19.0,En Operación
2018-07-02 17:05:00,0.25,1018.95,0.0,10.85,11.3,6247.0,1.0,19.0,En Operación
2018-07-02 17:10:00,0.25,1019.09,0.0,10.82,10.49,6248.0,1.0,19.0,En Operación
2018-07-02 17:15:00,0.25,1019.22,0.0,10.8,9.68,6249.0,1.0,19.0,En Operación
2018-07-02 17:20:00,0.25,1019.36,0.0,10.78,8.86,6250.0,1.0,19.0,En Operación
2018-07-02 17:25:00,0.25,1019.5,0.0,10.75,8.05,6251.0,1.0,19.0,En Operación
2018-07-02 17:30:00,0.25,1019.5,0.0,10.75,8.05,6252.0,1.0,19.0,En Operación
2018-07-02 17:35:00,0.25,1019.5,0.0,10.75,8.05,6253.0,1.0,19.0,En Operación
2018-07-02 17:40:00,0.25,1019.56,0.0,10.76,8.05,6254.0,1.0,19.0,En Operación
2018-07-02 17:45:00,0.25,1019.62,0.0,10.78,8.05,6255.0,1.0,19.0,En Operación
2018-07-02 17:50:00,0.25,1019.69,0.0,10.79,8.05,6256.0,1.0,19.0,En Operación
2018-07-02 17:55:00,0.25,1019.75,0.0,10.8,8.05,6257.0,1.0,19.0,En Operación
2018-07-02 18:00:00,0.25,1019.75,0.0,10.8,8.05,6258.0,1.0,19.0,En Operación
2018-07-02 18:05:00,0.25,1019.75,0.0,10.8,8.05,6259.0,1.0,19.0,En Operación
2018-07-02 18:10:00,0.25,1019.91,0.0,10.74,8.66,6260.0,1.0,19.0,En Operación
2018-07-02 18:15:00,0.25,1020.08,0.0,10.68,9.28,6261.0,1.0,19.0,En Operación
2018-07-02 18:20:00,0.25,1020.24,0.0,10.61,9.89,6262.0,1.0,19.0,En Operación
2018-07-02 18:25:00,0.25,1020.4,0.0,10.55,10.5,6263.0,1.0,19.0,En Operación
2018-07-02 18:30:00,0.25,1020.4,0.0,10.55,10.5,6264.0,1.0,19.0,En Operación
2018-07-02 18:35:00,0.25,1020.4,0.0,10.55,10.5,6265.0,1.0,19.0,En Operación
2018-07-02 18:40:00,0.25,1020.45,0.0,10.48,10.5,6266.0,1.0,19.0,En Operación
2018-07-02 18:45:00,0.25,1020.5,0.0,10.4,10.5,6267.0,1.0,19.0,En Operación
2018-07-02 18:50:00,0.25,1020.55,0.0,10.32,10.5,6268.0,1.0,19.0,En Operación
2018-07-02 18:55:00,0.25,1020.6,0.0,10.25,10.5,6269.0,1.0,19.0,En Operación
2018-07-02 19:00:00,0.25,1020.6,0.0,10.25,10.5,6270.0,1.0,19.0,En Operación
2018-07-02 19:05:00,0.25,1020.6,0.0,10.25,10.5,6271.0,1.0,19.0,En Operación
2018-07-02 19:10:00,0.25,1020.81,0.0,10.16,9.89,6272.0,1.0,19.0,En Operación
2018-07-02 19:15:00,0.25,1021.03,0.0,10.07,9.28,6273.0,1.0,19.0,En Operación
2018-07-02 19:20:00,0.25,1021.24,0.0,9.99,8.66,6274.0,1.0,19.0,En Operación
2018-07-02 19:25:00,0.25,1021.45,0.0,9.9,8.05,6275.0,1.0,19.0,En Operación
2018-07-02 19:30:00,0.25,1021.45,0.0,9.9,8.05,6276.0,1.0,19.0,En Operación
2018-07-02 19:35:00,0.25,1021.45,0.0,9.9,8.05,6277.0,1.0,19.0,En Operación
2018-07-02 19:40:00,0.25,1021.55,0.0,9.86,7.85,6278.0,1.0,19.0,En Operación
2018-07-02 19:45:00,0.25,1021.65,0.0,9.82,7.65,6279.0,1.0,19.0,En Operación
2018-07-02 19:50:00,0.25,1021.75,0.0,9.79,7.45,6280.0,1.0,19.0,En Operación
2018-07-02 19:55:00,0.25,1021.85,0.0,9.75,7.25,6281.0,1.0,19.0,En Operación
2018-07-02 20:00:00,0.25,1021.85,0.0,9.75,7.25,6282.0,1.0,19.0,En Operación
2018-07-02 20:05:00,0.25,1021.85,0.0,9.75,7.25,6283.0,1.0,19.0,En Operación
2018-07-02 20:10:00,0.25,1022.06,0.0,9.69,6.64,6284.0,1.0,19.0,En Operación
2018-07-02 20:15:00,0.25,1022.28,0.0,9.62,6.02,6285.0,1.0,19.0,En Operación
2018-07-02 20:20:00,0.25,1022.49,0.0,9.56,5.41,6286.0,1.0,19.0,En Operación
2018-07-02 20:25:00,0.25,1022.7,0.0,9.5,4.8,6287.0,1.0,19.0,En Operación
2018-07-02 20:30:00,0.25,1022.7,0.0,9.5,4.8,6288.0,1.0,19.0,En Operación
2018-07-02 20:35:00,0.25,1022.7,0.0,9.5,4.8,6289.0,1.0,19.0,En Operación
2018-07-02 20:40:00,0.25,1022.79,0.0,9.41,5.0,6290.0,1.0,19.0,En Operación
2018-07-02 20:45:00,0.25,1022.88,0.0,9.32,5.2,6291.0,1.0,19.0,En Operación
2018-07-02 20:50:00,0.25,1022.96,0.0,9.24,5.4,6292.0,1.0,19.0,En Operación
2018-07-02 20:55:00,0.25,1023.05,0.0,9.15,5.6,6293.0,1.0,19.0,En Operación
2018-07-02 21:00:00,0.25,1023.05,0.0,9.15,5.6,6294.0,1.0,19.0,En Operación
2018-07-02 21:05:00,0.25,1023.05,0.0,9.15,5.6,6295.0,1.0,19.0,En Operación
2018-07-02 21:10:00,0.25,1023.18,0.0,9.04,5.6,6296.0,1.0,19.0,En Operación
2018-07-02 21:15:00,0.25,1023.3,0.0,8.93,5.6,6297.0,1.0,19.0,En Operación
2018-07-02 21:20:00,0.25,1023.42,0.0,8.81,5.6,6298.0,1.0,19.0,En Operación
2018-07-02 21:25:00,0.25,1023.55,0.0,8.7,5.6,6299.0,1.0,19.0,En Operación
2018-07-02 21:30:00,0.25,1023.55,0.0,8.7,5.6,6300.0,1.0,19.0,En Operación
2018-07-02 21:35:00,0.25,1023.55,0.0,8.7,5.6,6301.0,1.0,19.0,En Operación
2018-07-02 21:40:00,0.25,1023.59,0.0,8.66,5.2,6302.0,1.0,19.0,En Operación
2018-07-02 21:45:00,0.25,1023.62,0.0,8.62,4.8,6303.0,1.0,19.0,En Operación
2018-07-02 21:50:00,0.25,1023.66,0.0,8.59,4.4,6304.0,1.0,19.0,En Operación
2018-07-02 21:55:00,0.25,1023.7,0.0,8.55,4.0,6305.0,1.0,19.0,En Operación
2018-07-02 22:00:00,0.25,1023.7,0.0,8.55,4.0,6306.0,1.0,19.0,En Operación
2018-07-02 22:05:00,0.25,1023.7,0.0,8.55,4.0,6307.0,1.0,19.0,En Operación
2018-07-02 22:10:00,0.25,1023.84,0.0,8.41,4.41,6308.0,1.0,19.0,En Operación
2018-07-02 22:15:00,0.25,1023.98,0.0,8.28,4.82,6309.0,1.0,19.0,En Operación
2018-07-02 22:20:00,0.25,1024.11,0.0,8.14,5.24,6310.0,1.0,19.0,En Operación
2018-07-02 22:25:00,0.25,1024.25,0.0,8.0,5.65,6311.0,1.0,19.0,En Operación
2018-07-02 22:30:00,0.25,1024.25,0.0,8.0,5.65,6312.0,1.0,19.0,En Operación
2018-07-02 22:35:00,0.25,1024.25,0.0,8.0,5.65,6313.0,1.0,19.0,En Operación
2018-07-02 22:40:00,0.25,1024.31,0.0,7.96,5.85,6314.0,1.0,19.0,En Operación
2018-07-02 22:45:00,0.25,1024.38,0.0,7.92,6.05,6315.0,1.0,19.0,En Operación
2018-07-02 22:50:00,0.25,1024.44,0.0,7.89,6.25,6316.0,1.0,19.0,En Operación
2018-07-02 22:55:00,0.25,1024.5,0.0,7.85,6.45,6317.0,1.0,19.0,En Operación
2018-07-02 23:00:00,0.25,1024.5,0.0,7.85,6.45,6318.0,1.0,19.0,En Operación
2018-07-02 23:05:00,0.25,1024.5,0.0,7.85,6.45,6319.0,1.0,19.0,En Operación
2018-07-02 23:10:00,0.25,1024.62,0.0,7.71,6.85,6320.0,1.0,19.0,En Operación
2018-07-02 23:15:00,0.25,1024.75,0.0,7.57,7.25,6321.0,1.0,19.0,En Operación
2018-07-02 23:20:00,0.25,1024.88,0.0,7.44,7.65,6322.0,1.0,19.0,En Operación
2018-07-02 23:25:00,0.25,1025.0,0.0,7.3,8.05,6323.0,1.0,19.0,En Operación
2018-07-02 23:30:00,0.25,1025.0,0.0,7.3,8.05,6324.0,1.0,19.0,En Operación
2018-07-02 23:35:00,0.25,1025.0,0.0,7.3,8.05,6325.0,1.0,19.0,En Operación
2018-07-02 23:40:00,0.25,1025.06,0.0,7.26,7.85,6326.0,1.0,19.0,En Operación
2018-07-02 23:45:00,0.25,1025.12,0.0,7.22,7.65,6327.0,1.0,19.0,En Operación
2018-07-02 23:50:00,0.25,1025.19,0.0,7.19,7.45,6328.0,1.0,19.0,En Operación
2018-07-02 23:55:00,0.25,1025.25,0.0,7.15,7.25,6329.0,1.0,19.0,En Operación
2018-07-03 00:00:00,0.25,1025.25,0.0,7.15,7.25,6330.0,1.0,19.0,En Operación
2018-07-03 00:05:00,0.25,1025.25,0.0,7.15,7.25,6331.0,1.0,19.0,En Operación
2018-07-03 00:10:00,0.19,1025.36,0.0,7.02,7.45,6332.0,1.0,19.0,En Operación
2018-07-03 00:15:00,0.12,1025.47,0.0,6.9,7.65,6333.0,1.0,19.0,En Operación
2018-07-03 00:20:00,0.06,1025.59,0.0,6.78,7.85,6334.0,1.0,19.0,En Operación
2018-07-03 00:25:00,0.0,1025.7,0.0,6.65,8.05,6335.0,1.0,19.0,En Operación
2018-07-03 00:30:00,0.0,1025.7,0.0,6.65,8.05,6336.0,1.0,19.0,En Operación
2018-07-03 00:35:00,0.0,1025.7,0.0,6.65,8.05,6337.0,1.0,19.0,En Operación
2018-07-03 00:40:00,0.0,1025.71,0.0,6.61,7.25,6338.0,1.0,19.0,En Operación
2018-07-03 00:45:00,0.0,1025.72,0.0,6.58,6.45,6339.0,1.0,19.0,En Operación
2018-07-03 00:50:00,0.0,1025.74,0.0,6.54,5.65,6340.0,1.0,19.0,En Operación
2018-07-03 00:55:00,0.0,1025.75,0.0,6.5,4.85,6341.0,1.0,19.0,En Operación
2018-07-03 01:00:00,0.0,1025.75,0.0,6.5,4.85,6342.0,1.0,19.0,En Operación
2018-07-03 01:05:00,0.0,1025.75,0.0,6.5,4.85,6343.0,1.0,19.0,En Operación
2018-07-03 01:10:00,0.0,1025.75,0.0,6.4,4.85,6344.0,1.0,19.0,En Operación
2018-07-03 01:15:00,0.0,1025.75,0.0,6.3,4.85,6345.0,1.0,19.0,En Operación
2018-07-03 01:20:00,0.0,1025.75,0.0,6.2,4.85,6346.0,1.0,19.0,En Operación
2018-07-03 01:25:00,0.0,1025.75,0.0,6.1,4.85,6347.0,1.0,19.0,En Operación
2018-07-03 01:30:00,0.0,1025.75,0.0,6.1,4.85,6348.0,1.0,19.0,En Operación
2018-07-03 01:35:00,0.0,1025.75,0.0,6.1,4.85,6349.0,1.0,19.0,En Operación
2018-07-03 01:40:00,0.0,1025.79,0.0,6.06,4.85,6350.0,1.0,19.0,En Operación
2018-07-03 01:45:00,0.0,1025.82,0.0,6.02,4.85,6351.0,1.0,19.0,En Operación
2018-07-03 01:50:00,0.0,1025.86,0.0,5.99,4.85,6352.0,1.0,19.0,En Operación
2018-07-03 01:55:00,0.0,1025.9,0.0,5.95,4.85,6353.0,1.0,19.0,En Operación
2018-07-03 02:00:00,0.0,1025.9,0.0,5.95,4.85,6354.0,1.0,19.0,En Operación
2018-07-03 02:05:00,0.0,1025.9,0.0,5.95,4.85,6355.0,1.0,19.0,En Operación
2018-07-03 02:10:00,0.0,1026.01,0.0,5.86,5.04,6356.0,1.0,19.0,En Operación
2018-07-03 02:15:00,0.0,1026.12,0.0,5.78,5.22,6357.0,1.0,19.0,En Operación
2018-07-03 02:20:00,0.0,1026.24,0.0,5.69,5.41,6358.0,1.0,19.0,En Operación
2018-07-03 02:25:00,0.0,1026.35,0.0,5.6,5.6,6359.0,1.0,19.0,En Operación
2018-07-03 02:30:00,0.0,1026.35,0.0,5.6,5.6,6360.0,1.0,19.0,En Operación
2018-07-03 02:35:00,0.0,1026.35,0.0,5.6,5.6,6361.0,1.0,19.0,En Operación
2018-07-03 02:40:00,0.0,1026.36,0.0,5.57,5.2,6362.0,1.0,19.0,En Operación
2018-07-03 02:45:00,0.0,1026.38,0.0,5.55,4.8,6363.0,1.0,19.0,En Operación
2018-07-03 02:50:00,0.0,1026.39,0.0,5.52,4.4,6364.0,1.0,19.0,En Operación
2018-07-03 02:55:00,0.0,1026.4,0.0,5.5,4.0,6365.0,1.0,19.0,En Operación
2018-07-03 03:00:00,0.0,1026.4,0.0,5.5,4.0,6366.0,1.0,19.0,En Operación
2018-07-03 03:05:00,0.0,1026.4,0.0,5.5,4.0,6367.0,1.0,19.0,En Operación
2018-07-03 03:10:00,0.0,1026.41,0.0,5.41,4.41,6368.0,1.0,19.0,En Operación
2018-07-03 03:15:00,0.0,1026.43,0.0,5.32,4.82,6369.0,1.0,19.0,En Operación
2018-07-03 03:20:00,0.0,1026.44,0.0,5.24,5.24,6370.0,1.0,19.0,En Operación
2018-07-03 03:25:00,0.0,1026.45,0.0,5.15,5.65,6371.0,1.0,19.0,En Operación
2018-07-03 03:30:00,0.0,1026.45,0.0,5.15,5.65,6372.0,1.0,19.0,En Operación
2018-07-03 03:35:00,0.0,1026.45,0.0,5.15,5.65,6373.0,1.0,19.0,En Operación
2018-07-03 03:40:00,0.0,1026.45,0.0,5.12,5.85,6374.0,1.0,19.0,En Operación
2018-07-03 03:45:00,0.0,1026.45,0.0,5.1,6.05,6375.0,1.0,19.0,En Operación
2018-07-03 03:50:00,0.0,1026.45,0.0,5.08,6.25,6376.0,1.0,19.0,En Operación
2018-07-03 03:55:00,0.0,1026.45,0.0,5.05,6.45,6377.0,1.0,19.0,En Operación
2018-07-03 04:00:00,0.0,1026.45,0.0,5.05,6.45,6378.0,1.0,19.0,En Operación
2018-07-03 04:05:00,0.0,1026.45,0.0,5.05,6.45,6379.0,1.0,19.0,En Operación
2018-07-03 04:10:00,0.0,1026.41,0.0,4.97,6.05,6380.0,1.0,19.0,En Operación
2018-07-03 04:15:00,0.0,1026.38,0.0,4.9,5.65,6381.0,1.0,19.0,En Operación
2018-07-03 04:20:00,0.0,1026.34,0.0,4.82,5.25,6382.0,1.0,19.0,En Operación
2018-07-03 04:25:00,0.0,1026.3,0.0,4.75,4.85,6383.0,1.0,19.0,En Operación
2018-07-03 04:30:00,0.0,1026.3,0.0,4.75,4.85,6384.0,1.0,19.0,En Operación
2018-07-03 04:35:00,0.0,1026.3,0.0,4.75,4.85,6385.0,1.0,19.0,En Operación
2018-07-03 04:40:00,0.0,1026.32,0.0,4.75,5.25,6386.0,1.0,19.0,En Operación
2018-07-03 04:45:00,0.0,1026.35,0.0,4.75,5.65,6387.0,1.0,19.0,En Operación
2018-07-03 04:50:00,0.0,1026.38,0.0,4.75,6.05,6388.0,1.0,19.0,En Operación
2018-07-03 04:55:00,0.0,1026.4,0.0,4.75,6.45,6389.0,1.0,19.0,En Operación
2018-07-03 05:00:00,0.0,1026.4,0.0,4.75,6.45,6390.0,1.0,19.0,En Operación
2018-07-03 05:05:00,0.0,1026.4,0.0,4.75,6.45,6391.0,1.0,19.0,En Operación
2018-07-03 05:10:00,0.0,1026.44,0.0,4.7,5.64,6392.0,1.0,19.0,En Operación
2018-07-03 05:15:00,0.0,1026.47,0.0,4.65,4.82,6393.0,1.0,19.0,En Operación
2018-07-03 05:20:00,0.0,1026.51,0.0,4.6,4.01,6394.0,1.0,19.0,En Operación
2018-07-03 05:25:00,0.0,1026.55,0.0,4.55,3.2,6395.0,1.0,19.0,En Operación
2018-07-03 05:30:00,0.0,1026.55,0.0,4.55,3.2,6396.0,1.0,19.0,En Operación
2018-07-03 05:35:00,0.0,1026.55,0.0,4.55,3.2,6397.0,1.0,19.0,En Operación
2018-07-03 05:40:00,0.0,1026.58,0.0,4.55,3.4,6398.0,1.0,19.0,En Operación
2018-07-03 05:45:00,0.0,1026.6,0.0,4.55,3.6,6399.0,1.0,19.0,En Operación
2018-07-03 05:50:00,0.0,1026.62,0.0,4.55,3.8,6400.0,1.0,19.0,En Operación
2018-07-03 05:55:00,0.0,1026.65,0.0,4.55,4.0,6401.0,1.0,19.0,En Operación
2018-07-03 06:00:00,0.0,1026.65,0.0,4.55,4.0,6402.0,1.0,19.0,En Operación
2018-07-03 06:05:00,0.0,1026.65,0.0,4.55,4.0,6403.0,1.0,19.0,En Operación
2018-07-03 06:10:00,0.0,1026.74,0.0,4.47,4.0,6404.0,1.0,19.0,En Operación
2018-07-03 06:15:00,0.0,1026.82,0.0,4.4,4.0,6405.0,1.0,19.0,En Operación
2018-07-03 06:20:00,0.0,1026.91,0.0,4.32,4.0,6406.0,1.0,19.0,En Operación
2018-07-03 06:25:00,0.0,1027.0,0.0,4.25,4.0,6407.0,1.0,19.0,En Operación
2018-07-03 06:30:00,0.0,1027.0,0.0,4.25,4.0,6408.0,1.0,19.0,En Operación
2018-07-03 06:35:00,0.0,1027.0,0.0,4.25,4.0,6409.0,1.0,19.0,En Operación
2018-07-03 06:40:00,0.0,1027.03,0.0,4.22,4.0,6410.0,1.0,19.0,En Operación
2018-07-03 06:45:00,0.0,1027.05,0.0,4.2,4.0,6411.0,1.0,19.0,En Operación
2018-07-03 06:50:00,0.0,1027.07,0.0,4.18,4.0,6412.0,1.0,19.0,En Operación
2018-07-03 06:55:00,0.0,1027.1,0.0,4.15,4.0,6413.0,1.0,19.0,En Operación
2018-07-03 07:00:00,0.0,1027.1,0.0,4.15,4.0,6414.0,1.0,19.0,En Operación
2018-07-03 07:05:00,0.0,1027.1,0.0,4.15,4.0,6415.0,1.0,19.0,En Operación
2018-07-03 07:10:00,0.0,1027.16,0.0,4.11,4.2,6416.0,1.0,19.0,En Operación
2018-07-03 07:15:00,0.0,1027.22,0.0,4.08,4.4,6417.0,1.0,19.0,En Operación
2018-07-03 07:20:00,0.0,1027.29,0.0,4.04,4.6,6418.0,1.0,19.0,En Operación
2018-07-03 07:25:00,0.0,1027.35,0.0,4.0,4.8,6419.0,1.0,19.0,En Operación
2018-07-03 07:30:00,0.0,1027.35,0.0,4.0,4.8,6420.0,1.0,19.0,En Operación
2018-07-03 07:35:00,0.0,1027.35,0.0,4.0,4.8,6421.0,1.0,19.0,En Operación
2018-07-03 07:40:00,0.0,1027.38,0.0,3.99,4.6,6422.0,1.0,19.0,En Operación
2018-07-03 07:45:00,0.0,1027.4,0.0,3.98,4.4,6423.0,1.0,19.0,En Operación
2018-07-03 07:50:00,0.0,1027.42,0.0,3.96,4.2,6424.0,1.0,19.0,En Operación
2018-07-03 07:55:00,0.0,1027.45,0.0,3.95,4.0,6425.0,1.0,19.0,En Operación
2018-07-03 08:00:00,0.0,1027.45,0.0,3.95,4.0,6426.0,1.0,19.0,En Operación
2018-07-03 08:05:00,0.0,1027.45,0.0,3.95,4.0,6427.0,1.0,19.0,En Operación
2018-07-03 08:10:00,0.0,1027.54,0.0,3.94,3.8,6428.0,1.0,19.0,En Operación
2018-07-03 08:15:00,0.0,1027.62,0.0,3.92,3.6,6429.0,1.0,19.0,En Operación
2018-07-03 08:20:00,0.0,1027.71,0.0,3.91,3.4,6430.0,1.0,19.0,En Operación
2018-07-03 08:25:00,0.0,1027.8,0.0,3.9,3.2,6431.0,1.0,19.0,En Operación
2018-07-03 08:30:00,0.0,1027.8,0.0,3.9,3.2,6432.0,1.0,19.0,En Operación
2018-07-03 08:35:00,0.0,1027.8,0.0,3.9,3.2,6433.0,1.0,19.0,En Operación
2018-07-03 08:40:00,0.0,1027.82,0.0,3.92,3.2,6434.0,1.0,19.0,En Operación
2018-07-03 08:45:00,0.0,1027.85,0.0,3.95,3.2,6435.0,1.0,19.0,En Operación
2018-07-03 08:50:00,0.0,1027.88,0.0,3.98,3.2,6436.0,1.0,19.0,En Operación
2018-07-03 08:55:00,0.0,1027.9,0.0,4.0,3.2,6437.0,1.0,19.0,En Operación
2018-07-03 09:00:00,0.0,1027.9,0.0,4.0,3.2,6438.0,1.0,19.0,En Operación
2018-07-03 09:05:00,0.0,1027.9,0.0,4.0,3.2,6439.0,1.0,19.0,En Operación
2018-07-03 09:10:00,0.0,1027.91,0.0,4.1,3.4,6440.0,1.0,19.0,En Operación
2018-07-03 09:15:00,0.0,1027.93,0.0,4.2,3.6,6441.0,1.0,19.0,En Operación
2018-07-03 09:20:00,0.0,1027.94,0.0,4.3,3.8,6442.0,1.0,19.0,En Operación
2018-07-03 09:25:00,0.0,1027.95,0.0,4.4,4.0,6443.0,1.0,19.0,En Operación
2018-07-03 09:30:00,0.0,1027.95,0.0,4.4,4.0,6444.0,1.0,19.0,En Operación
2018-07-03 09:35:00,0.0,1027.95,0.0,4.4,4.0,6445.0,1.0,19.0,En Operación
2018-07-03 09:40:00,0.0,1027.92,0.0,4.58,3.8,6446.0,1.0,19.0,En Operación
2018-07-03 09:45:00,0.0,1027.9,0.0,4.75,3.6,6447.0,1.0,19.0,En Operación
2018-07-03 09:50:00,0.0,1027.88,0.0,4.92,3.4,6448.0,1.0,19.0,En Operación
2018-07-03 09:55:00,0.0,1027.85,0.0,5.1,3.2,6449.0,1.0,19.0,En Operación
2018-07-03 10:00:00,0.0,1027.85,0.0,5.1,3.2,6450.0,1.0,19.0,En Operación
2018-07-03 10:05:00,0.0,1027.85,0.0,5.1,3.2,6451.0,1.0,19.0,En Operación
2018-07-03 10:10:00,0.0,1027.86,0.0,5.26,3.0,6452.0,1.0,19.0,En Operación
2018-07-03 10:15:00,0.0,1027.88,0.0,5.42,2.8,6453.0,1.0,19.0,En Operación
2018-07-03 10:20:00,0.0,1027.89,0.0,5.59,2.6,6454.0,1.0,19.0,En Operación
2018-07-03 10:25:00,0.0,1027.9,0.0,5.75,2.4,6455.0,1.0,19.0,En Operación
2018-07-03 10:30:00,0.0,1027.9,0.0,5.75,2.4,6456.0,1.0,19.0,En Operación
2018-07-03 10:35:00,0.0,1027.9,0.0,5.75,2.4,6457.0,1.0,19.0,En Operación
2018-07-03 10:40:00,0.0,1027.91,0.0,5.96,2.2,6458.0,1.0,19.0,En Operación
2018-07-03 10:45:00,0.0,1027.93,0.0,6.18,2.0,6459.0,1.0,19.0,En Operación
2018-07-03 10:50:00,0.0,1027.94,0.0,6.39,1.8,6460.0,1.0,19.0,En Operación
2018-07-03 10:55:00,0.0,1027.95,0.0,6.6,1.6,6461.0,1.0,19.0,En Operación
2018-07-03 11:00:00,0.0,1027.95,0.0,6.6,1.6,6462.0,1.0,19.0,En Operación
2018-07-03 11:05:00,0.0,1027.95,0.0,6.6,1.6,6463.0,1.0,19.0,En Operación
2018-07-03 11:10:00,0.0,1027.94,0.0,6.68,1.8,6464.0,1.0,19.0,En Operación
2018-07-03 11:15:00,0.0,1027.93,0.0,6.75,2.0,6465.0,1.0,19.0,En Operación
2018-07-03 11:20:00,0.0,1027.91,0.0,6.82,2.2,6466.0,1.0,19.0,En Operación
2018-07-03 11:25:00,0.0,1027.9,0.0,6.9,2.4,6467.0,1.0,19.0,En Operación
2018-07-03 11:30:00,0.0,1027.9,0.0,6.9,2.4,6468.0,1.0,19.0,En Operación
2018-07-03 11:35:00,0.0,1027.9,0.0,6.9,2.4,6469.0,1.0,19.0,En Operación
2018-07-03 11:40:00,0.0,1027.9,0.0,6.98,2.4,6470.0,1.0,19.0,En Operación
2018-07-03 11:45:00,0.0,1027.9,0.0,7.05,2.4,6471.0,1.0,19.0,En Operación
2018-07-03 11:50:00,0.0,1027.9,0.0,7.12,2.4,6472.0,1.0,19.0,En Operación
2018-07-03 11:55:00,0.0,1027.9,0.0,7.2,2.4,6473.0,1.0,19.0,En Operación
2018-07-03 12:00:00,0.0,1027.9,0.0,7.2,2.4,6474.0,1.0,19.0,En Operación
2018-07-03 12:05:00,0.0,1027.9,0.0,7.2,2.4,6475.0,1.0,19.0,En Operación
2018-07-03 12:10:00,0.0,1027.78,0.0,7.48,4.01,6476.0,1.0,19.0,En Operación
2018-07-03 12:15:00,0.0,1027.65,0.0,7.75,5.62,6477.0,1.0,19.0,En Operación
2018-07-03 12:20:00,0.0,1027.53,0.0,8.02,7.24,6478.0,1.0,19.0,En Operación
2018-07-03 12:25:00,0.0,1027.4,0.0,8.3,8.85,6479.0,1.0,19.0,En Operación
2018-07-03 12:30:00,0.0,1027.4,0.0,8.3,8.85,6480.0,1.0,19.0,En Operación
2018-07-03 12:35:00,0.0,1027.4,0.0,8.3,8.85,6481.0,1.0,19.0,En Operación
2018-07-03 12:40:00,0.0,1027.35,0.0,8.36,8.44,6482.0,1.0,19.0,En Operación
2018-07-03 12:45:00,0.0,1027.3,0.0,8.43,8.02,6483.0,1.0,19.0,En Operación
2018-07-03 12:50:00,0.0,1027.25,0.0,8.49,7.61,6484.0,1.0,19.0,En Operación
2018-07-03 12:55:00,0.0,1027.2,0.0,8.55,7.2,6485.0,1.0,19.0,En Operación
2018-07-03 13:00:00,0.0,1027.2,0.0,8.55,7.2,6486.0,1.0,19.0,En Operación
2018-07-03 13:05:00,0.0,1027.2,0.0,8.55,7.2,6487.0,1.0,19.0,En Operación
2018-07-03 13:10:00,0.0,1027.08,0.0,8.68,6.2,6488.0,1.0,19.0,En Operación
2018-07-03 13:15:00,0.0,1026.95,0.0,8.8,5.2,6489.0,1.0,19.0,En Operación
2018-07-03 13:20:00,0.0,1026.82,0.0,8.93,4.2,6490.0,1.0,19.0,En Operación
2018-07-03 13:25:00,0.0,1026.7,0.0,9.05,3.2,6491.0,1.0,19.0,En Operación
2018-07-03 13:30:00,0.0,1026.7,0.0,9.05,3.2,6492.0,1.0,19.0,En Operación
2018-07-03 13:35:00,0.0,1026.7,0.0,9.05,3.2,6493.0,1.0,19.0,En Operación
2018-07-03 13:40:00,0.0,1026.66,0.0,9.06,3.2,6494.0,1.0,19.0,En Operación
2018-07-03 13:45:00,0.0,1026.62,0.0,9.07,3.2,6495.0,1.0,19.0,En Operación
2018-07-03 13:50:00,0.0,1026.59,0.0,9.09,3.2,6496.0,1.0,19.0,En Operación
2018-07-03 13:55:00,0.0,1026.55,0.0,9.1,3.2,6497.0,1.0,19.0,En Operación
2018-07-03 14:00:00,0.0,1026.55,0.0,9.1,3.2,6498.0,1.0,19.0,En Operación
2018-07-03 14:05:00,0.0,1026.55,0.0,9.1,3.2,6499.0,1.0,19.0,En Operación
2018-07-03 14:10:00,0.0,1026.41,0.0,9.1,3.0,6500.0,1.0,19.0,En Operación
2018-07-03 14:15:00,0.0,1026.28,0.0,9.1,2.8,6501.0,1.0,19.0,En Operación
2018-07-03 14:20:00,0.0,1026.14,0.0,9.1,2.6,6502.0,1.0,19.0,En Operación
2018-07-03 14:25:00,0.0,1026.0,0.0,9.1,2.4,6503.0,1.0,19.0,En Operación
2018-07-03 14:30:00,0.0,1026.0,0.0,9.1,2.4,6504.0,1.0,19.0,En Operación
2018-07-03 14:35:00,0.0,1026.0,0.0,9.1,2.4,6505.0,1.0,19.0,En Operación
2018-07-03 14:40:00,0.0,1025.91,0.0,9.11,2.4,6506.0,1.0,19.0,En Operación
2018-07-03 14:45:00,0.0,1025.82,0.0,9.12,2.4,6507.0,1.0,19.0,En Operación
2018-07-03 14:50:00,0.0,1025.74,0.0,9.14,2.4,6508.0,1.0,19.0,En Operación
2018-07-03 14:55:00,0.0,1025.65,0.0,9.15,2.4,6509.0,1.0,19.0,En Operación
2018-07-03 15:00:00,0.0,1025.65,0.0,9.15,2.4,6510.0,1.0,19.0,En Operación
2018-07-03 15:05:00,0.0,1025.65,0.0,9.15,2.4,6511.0,1.0,19.0,En Operación
2018-07-03 15:10:00,0.0,1025.46,0.0,9.21,3.6,6512.0,1.0,19.0,En Operación
2018-07-03 15:15:00,0.0,1025.28,0.0,9.28,4.8,6513.0,1.0,19.0,En Operación
2018-07-03 15:20:00,0.0,1025.09,0.0,9.34,6.0,6514.0,1.0,19.0,En Operación
2018-07-03 15:25:00,0.0,1024.9,0.0,9.4,7.2,6515.0,1.0,19.0,En Operación
2018-07-03 15:30:00,0.0,1024.9,0.0,9.4,7.2,6516.0,1.0,19.0,En Operación
2018-07-03 15:35:00,0.0,1024.9,0.0,9.4,7.2,6517.0,1.0,19.0,En Operación
2018-07-03 15:40:00,0.0,1024.91,0.0,9.38,6.2,6518.0,1.0,19.0,En Operación
2018-07-03 15:45:00,0.0,1024.93,0.0,9.35,5.2,6519.0,1.0,19.0,En Operación
2018-07-03 15:50:00,0.0,1024.94,0.0,9.33,4.2,6520.0,1.0,19.0,En Operación
2018-07-03 15:55:00,0.0,1024.95,0.0,9.3,3.2,6521.0,1.0,19.0,En Operación
2018-07-03 16:00:00,0.0,1024.95,0.0,9.3,3.2,6522.0,1.0,19.0,En Operación
2018-07-03 16:05:00,0.0,1024.95,0.0,9.3,3.2,6523.0,1.0,19.0,En Operación
2018-07-03 16:10:00,0.0,1025.01,0.0,9.3,3.2,6524.0,1.0,19.0,En Operación
2018-07-03 16:15:00,0.0,1025.08,0.0,9.3,3.2,6525.0,1.0,19.0,En Operación
2018-07-03 16:20:00,0.0,1025.14,0.0,9.3,3.2,6526.0,1.0,19.0,En Operación
2018-07-03 16:25:00,0.0,1025.2,0.0,9.3,3.2,6527.0,1.0,19.0,En Operación
2018-07-03 16:30:00,0.0,1025.2,0.0,9.3,3.2,6528.0,1.0,19.0,En Operación
2018-07-03 16:35:00,0.0,1025.2,0.0,9.3,3.2,6529.0,1.0,19.0,En Operación
2018-07-03 16:40:00,0.0,1025.21,0.0,9.29,3.4,6530.0,1.0,19.0,En Operación
2018-07-03 16:45:00,0.0,1025.22,0.0,9.28,3.6,6531.0,1.0,19.0,En Operación
2018-07-03 16:50:00,0.0,1025.24,0.0,9.26,3.8,6532.0,1.0,19.0,En Operación
2018-07-03 16:55:00,0.0,1025.25,0.0,9.25,4.0,6533.0,1.0,19.0,En Operación
2018-07-03 17:00:00,0.0,1025.25,0.0,9.25,4.0,6534.0,1.0,19.0,En Operación
2018-07-03 17:05:00,0.0,1025.25,0.0,9.25,4.0,6535.0,1.0,19.0,En Operación
2018-07-03 17:10:00,0.0,1025.22,0.0,9.07,4.0,6536.0,1.0,19.0,En Operación
2018-07-03 17:15:00,0.0,1025.2,0.0,8.9,4.0,6537.0,1.0,19.0,En Operación
2018-07-03 17:20:00,0.0,1025.18,0.0,8.73,4.0,6538.0,1.0,19.0,En Operación
2018-07-03 17:25:00,0.0,1025.15,0.0,8.55,4.0,6539.0,1.0,19.0,En Operación
2018-07-03 17:30:00,0.0,1025.15,0.0,8.55,4.0,6540.0,1.0,19.0,En Operación
2018-07-03 17:35:00,0.0,1025.15,0.0,8.55,4.0,6541.0,1.0,19.0,En Operación
2018-07-03 17:40:00,0.0,1025.14,0.0,8.48,3.6,6542.0,1.0,19.0,En Operación
2018-07-03 17:45:00,0.0,1025.12,0.0,8.4,3.2,6543.0,1.0,19.0,En Operación
2018-07-03 17:50:00,0.0,1025.11,0.0,8.32,2.8,6544.0,1.0,19.0,En Operación
2018-07-03 17:55:00,0.0,1025.1,0.0,8.25,2.4,6545.0,1.0,19.0,En Operación
2018-07-03 18:00:00,0.0,1025.1,0.0,8.25,2.4,6546.0,1.0,19.0,En Operación
2018-07-03 18:05:00,0.0,1025.1,0.0,8.25,2.4,6547.0,1.0,19.0,En Operación
2018-07-03 18:10:00,0.0,1025.1,0.0,8.12,2.0,6548.0,1.0,19.0,En Operación
2018-07-03 18:15:00,0.0,1025.1,0.0,8.0,1.6,6549.0,1.0,19.0,En Operación
2018-07-03 18:20:00,0.0,1025.1,0.0,7.88,1.2,6550.0,1.0,19.0,En Operación
2018-07-03 18:25:00,0.0,1025.1,0.0,7.75,0.8,6551.0,1.0,19.0,En Operación
2018-07-03 18:30:00,0.0,1025.1,0.0,7.75,0.8,6552.0,1.0,19.0,En Operación
2018-07-03 18:35:00,0.0,1025.1,0.0,7.75,0.8,6553.0,1.0,19.0,En Operación
2018-07-03 18:40:00,0.0,1025.14,0.0,7.7,0.8,6554.0,1.0,19.0,En Operación
2018-07-03 18:45:00,0.0,1025.18,0.0,7.65,0.8,6555.0,1.0,19.0,En Operación
2018-07-03 18:50:00,0.0,1025.21,0.0,7.6,0.8,6556.0,1.0,19.0,En Operación
2018-07-03 18:55:00,0.0,1025.25,0.0,7.55,0.8,6557.0,1.0,19.0,En Operación
2018-07-03 19:00:00,0.0,1025.25,0.0,7.55,0.8,6558.0,1.0,19.0,En Operación
2018-07-03 19:05:00,0.0,1025.25,0.0,7.55,0.8,6559.0,1.0,19.0,En Operación
2018-07-03 19:10:00,0.0,1025.3,0.0,7.56,1.0,6560.0,1.0,19.0,En Operación
2018-07-03 19:15:00,0.0,1025.35,0.0,7.57,1.2,6561.0,1.0,19.0,En Operación
2018-07-03 19:20:00,0.0,1025.4,0.0,7.59,1.4,6562.0,1.0,19.0,En Operación
2018-07-03 19:25:00,0.0,1025.45,0.0,7.6,1.6,6563.0,1.0,19.0,En Operación
2018-07-03 19:30:00,0.0,1025.45,0.0,7.6,1.6,6564.0,1.0,19.0,En Operación
2018-07-03 19:35:00,0.0,1025.45,0.0,7.6,1.6,6565.0,1.0,19.0,En Operación
2018-07-03 19:40:00,0.0,1025.44,0.0,7.6,1.6,6566.0,1.0,19.0,En Operación
2018-07-03 19:45:00,0.0,1025.43,0.0,7.6,1.6,6567.0,1.0,19.0,En Operación
2018-07-03 19:50:00,0.0,1025.41,0.0,7.6,1.6,6568.0,1.0,19.0,En Operación
2018-07-03 19:55:00,0.0,1025.4,0.0,7.6,1.6,6569.0,1.0,19.0,En Operación
2018-07-03 20:00:00,0.0,1025.4,0.0,7.6,1.6,6570.0,1.0,19.0,En Operación
2018-07-03 20:05:00,0.0,1025.4,0.0,7.6,1.6,6571.0,1.0,19.0,En Operación
2018-07-03 20:10:00,0.0,1025.43,0.0,7.6,1.4,6572.0,1.0,19.0,En Operación
2018-07-03 20:15:00,0.0,1025.45,0.0,7.6,1.2,6573.0,1.0,19.0,En Operación
2018-07-03 20:20:00,0.0,1025.47,0.0,7.6,1.0,6574.0,1.0,19.0,En Operación
2018-07-03 20:25:00,0.0,1025.5,0.0,7.6,0.8,6575.0,1.0,19.0,En Operación
2018-07-03 20:30:00,0.0,1025.5,0.0,7.6,0.8,6576.0,1.0,19.0,En Operación
2018-07-03 20:35:00,0.0,1025.5,0.0,7.6,0.8,6577.0,1.0,19.0,En Operación
2018-07-03 20:40:00,0.0,1025.51,0.0,7.61,0.8,6578.0,1.0,19.0,En Operación
2018-07-03 20:45:00,0.0,1025.53,0.0,7.62,0.8,6579.0,1.0,19.0,En Operación
2018-07-03 20:50:00,0.0,1025.54,0.0,7.64,0.8,6580.0,1.0,19.0,En Operación
2018-07-03 20:55:00,0.0,1025.55,0.0,7.65,0.8,6581.0,1.0,19.0,En Operación
2018-07-03 21:00:00,0.0,1025.55,0.0,7.65,0.8,6582.0,1.0,19.0,En Operación
2018-07-03 21:05:00,0.0,1025.55,0.0,7.65,0.8,6583.0,1.0,19.0,En Operación
2018-07-03 21:10:00,0.0,1025.53,0.0,7.66,1.0,6584.0,1.0,19.0,En Operación
2018-07-03 21:15:00,0.0,1025.5,0.0,7.68,1.2,6585.0,1.0,19.0,En Operación
2018-07-03 21:20:00,0.0,1025.47,0.0,7.69,1.4,6586.0,1.0,19.0,En Operación
2018-07-03 21:25:00,0.0,1025.45,0.0,7.7,1.6,6587.0,1.0,19.0,En Operación
2018-07-03 21:30:00,0.0,1025.45,0.0,7.7,1.6,6588.0,1.0,19.0,En Operación
2018-07-03 21:35:00,0.0,1025.45,0.0,7.7,1.6,6589.0,1.0,19.0,En Operación
2018-07-03 21:40:00,0.0,1025.39,0.0,7.68,1.6,6590.0,1.0,19.0,En Operación
2018-07-03 21:45:00,0.0,1025.32,0.0,7.65,1.6,6591.0,1.0,19.0,En Operación
2018-07-03 21:50:00,0.0,1025.26,0.0,7.62,1.6,6592.0,1.0,19.0,En Operación
2018-07-03 21:55:00,0.0,1025.2,0.0,7.6,1.6,6593.0,1.0,19.0,En Operación
2018-07-03 22:00:00,0.0,1025.2,0.0,7.6,1.6,6594.0,1.0,19.0,En Operación
2018-07-03 22:05:00,0.0,1025.2,0.0,7.6,1.6,6595.0,1.0,19.0,En Operación
2018-07-03 22:10:00,0.0,1025.16,0.0,7.59,1.8,6596.0,1.0,19.0,En Operación
2018-07-03 22:15:00,0.0,1025.12,0.0,7.57,2.0,6597.0,1.0,19.0,En Operación
2018-07-03 22:20:00,0.0,1025.09,0.0,7.56,2.2,6598.0,1.0,19.0,En Operación
2018-07-03 22:25:00,0.0,1025.05,0.0,7.55,2.4,6599.0,1.0,19.0,En Operación
2018-07-03 22:30:00,0.0,1025.05,0.0,7.55,2.4,6600.0,1.0,19.0,En Operación
2018-07-03 22:35:00,0.0,1025.05,0.0,7.55,2.4,6601.0,1.0,19.0,En Operación
2018-07-03 22:40:00,0.0,1025.15,0.0,7.54,2.2,6602.0,1.0,19.0,En Operación
2018-07-03 22:45:00,0.0,1025.25,0.0,7.52,2.0,6603.0,1.0,19.0,En Operación
2018-07-03 22:50:00,0.0,1025.35,0.0,7.51,1.8,6604.0,1.0,19.0,En Operación
2018-07-03 22:55:00,0.0,1025.45,0.0,7.5,1.6,6605.0,1.0,19.0,En Operación
2018-07-03 23:00:00,0.0,1025.45,0.0,7.5,1.6,6606.0,1.0,19.0,En Operación
2018-07-03 23:05:00,0.0,1025.45,0.0,7.5,1.6,6607.0,1.0,19.0,En Operación
2018-07-03 23:10:00,0.0,1025.68,0.0,7.49,1.2,6608.0,1.0,19.0,En Operación
2018-07-03 23:15:00,0.0,1025.9,0.0,7.48,0.8,6609.0,1.0,19.0,En Operación
2018-07-03 23:20:00,0.0,1026.12,0.0,7.46,0.4,6610.0,1.0,19.0,En Operación
2018-07-03 23:25:00,0.0,1026.35,0.0,7.45,0.0,6611.0,1.0,19.0,En Operación
2018-07-03 23:30:00,0.0,1026.35,0.0,7.45,0.0,6612.0,1.0,19.0,En Operación
2018-07-03 23:35:00,0.0,1026.35,0.0,7.45,0.0,6613.0,1.0,19.0,En Operación
2018-07-03 23:40:00,0.0,1026.38,0.0,7.45,0.0,6614.0,1.0,19.0,En Operación
2018-07-03 23:45:00,0.0,1026.4,0.0,7.45,0.0,6615.0,1.0,19.0,En Operación
2018-07-03 23:50:00,0.0,1026.42,0.0,7.45,0.0,6616.0,1.0,19.0,En Operación
2018-07-03 23:55:00,0.0,1026.45,0.0,7.45,0.0,6617.0,1.0,19.0,En Operación
2018-07-04 00:00:00,0.0,1026.45,0.0,7.45,0.0,6618.0,1.0,19.0,En Operación
2018-07-04 00:05:00,0.0,1026.45,0.0,7.45,0.0,6619.0,1.0,19.0,En Operación
2018-07-04 00:10:00,0.0,1026.39,0.0,7.42,0.2,6620.0,1.0,19.0,En Operación
2018-07-04 00:15:00,0.0,1026.32,0.0,7.4,0.4,6621.0,1.0,19.0,En Operación
2018-07-04 00:20:00,0.0,1026.26,0.0,7.38,0.6,6622.0,1.0,19.0,En Operación
2018-07-04 00:25:00,0.0,1026.2,0.0,7.35,0.8,6623.0,1.0,19.0,En Operación
2018-07-04 00:30:00,0.0,1026.2,0.0,7.35,0.8,6624.0,1.0,19.0,En Operación
2018-07-04 00:35:00,0.0,1026.2,0.0,7.35,0.8,6625.0,1.0,19.0,En Operación
2018-07-04 00:40:00,0.0,1026.15,0.0,7.35,0.8,6626.0,1.0,19.0,En Operación
2018-07-04 00:45:00,0.0,1026.1,0.0,7.35,0.8,6627.0,1.0,19.0,En Operación
2018-07-04 00:50:00,0.0,1026.05,0.0,7.35,0.8,6628.0,1.0,19.0,En Operación
2018-07-04 00:55:00,0.0,1026.0,0.0,7.35,0.8,6629.0,1.0,19.0,En Operación
2018-07-04 01:00:00,0.0,1026.0,0.0,7.35,0.8,6630.0,1.0,19.0,En Operación
2018-07-04 01:05:00,0.0,1026.0,0.0,7.35,0.8,6631.0,1.0,19.0,En Operación
2018-07-04 01:10:00,0.0,1025.75,0.0,7.34,1.0,6632.0,1.0,19.0,En Operación
2018-07-04 01:15:00,0.0,1025.5,0.0,7.32,1.2,6633.0,1.0,19.0,En Operación
2018-07-04 01:20:00,0.0,1025.25,0.0,7.31,1.4,6634.0,1.0,19.0,En Operación
2018-07-04 01:25:00,0.0,1025.0,0.0,7.3,1.6,6635.0,1.0,19.0,En Operación
2018-07-04 01:30:00,0.0,1025.0,0.0,7.3,1.6,6636.0,1.0,19.0,En Operación
2018-07-04 01:35:00,0.0,1025.0,0.0,7.3,1.6,6637.0,1.0,19.0,En Operación
2018-07-04 01:40:00,0.0,1024.92,0.0,7.28,1.4,6638.0,1.0,19.0,En Operación
2018-07-04 01:45:00,0.0,1024.85,0.0,7.25,1.2,6639.0,1.0,19.0,En Operación
2018-07-04 01:50:00,0.0,1024.78,0.0,7.22,1.0,6640.0,1.0,19.0,En Operación
2018-07-04 01:55:00,0.0,1024.7,0.0,7.2,0.8,6641.0,1.0,19.0,En Operación
2018-07-04 02:00:00,0.0,1024.7,0.0,7.2,0.8,6642.0,1.0,19.0,En Operación
2018-07-04 02:05:00,0.0,1024.7,0.0,7.2,0.8,6643.0,1.0,19.0,En Operación
2018-07-04 02:10:00,0.0,1024.54,0.0,7.11,0.6,6644.0,1.0,19.0,En Operación
2018-07-04 02:15:00,0.0,1024.38,0.0,7.02,0.4,6645.0,1.0,19.0,En Operación
2018-07-04 02:20:00,0.0,1024.21,0.0,6.94,0.2,6646.0,1.0,19.0,En Operación
2018-07-04 02:25:00,0.0,1024.05,0.0,6.85,0.0,6647.0,1.0,19.0,En Operación
2018-07-04 02:30:00,0.0,1024.05,0.0,6.85,0.0,6648.0,1.0,19.0,En Operación
2018-07-04 02:35:00,0.0,1024.05,0.0,6.85,0.0,6649.0,1.0,19.0,En Operación
2018-07-04 02:40:00,0.0,1023.92,0.0,6.84,0.0,6650.0,1.0,19.0,En Operación
2018-07-04 02:45:00,0.0,1023.8,0.0,6.82,0.0,6651.0,1.0,19.0,En Operación
2018-07-04 02:50:00,0.0,1023.68,0.0,6.81,0.0,6652.0,1.0,19.0,En Operación
2018-07-04 02:55:00,0.0,1023.55,0.0,6.8,0.0,6653.0,1.0,19.0,En Operación
2018-07-04 03:00:00,0.0,1023.55,0.0,6.8,0.0,6654.0,1.0,19.0,En Operación
2018-07-04 03:05:00,0.0,1023.55,0.0,6.8,0.0,6655.0,1.0,19.0,En Operación
2018-07-04 03:10:00,0.0,1023.25,0.0,6.91,0.6,6656.0,1.0,19.0,En Operación
2018-07-04 03:15:00,0.0,1022.95,0.0,7.02,1.2,6657.0,1.0,19.0,En Operación
2018-07-04 03:20:00,0.0,1022.65,0.0,7.14,1.8,6658.0,1.0,19.0,En Operación
2018-07-04 03:25:00,0.0,1022.35,0.0,7.25,2.4,6659.0,1.0,19.0,En Operación
2018-07-04 03:30:00,0.0,1022.35,0.0,7.25,2.4,6660.0,1.0,19.0,En Operación
2018-07-04 03:35:00,0.0,1022.35,0.0,7.25,2.4,6661.0,1.0,19.0,En Operación
2018-07-04 03:40:00,0.0,1022.35,0.0,7.28,2.4,6662.0,1.0,19.0,En Operación
2018-07-04 03:45:00,0.0,1022.35,0.0,7.3,2.4,6663.0,1.0,19.0,En Operación
2018-07-04 03:50:00,0.0,1022.35,0.0,7.32,2.4,6664.0,1.0,19.0,En Operación
2018-07-04 03:55:00,0.0,1022.35,0.0,7.35,2.4,6665.0,1.0,19.0,En Operación
2018-07-04 04:00:00,0.0,1022.35,0.0,7.35,2.4,6666.0,1.0,19.0,En Operación
2018-07-04 04:05:00,0.0,1022.35,0.0,7.35,2.4,6667.0,1.0,19.0,En Operación
2018-07-04 04:10:00,0.0,1022.24,0.0,7.42,3.0,6668.0,1.0,19.0,En Operación
2018-07-04 04:15:00,0.0,1022.12,0.0,7.5,3.6,6669.0,1.0,19.0,En Operación
2018-07-04 04:20:00,0.0,1022.01,0.0,7.58,4.2,6670.0,1.0,19.0,En Operación
2018-07-04 04:25:00,0.0,1021.9,0.0,7.65,4.8,6671.0,1.0,19.0,En Operación
2018-07-04 04:30:00,0.0,1021.9,0.0,7.65,4.8,6672.0,1.0,19.0,En Operación
2018-07-04 04:35:00,0.0,1021.9,0.0,7.65,4.8,6673.0,1.0,19.0,En Operación
2018-07-04 04:40:00,0.0,1021.81,0.0,7.71,4.4,6674.0,1.0,19.0,En Operación
2018-07-04 04:45:00,0.0,1021.72,0.0,7.78,4.0,6675.0,1.0,19.0,En Operación
2018-07-04 04:50:00,0.0,1021.64,0.0,7.84,3.6,6676.0,1.0,19.0,En Operación
2018-07-04 04:55:00,0.0,1021.55,0.0,7.9,3.2,6677.0,1.0,19.0,En Operación
2018-07-04 05:00:00,0.0,1021.55,0.0,7.9,3.2,6678.0,1.0,19.0,En Operación
2018-07-04 05:05:00,0.0,1021.55,0.0,7.9,3.2,6679.0,1.0,19.0,En Operación
2018-07-04 05:10:00,0.0,1021.49,0.0,7.79,3.2,6680.0,1.0,19.0,En Operación
2018-07-04 05:15:00,0.0,1021.42,0.0,7.68,3.2,6681.0,1.0,19.0,En Operación
2018-07-04 05:20:00,0.0,1021.36,0.0,7.56,3.2,6682.0,1.0,19.0,En Operación
2018-07-04 05:25:00,0.0,1021.3,0.0,7.45,3.2,6683.0,1.0,19.0,En Operación
2018-07-04 05:30:00,0.0,1021.3,0.0,7.45,3.2,6684.0,1.0,19.0,En Operación
2018-07-04 05:35:00,0.0,1021.3,0.0,7.45,3.2,6685.0,1.0,19.0,En Operación
2018-07-04 05:40:00,0.0,1021.3,0.0,7.42,3.2,6686.0,1.0,19.0,En Operación
2018-07-04 05:45:00,0.0,1021.3,0.0,7.4,3.2,6687.0,1.0,19.0,En Operación
2018-07-04 05:50:00,0.0,1021.3,0.0,7.38,3.2,6688.0,1.0,19.0,En Operación
2018-07-04 05:55:00,0.0,1021.3,0.0,7.35,3.2,6689.0,1.0,19.0,En Operación
2018-07-04 06:00:00,0.0,1021.3,0.0,7.35,3.2,6690.0,1.0,19.0,En Operación
2018-07-04 06:05:00,0.0,1021.3,0.0,7.35,3.2,6691.0,1.0,19.0,En Operación
2018-07-04 06:10:00,0.0,1021.3,0.0,7.38,3.0,6692.0,1.0,19.0,En Operación
2018-07-04 06:15:00,0.0,1021.3,0.0,7.4,2.8,6693.0,1.0,19.0,En Operación
2018-07-04 06:20:00,0.0,1021.3,0.0,7.42,2.6,6694.0,1.0,19.0,En Operación
2018-07-04 06:25:00,0.0,1021.3,0.0,7.45,2.4,6695.0,1.0,19.0,En Operación
2018-07-04 06:30:00,0.0,1021.3,0.0,7.45,2.4,6696.0,1.0,19.0,En Operación
2018-07-04 06:35:00,0.0,1021.3,0.0,7.45,2.4,6697.0,1.0,19.0,En Operación
2018-07-04 06:40:00,0.0,1021.26,0.0,7.45,2.4,6698.0,1.0,19.0,En Operación
2018-07-04 06:45:00,0.0,1021.22,0.0,7.45,2.4,6699.0,1.0,19.0,En Operación
2018-07-04 06:50:00,0.0,1021.19,0.0,7.45,2.4,6700.0,1.0,19.0,En Operación
2018-07-04 06:55:00,0.0,1021.15,0.0,7.45,2.4,6701.0,1.0,19.0,En Operación
2018-07-04 07:00:00,0.0,1021.15,0.0,7.45,2.4,6702.0,1.0,19.0,En Operación
2018-07-04 07:05:00,0.0,1021.15,0.0,7.45,2.4,6703.0,1.0,19.0,En Operación
2018-07-04 07:10:00,0.0,1021.12,0.0,7.5,3.01,6704.0,1.0,19.0,En Operación
2018-07-04 07:15:00,0.0,1021.1,0.0,7.55,3.62,6705.0,1.0,19.0,En Operación
2018-07-04 07:20:00,0.0,1021.08,0.0,7.6,4.24,6706.0,1.0,19.0,En Operación
2018-07-04 07:25:00,0.0,1021.05,0.0,7.65,4.85,6707.0,1.0,19.0,En Operación
2018-07-04 07:30:00,0.0,1021.05,0.0,7.65,4.85,6708.0,1.0,19.0,En Operación
2018-07-04 07:35:00,0.0,1021.05,0.0,7.65,4.85,6709.0,1.0,19.0,En Operación
2018-07-04 07:40:00,0.0,1021.1,0.0,7.65,4.85,6710.0,1.0,19.0,En Operación
2018-07-04 07:45:00,0.0,1021.15,0.0,7.65,4.85,6711.0,1.0,19.0,En Operación
2018-07-04 07:50:00,0.0,1021.2,0.0,7.65,4.85,6712.0,1.0,19.0,En Operación
2018-07-04 07:55:00,0.0,1021.25,0.0,7.65,4.85,6713.0,1.0,19.0,En Operación
2018-07-04 08:00:00,0.0,1021.25,0.0,7.65,4.85,6714.0,1.0,19.0,En Operación
2018-07-04 08:05:00,0.0,1021.25,0.0,7.65,4.85,6715.0,1.0,19.0,En Operación
2018-07-04 08:10:00,0.0,1021.38,0.0,7.66,4.24,6716.0,1.0,19.0,En Operación
2018-07-04 08:15:00,0.0,1021.5,0.0,7.68,3.62,6717.0,1.0,19.0,En Operación
2018-07-04 08:20:00,0.0,1021.62,0.0,7.69,3.01,6718.0,1.0,19.0,En Operación
2018-07-04 08:25:00,0.0,1021.75,0.0,7.7,2.4,6719.0,1.0,19.0,En Operación
2018-07-04 08:30:00,0.0,1021.75,0.0,7.7,2.4,6720.0,1.0,19.0,En Operación
2018-07-04 08:35:00,0.0,1021.75,0.0,7.7,2.4,6721.0,1.0,19.0,En Operación
2018-07-04 08:40:00,0.0,1021.78,0.0,7.72,2.4,6722.0,1.0,19.0,En Operación
2018-07-04 08:45:00,0.0,1021.8,0.0,7.75,2.4,6723.0,1.0,19.0,En Operación
2018-07-04 08:50:00,0.0,1021.82,0.0,7.78,2.4,6724.0,1.0,19.0,En Operación
2018-07-04 08:55:00,0.0,1021.85,0.0,7.8,2.4,6725.0,1.0,19.0,En Operación
2018-07-04 09:00:00,0.0,1021.85,0.0,7.8,2.4,6726.0,1.0,19.0,En Operación
2018-07-04 09:05:00,0.0,1021.85,0.0,7.8,2.4,6727.0,1.0,19.0,En Operación
2018-07-04 09:10:00,0.0,1021.88,0.0,7.8,2.2,6728.0,1.0,19.0,En Operación
2018-07-04 09:15:00,0.0,1021.9,0.0,7.8,2.0,6729.0,1.0,19.0,En Operación
2018-07-04 09:20:00,0.0,1021.92,0.0,7.8,1.8,6730.0,1.0,19.0,En Operación
2018-07-04 09:25:00,0.0,1021.95,0.0,7.8,1.6,6731.0,1.0,19.0,En Operación
2018-07-04 09:30:00,0.0,1021.95,0.0,7.8,1.6,6732.0,1.0,19.0,En Operación
2018-07-04 09:35:00,0.0,1021.95,0.0,7.8,1.6,6733.0,1.0,19.0,En Operación
2018-07-04 09:40:00,0.0,1022.01,0.0,7.86,2.2,6734.0,1.0,19.0,En Operación
2018-07-04 09:45:00,0.0,1022.08,0.0,7.93,2.8,6735.0,1.0,19.0,En Operación
2018-07-04 09:50:00,0.0,1022.14,0.0,7.99,3.4,6736.0,1.0,19.0,En Operación
2018-07-04 09:55:00,0.0,1022.2,0.0,8.05,4.0,6737.0,1.0,19.0,En Operación
2018-07-04 10:00:00,0.0,1022.2,0.0,8.05,4.0,6738.0,1.0,19.0,En Operación
2018-07-04 10:05:00,0.0,1022.2,0.0,8.05,4.0,6739.0,1.0,19.0,En Operación
2018-07-04 10:10:00,0.0,1022.16,0.0,8.08,3.8,6740.0,1.0,19.0,En Operación
2018-07-04 10:15:00,0.0,1022.12,0.0,8.1,3.6,6741.0,1.0,19.0,En Operación
2018-07-04 10:20:00,0.0,1022.09,0.0,8.12,3.4,6742.0,1.0,19.0,En Operación
2018-07-04 10:25:00,0.0,1022.05,0.0,8.15,3.2,6743.0,1.0,19.0,En Operación
2018-07-04 10:30:00,0.0,1022.05,0.0,8.15,3.2,6744.0,1.0,19.0,En Operación
2018-07-04 10:35:00,0.0,1022.05,0.0,8.15,3.2,6745.0,1.0,19.0,En Operación
2018-07-04 10:40:00,0.0,1022.05,0.0,8.29,3.61,6746.0,1.0,19.0,En Operación
2018-07-04 10:45:00,0.0,1022.05,0.0,8.43,4.03,6747.0,1.0,19.0,En Operación
2018-07-04 10:50:00,0.0,1022.05,0.0,8.56,4.44,6748.0,1.0,19.0,En Operación
2018-07-04 10:55:00,0.0,1022.05,0.0,8.7,4.85,6749.0,1.0,19.0,En Operación
2018-07-04 11:00:00,0.0,1022.05,0.0,8.7,4.85,6750.0,1.0,19.0,En Operación
2018-07-04 11:05:00,0.0,1022.05,0.0,8.7,4.85,6751.0,1.0,19.0,En Operación
2018-07-04 11:10:00,0.0,1022.06,0.0,8.76,5.25,6752.0,1.0,19.0,En Operación
2018-07-04 11:15:00,0.0,1022.08,0.0,8.82,5.65,6753.0,1.0,19.0,En Operación
2018-07-04 11:20:00,0.0,1022.09,0.0,8.89,6.05,6754.0,1.0,19.0,En Operación
2018-07-04 11:25:00,0.0,1022.1,0.0,8.95,6.45,6755.0,1.0,19.0,En Operación
2018-07-04 11:30:00,0.0,1022.1,0.0,8.95,6.45,6756.0,1.0,19.0,En Operación
2018-07-04 11:35:00,0.0,1022.1,0.0,8.95,6.45,6757.0,1.0,19.0,En Operación
2018-07-04 11:40:00,0.0,1022.11,0.0,8.98,6.25,6758.0,1.0,19.0,En Operación
2018-07-04 11:45:00,0.0,1022.12,0.0,9.0,6.05,6759.0,1.0,19.0,En Operación
2018-07-04 11:50:00,0.0,1022.14,0.0,9.02,5.85,6760.0,1.0,19.0,En Operación
2018-07-04 11:55:00,0.0,1022.15,0.0,9.05,5.65,6761.0,1.0,19.0,En Operación
2018-07-04 12:00:00,0.0,1022.15,0.0,9.05,5.65,6762.0,1.0,19.0,En Operación
2018-07-04 12:05:00,0.0,1022.15,0.0,9.05,5.65,6763.0,1.0,19.0,En Operación
2018-07-04 12:10:00,0.0,1022.14,0.0,9.1,6.45,6764.0,1.0,19.0,En Operación
2018-07-04 12:15:00,0.0,1022.12,0.0,9.15,7.25,6765.0,1.0,19.0,En Operación
2018-07-04 12:20:00,0.0,1022.11,0.0,9.2,8.05,6766.0,1.0,19.0,En Operación
2018-07-04 12:25:00,0.0,1022.1,0.0,9.25,8.85,6767.0,1.0,19.0,En Operación
2018-07-04 12:30:00,0.0,1022.1,0.0,9.25,8.85,6768.0,1.0,19.0,En Operación
2018-07-04 12:35:00,0.0,1022.1,0.0,9.25,8.85,6769.0,1.0,19.0,En Operación
2018-07-04 12:40:00,0.0,1022.01,0.0,9.3,8.04,6770.0,1.0,19.0,En Operación
2018-07-04 12:45:00,0.0,1021.92,0.0,9.35,7.22,6771.0,1.0,19.0,En Operación
2018-07-04 12:50:00,0.0,1021.84,0.0,9.4,6.41,6772.0,1.0,19.0,En Operación
2018-07-04 12:55:00,0.0,1021.75,0.0,9.45,5.6,6773.0,1.0,19.0,En Operación
2018-07-04 13:00:00,0.0,1021.75,0.0,9.45,5.6,6774.0,1.0,19.0,En Operación
2018-07-04 13:05:00,0.0,1021.75,0.0,9.45,5.6,6775.0,1.0,19.0,En Operación
2018-07-04 13:10:00,0.0,1021.52,0.0,9.62,5.2,6776.0,1.0,19.0,En Operación
2018-07-04 13:15:00,0.0,1021.3,0.0,9.8,4.8,6777.0,1.0,19.0,En Operación
2018-07-04 13:20:00,0.0,1021.08,0.0,9.98,4.4,6778.0,1.0,19.0,En Operación
2018-07-04 13:25:00,0.0,1020.85,0.0,10.15,4.0,6779.0,1.0,19.0,En Operación
2018-07-04 13:30:00,0.0,1020.85,0.0,10.15,4.0,6780.0,1.0,19.0,En Operación
2018-07-04 13:35:00,0.0,1020.85,0.0,10.15,4.0,,,,
2018-07-04 13:40:00,0.0,1020.8,0.0,10.14,4.0,6782.0,1.0,19.0,En Operación
2018-07-04 13:45:00,0.0,1020.75,0.0,10.12,4.0,6783.0,1.0,19.0,En Operación
2018-07-04 13:50:00,0.0,1020.7,0.0,10.11,4.0,6784.0,1.0,19.0,En Operación
2018-07-04 13:55:00,0.0,1020.65,0.0,10.1,4.0,6785.0,1.0,19.0,En Operación
2018-07-04 14:00:00,0.0,1020.65,0.0,10.1,4.0,6786.0,1.0,19.0,En Operación
2018-07-04 14:05:00,0.0,1020.65,0.0,10.1,4.0,6787.0,1.0,19.0,En Operación
2018-07-04 14:10:00,0.0,1020.54,0.0,10.09,3.8,6788.0,1.0,19.0,En Operación
2018-07-04 14:15:00,0.0,1020.42,0.0,10.07,3.6,6789.0,1.0,19.0,En Operación
2018-07-04 14:20:00,0.0,1020.31,0.0,10.06,3.4,6790.0,1.0,19.0,En Operación
2018-07-04 14:25:00,0.0,1020.2,0.0,10.05,3.2,6791.0,1.0,19.0,En Operación
2018-07-04 14:30:00,0.0,1020.2,0.0,10.05,3.2,6792.0,1.0,19.0,En Operación
2018-07-04 14:35:00,0.0,1020.2,0.0,10.05,3.2,6793.0,1.0,19.0,En Operación
2018-07-04 14:40:00,0.0,1020.15,0.0,10.05,4.2,6794.0,1.0,19.0,En Operación
2018-07-04 14:45:00,0.0,1020.1,0.0,10.05,5.2,6795.0,1.0,19.0,En Operación
2018-07-04 14:50:00,0.0,1020.05,0.0,10.05,6.2,6796.0,1.0,19.0,En Operación
2018-07-04 14:55:00,0.0,1020.0,0.0,10.05,7.2,6797.0,1.0,19.0,En Operación
2018-07-04 15:00:00,0.0,1020.0,0.0,10.05,7.2,6798.0,1.0,19.0,En Operación
2018-07-04 15:05:00,0.0,1020.0,0.0,10.05,7.2,6799.0,1.0,19.0,En Operación
2018-07-04 15:10:00,0.0,1019.89,0.0,9.96,6.0,6800.0,1.0,19.0,En Operación
2018-07-04 15:15:00,0.0,1019.78,0.0,9.88,4.8,6801.0,1.0,19.0,En Operación
2018-07-04 15:20:00,0.0,1019.66,0.0,9.79,3.6,6802.0,1.0,19.0,En Operación
2018-07-04 15:25:00,0.0,1019.55,0.0,9.7,2.4,6803.0,1.0,19.0,En Operación
2018-07-04 15:30:00,0.0,1019.55,0.0,9.7,2.4,6804.0,1.0,19.0,En Operación
2018-07-04 15:35:00,0.0,1019.55,0.0,9.7,2.4,6805.0,1.0,19.0,En Operación
2018-07-04 15:40:00,0.0,1019.51,0.0,9.66,2.4,6806.0,1.0,19.0,En Operación
2018-07-04 15:45:00,0.0,1019.47,0.0,9.62,2.4,6807.0,1.0,19.0,En Operación
2018-07-04 15:50:00,0.0,1019.44,0.0,9.59,2.4,6808.0,1.0,19.0,En Operación
2018-07-04 15:55:00,0.0,1019.4,0.0,9.55,2.4,6809.0,1.0,19.0,En Operación
2018-07-04 16:00:00,0.0,1019.4,0.0,9.55,2.4,6810.0,1.0,19.0,En Operación
2018-07-04 16:05:00,0.0,1019.4,0.0,9.55,2.4,6811.0,1.0,19.0,En Operación
2018-07-04 16:10:00,0.0,1019.25,0.0,9.52,2.4,6812.0,1.0,19.0,En Operación
2018-07-04 16:15:00,0.0,1019.1,0.0,9.5,2.4,6813.0,1.0,19.0,En Operación
2018-07-04 16:20:00,0.0,1018.95,0.0,9.48,2.4,6814.0,1.0,19.0,En Operación
2018-07-04 16:25:00,0.0,1018.8,0.0,9.45,2.4,6815.0,1.0,19.0,En Operación
2018-07-04 16:30:00,0.0,1018.8,0.0,9.45,2.4,6816.0,1.0,19.0,En Operación
2018-07-04 16:35:00,0.0,1018.8,0.0,9.45,2.4,6817.0,1.0,19.0,En Operación
2018-07-04 16:40:00,0.0,1018.81,0.0,9.45,2.4,6818.0,1.0,19.0,En Operación
2018-07-04 16:45:00,0.0,1018.82,0.0,9.45,2.4,6819.0,1.0,19.0,En Operación
2018-07-04 16:50:00,0.0,1018.84,0.0,9.45,2.4,6820.0,1.0,19.0,En Operación
2018-07-04 16:55:00,0.0,1018.85,0.0,9.45,2.4,6821.0,1.0,19.0,En Operación
2018-07-04 17:00:00,0.0,1018.85,0.0,9.45,2.4,6822.0,1.0,19.0,En Operación
2018-07-04 17:05:00,0.0,1018.85,0.0,9.45,2.4,6823.0,1.0,19.0,En Operación
2018-07-04 17:10:00,0.0,1018.82,0.0,9.39,3.0,6824.0,1.0,19.0,En Operación
2018-07-04 17:15:00,0.0,1018.8,0.0,9.32,3.6,6825.0,1.0,19.0,En Operación
2018-07-04 17:20:00,0.0,1018.78,0.0,9.26,4.2,6826.0,1.0,19.0,En Operación
2018-07-04 17:25:00,0.0,1018.75,0.0,9.2,4.8,6827.0,1.0,19.0,En Operación
2018-07-04 17:30:00,0.0,1018.75,0.0,9.2,4.8,6828.0,1.0,19.0,En Operación
2018-07-04 17:35:00,0.0,1018.75,0.0,9.2,4.8,6829.0,1.0,19.0,En Operación
2018-07-04 17:40:00,0.0,1018.74,0.0,9.19,4.2,6830.0,1.0,19.0,En Operación
2018-07-04 17:45:00,0.0,1018.72,0.0,9.18,3.6,6831.0,1.0,19.0,En Operación
2018-07-04 17:50:00,0.0,1018.71,0.0,9.16,3.0,6832.0,1.0,19.0,En Operación
2018-07-04 17:55:00,0.0,1018.7,0.0,9.15,2.4,6833.0,1.0,19.0,En Operación
2018-07-04 18:00:00,0.0,1018.7,0.0,9.15,2.4,6834.0,1.0,19.0,En Operación
2018-07-04 18:05:00,0.0,1018.7,0.0,9.15,2.4,6835.0,1.0,19.0,En Operación
2018-07-04 18:10:00,0.0,1018.69,0.0,9.11,2.6,6836.0,1.0,19.0,En Operación
2018-07-04 18:15:00,0.0,1018.68,0.0,9.07,2.8,6837.0,1.0,19.0,En Operación
2018-07-04 18:20:00,0.0,1018.66,0.0,9.04,3.0,6838.0,1.0,19.0,En Operación
2018-07-04 18:25:00,0.0,1018.65,0.0,9.0,3.2,6839.0,1.0,19.0,En Operación
2018-07-04 18:30:00,0.0,1018.65,0.0,9.0,3.2,6840.0,1.0,19.0,En Operación
2018-07-04 18:35:00,0.0,1018.65,0.0,9.0,3.2,6841.0,1.0,19.0,En Operación
2018-07-04 18:40:00,0.0,1018.65,0.0,9.01,2.6,6842.0,1.0,19.0,En Operación
2018-07-04 18:45:00,0.0,1018.65,0.0,9.02,2.0,6843.0,1.0,19.0,En Operación
2018-07-04 18:50:00,0.0,1018.65,0.0,9.04,1.4,6844.0,1.0,19.0,En Operación
2018-07-04 18:55:00,0.0,1018.65,0.0,9.05,0.8,6845.0,1.0,19.0,En Operación
2018-07-04 19:00:00,0.0,1018.65,0.0,9.05,0.8,6846.0,1.0,19.0,En Operación
2018-07-04 19:05:00,0.0,1018.65,0.0,9.05,0.8,6847.0,1.0,19.0,En Operación
2018-07-04 19:10:00,0.0,1018.71,0.0,9.1,1.4,6848.0,1.0,19.0,En Operación
2018-07-04 19:15:00,0.0,1018.78,0.0,9.15,2.0,6849.0,1.0,19.0,En Operación
2018-07-04 19:20:00,0.0,1018.84,0.0,9.2,2.6,6850.0,1.0,19.0,En Operación
2018-07-04 19:25:00,0.0,1018.9,0.0,9.25,3.2,6851.0,1.0,19.0,En Operación
2018-07-04 19:30:00,0.0,1018.9,0.0,9.25,3.2,6852.0,1.0,19.0,En Operación
2018-07-04 19:35:00,0.0,1018.9,0.0,9.25,3.2,6853.0,1.0,19.0,En Operación
2018-07-04 19:40:00,0.0,1018.9,0.0,9.26,3.6,6854.0,1.0,19.0,En Operación
2018-07-04 19:45:00,0.0,1018.9,0.0,9.28,4.0,6855.0,1.0,19.0,En Operación
2018-07-04 19:50:00,0.0,1018.9,0.0,9.29,4.4,6856.0,1.0,19.0,En Operación
2018-07-04 19:55:00,0.0,1018.9,0.0,9.3,4.8,6857.0,1.0,19.0,En Operación
2018-07-04 20:00:00,0.0,1018.9,0.0,9.3,4.8,6858.0,1.0,19.0,En Operación
2018-07-04 20:05:00,0.0,1018.9,0.0,9.3,4.8,6859.0,1.0,19.0,En Operación
2018-07-04 20:10:00,0.0,1018.95,0.0,9.33,4.2,6860.0,1.0,19.0,En Operación
2018-07-04 20:15:00,0.0,1019.0,0.0,9.35,3.6,6861.0,1.0,19.0,En Operación
2018-07-04 20:20:00,0.0,1019.05,0.0,9.38,3.0,6862.0,1.0,19.0,En Operación
2018-07-04 20:25:00,0.0,1019.1,0.0,9.4,2.4,6863.0,1.0,19.0,En Operación
2018-07-04 20:30:00,0.0,1019.1,0.0,9.4,2.4,6864.0,1.0,19.0,En Operación
2018-07-04 20:35:00,0.0,1019.1,0.0,9.4,2.4,6865.0,1.0,19.0,En Operación
2018-07-04 20:40:00,0.0,1019.12,0.0,9.39,2.4,6866.0,1.0,19.0,En Operación
2018-07-04 20:45:00,0.0,1019.15,0.0,9.38,2.4,6867.0,1.0,19.0,En Operación
2018-07-04 20:50:00,0.0,1019.18,0.0,9.36,2.4,6868.0,1.0,19.0,En Operación
2018-07-04 20:55:00,0.0,1019.2,0.0,9.35,2.4,6869.0,1.0,19.0,En Operación
2018-07-04 21:00:00,0.0,1019.2,0.0,9.35,2.4,6870.0,1.0,19.0,En Operación
2018-07-04 21:05:00,0.0,1019.2,0.0,9.35,2.4,6871.0,1.0,19.0,En Operación
2018-07-04 21:10:00,0.0,1019.26,0.0,9.36,2.4,6872.0,1.0,19.0,En Operación
2018-07-04 21:15:00,0.0,1019.32,0.0,9.38,2.4,6873.0,1.0,19.0,En Operación
2018-07-04 21:20:00,0.0,1019.39,0.0,9.39,2.4,6874.0,1.0,19.0,En Operación
2018-07-04 21:25:00,0.0,1019.45,0.0,9.4,2.4,6875.0,1.0,19.0,En Operación
2018-07-04 21:30:00,0.0,1019.45,0.0,9.4,2.4,6876.0,1.0,19.0,En Operación
2018-07-04 21:35:00,0.0,1019.45,0.0,9.4,2.4,6877.0,1.0,19.0,En Operación
2018-07-04 21:40:00,0.0,1019.44,0.0,9.4,2.4,6878.0,1.0,19.0,En Operación
2018-07-04 21:45:00,0.0,1019.42,0.0,9.4,2.4,6879.0,1.0,19.0,En Operación
2018-07-04 21:50:00,0.0,1019.41,0.0,9.4,2.4,6880.0,1.0,19.0,En Operación
2018-07-04 21:55:00,0.0,1019.4,0.0,9.4,2.4,6881.0,1.0,19.0,En Operación
2018-07-04 22:00:00,0.0,1019.4,0.0,9.4,2.4,6882.0,1.0,19.0,En Operación
2018-07-04 22:05:00,0.0,1019.4,0.0,9.4,2.4,6883.0,1.0,19.0,En Operación
2018-07-04 22:10:00,0.0,1019.42,0.0,9.4,2.6,6884.0,1.0,19.0,En Operación
2018-07-04 22:15:00,0.0,1019.45,0.0,9.4,2.8,6885.0,1.0,19.0,En Operación
2018-07-04 22:20:00,0.0,1019.48,0.0,9.4,3.0,,,,
2018-07-04 22:25:00,0.0,1019.5,0.0,9.4,3.2,,,,
2018-07-04 22:30:00,0.0,1019.5,0.0,9.4,3.2,6888.0,1.0,19.0,En Operación
2018-07-04 22:35:00,0.0,1019.5,0.0,9.4,3.2,6889.0,1.0,19.0,En Operación
2018-07-04 22:40:00,0.0,1019.48,0.0,9.39,3.2,6890.0,1.0,19.0,En Operación
2018-07-04 22:45:00,0.0,1019.45,0.0,9.38,3.2,6891.0,1.0,19.0,En Operación
2018-07-04 22:50:00,0.0,1019.42,0.0,9.36,3.2,6892.0,1.0,19.0,En Operación
2018-07-04 22:55:00,0.0,1019.4,0.0,9.35,3.2,6893.0,1.0,19.0,En Operación
2018-07-04 23:00:00,0.0,1019.4,0.0,9.35,3.2,6894.0,1.0,19.0,En Operación
2018-07-04 23:05:00,0.0,1019.4,0.0,9.35,3.2,6895.0,1.0,19.0,En Operación
2018-07-04 23:10:00,0.0,1019.36,0.0,9.36,3.4,6896.0,1.0,19.0,En Operación
2018-07-04 23:15:00,0.0,1019.32,0.0,9.38,3.6,6897.0,1.0,19.0,En Operación
2018-07-04 23:20:00,0.0,1019.29,0.0,9.39,3.8,6898.0,1.0,19.0,En Operación
2018-07-04 23:25:00,0.0,1019.25,0.0,9.4,4.0,6899.0,1.0,19.0,En Operación
2018-07-04 23:30:00,0.0,1019.25,0.0,9.4,4.0,6900.0,1.0,19.0,En Operación
2018-07-04 23:35:00,0.0,1019.25,0.0,9.4,4.0,6901.0,1.0,19.0,En Operación
2018-07-04 23:40:00,0.0,1019.26,0.0,9.4,4.0,6902.0,1.0,19.0,En Operación
2018-07-04 23:45:00,0.0,1019.28,0.0,9.4,4.0,6903.0,1.0,19.0,En Operación
2018-07-04 23:50:00,0.0,1019.29,0.0,9.4,4.0,6904.0,1.0,19.0,En Operación
2018-07-04 23:55:00,0.0,1019.3,0.0,9.4,4.0,6905.0,1.0,19.0,En Operación
2018-07-05 00:00:00,0.0,1019.3,0.0,9.4,4.0,6906.0,1.0,19.0,En Operación
2018-07-05 00:05:00,0.0,1019.3,0.0,9.4,4.0,6907.0,1.0,19.0,En Operación
2018-07-05 00:10:00,0.0,1019.32,0.0,9.44,4.4,6908.0,1.0,19.0,En Operación
2018-07-05 00:15:00,0.0,1019.35,0.0,9.48,4.8,6909.0,1.0,19.0,En Operación
2018-07-05 00:20:00,0.0,1019.38,0.0,9.51,5.2,6910.0,1.0,19.0,En Operación
2018-07-05 00:25:00,0.0,1019.4,0.0,9.55,5.6,6911.0,1.0,19.0,En Operación
2018-07-05 00:30:00,0.0,1019.4,0.0,9.55,5.6,6912.0,1.0,19.0,En Operación
2018-07-05 00:35:00,0.0,1019.4,0.0,9.55,5.6,,,,
2018-07-05 00:40:00,0.0,1019.4,0.0,9.55,5.0,,,,
2018-07-05 00:45:00,0.0,1019.4,0.0,9.55,4.4,,,,
2018-07-05 00:50:00,0.0,1019.4,0.0,9.55,3.8,,,,
2018-07-05 00:55:00,0.0,1019.4,0.0,9.55,3.2,,,,
2018-07-05 01:00:00,0.0,1019.4,0.0,9.55,3.2,,,,
2018-07-05 01:05:00,0.0,1019.4,0.0,9.55,3.2,,,,
2018-07-05 01:10:00,0.0,1019.44,0.0,9.56,4.41,,,,
2018-07-05 01:15:00,0.0,1019.47,0.0,9.57,5.62,,,,
2018-07-05 01:20:00,0.0,1019.51,0.0,9.59,6.84,,,,
2018-07-05 01:25:00,0.0,1019.55,0.0,9.6,8.05,,,,
2018-07-05 01:30:00,0.0,1019.55,0.0,9.6,8.05,,,,
2018-07-05 01:35:00,0.0,1019.55,0.0,9.6,8.05,,,,
2018-07-05 01:40:00,0.0,1019.55,0.0,9.64,7.04,,,,
2018-07-05 01:45:00,0.0,1019.55,0.0,9.68,6.02,6927.0,1.0,19.0,En Operación
2018-07-05 01:50:00,0.0,1019.55,0.0,9.71,5.01,6928.0,1.0,19.0,En Operación
2018-07-05 01:55:00,0.0,1019.55,0.0,9.75,4.0,6929.0,1.0,19.0,En Operación
2018-07-05 02:00:00,0.0,1019.55,0.0,9.75,4.0,6930.0,1.0,19.0,En Operación
2018-07-05 02:05:00,0.0,1019.55,0.0,9.75,4.0,6931.0,1.0,19.0,En Operación
2018-07-05 02:10:00,0.0,1019.59,0.0,9.79,3.8,6932.0,1.0,19.0,En Operación
2018-07-05 02:15:00,0.0,1019.62,0.0,9.82,3.6,6933.0,1.0,19.0,En Operación
2018-07-05 02:20:00,0.0,1019.66,0.0,9.86,3.4,6934.0,1.0,19.0,En Operación
2018-07-05 02:25:00,0.0,1019.7,0.0,9.9,3.2,6935.0,1.0,19.0,En Operación
2018-07-05 02:30:00,0.0,1019.7,0.0,9.9,3.2,6936.0,1.0,19.0,En Operación
2018-07-05 02:35:00,0.0,1019.7,0.0,9.9,3.2,6937.0,1.0,19.0,En Operación
2018-07-05 02:40:00,0.0,1019.69,0.0,9.9,3.8,6938.0,1.0,19.0,En Operación
2018-07-05 02:45:00,0.0,1019.68,0.0,9.9,4.4,6939.0,1.0,19.0,En Operación
2018-07-05 02:50:00,0.0,1019.66,0.0,9.9,5.0,6940.0,1.0,19.0,En Operación
2018-07-05 02:55:00,0.0,1019.65,0.0,9.9,5.6,6941.0,1.0,19.0,En Operación
2018-07-05 03:00:00,0.0,1019.65,0.0,9.9,5.6,6942.0,1.0,19.0,En Operación
2018-07-05 03:05:00,0.0,1019.65,0.0,9.9,5.6,6943.0,1.0,19.0,En Operación
2018-07-05 03:10:00,0.0,1019.69,0.0,9.86,4.8,6944.0,1.0,19.0,En Operación
2018-07-05 03:15:00,0.0,1019.72,0.0,9.82,4.0,6945.0,1.0,19.0,En Operación
2018-07-05 03:20:00,0.0,1019.76,0.0,9.79,3.2,6946.0,1.0,19.0,En Operación
2018-07-05 03:25:00,0.0,1019.8,0.0,9.75,2.4,6947.0,1.0,19.0,En Operación
2018-07-05 03:30:00,0.0,1019.8,0.0,9.75,2.4,6948.0,1.0,19.0,En Operación
2018-07-05 03:35:00,0.0,1019.8,0.0,9.75,2.4,6949.0,1.0,19.0,En Operación
2018-07-05 03:40:00,0.0,1019.75,0.0,9.75,2.4,6950.0,1.0,19.0,En Operación
2018-07-05 03:45:00,0.0,1019.7,0.0,9.75,2.4,6951.0,1.0,19.0,En Operación
2018-07-05 03:50:00,0.0,1019.65,0.0,9.75,2.4,6952.0,1.0,19.0,En Operación
2018-07-05 03:55:00,0.0,1019.6,0.0,9.75,2.4,6953.0,1.0,19.0,En Operación
2018-07-05 04:00:00,0.0,1019.6,0.0,9.75,2.4,6954.0,1.0,19.0,En Operación
2018-07-05 04:05:00,0.0,1019.6,0.0,9.75,2.4,6955.0,1.0,19.0,En Operación
2018-07-05 04:10:00,0.0,1019.49,0.0,9.75,2.4,6956.0,1.0,19.0,En Operación
2018-07-05 04:15:00,0.0,1019.38,0.0,9.75,2.4,6957.0,1.0,19.0,En Operación
2018-07-05 04:20:00,0.0,1019.26,0.0,9.75,2.4,6958.0,1.0,19.0,En Operación
2018-07-05 04:25:00,0.0,1019.15,0.0,9.75,2.4,6959.0,1.0,19.0,En Operación
2018-07-05 04:30:00,0.0,1019.15,0.0,9.75,2.4,6960.0,1.0,19.0,En Operación
2018-07-05 04:35:00,0.0,1019.15,0.0,9.75,2.4,6961.0,1.0,19.0,En Operación
2018-07-05 04:40:00,0.0,1019.15,0.0,9.75,2.4,6962.0,1.0,19.0,En Operación
2018-07-05 04:45:00,0.0,1019.15,0.0,9.75,2.4,6963.0,1.0,19.0,En Operación
2018-07-05 04:50:00,0.0,1019.15,0.0,9.75,2.4,6964.0,1.0,19.0,En Operación
2018-07-05 04:55:00,0.0,1019.15,0.0,9.75,2.4,6965.0,1.0,19.0,En Operación
2018-07-05 05:00:00,0.0,1019.15,0.0,9.75,2.4,6966.0,1.0,19.0,En Operación
2018-07-05 05:05:00,0.0,1019.15,0.0,9.75,2.4,6967.0,1.0,19.0,En Operación
2018-07-05 05:10:00,0.0,1019.05,0.0,9.75,3.2,6968.0,1.0,19.0,En Operación
2018-07-05 05:15:00,0.0,1018.95,0.0,9.75,4.0,6969.0,1.0,19.0,En Operación
2018-07-05 05:20:00,0.0,1018.85,0.0,9.75,4.8,6970.0,1.0,19.0,En Operación
2018-07-05 05:25:00,0.0,1018.75,0.0,9.75,5.6,6971.0,1.0,19.0,En Operación
2018-07-05 05:30:00,0.0,1018.75,0.0,9.75,5.6,6972.0,1.0,19.0,En Operación
2018-07-05 05:35:00,0.0,1018.75,0.0,9.75,5.6,6973.0,1.0,19.0,En Operación
2018-07-05 05:40:00,0.0,1018.74,0.0,9.75,5.2,6974.0,1.0,19.0,En Operación
2018-07-05 05:45:00,0.0,1018.72,0.0,9.75,4.8,6975.0,1.0,19.0,En Operación
2018-07-05 05:50:00,0.0,1018.71,0.0,9.75,4.4,6976.0,1.0,19.0,En Operación
2018-07-05 05:55:00,0.0,1018.7,0.0,9.75,4.0,6977.0,1.0,19.0,En Operación
2018-07-05 06:00:00,0.0,1018.7,0.0,9.75,4.0,6978.0,1.0,19.0,En Operación
2018-07-05 06:05:00,0.0,1018.7,0.0,9.75,4.0,6979.0,1.0,19.0,En Operación
2018-07-05 06:10:00,0.0,1018.69,0.0,9.72,4.0,6980.0,1.0,19.0,En Operación
2018-07-05 06:15:00,0.0,1018.68,0.0,9.7,4.0,6981.0,1.0,19.0,En Operación
2018-07-05 06:20:00,0.0,1018.66,0.0,9.68,4.0,6982.0,1.0,19.0,En Operación
2018-07-05 06:25:00,0.0,1018.65,0.0,9.65,4.0,6983.0,1.0,19.0,En Operación
2018-07-05 06:30:00,0.0,1018.65,0.0,9.65,4.0,6984.0,1.0,19.0,En Operación
2018-07-05 06:35:00,0.0,1018.65,0.0,9.65,4.0,6985.0,1.0,19.0,En Operación
2018-07-05 06:40:00,0.0,1018.69,0.0,9.65,5.01,6986.0,1.0,19.0,En Operación
2018-07-05 06:45:00,0.0,1018.72,0.0,9.65,6.02,6987.0,1.0,19.0,En Operación
2018-07-05 06:50:00,0.0,1018.76,0.0,9.65,7.04,6988.0,1.0,19.0,En Operación
2018-07-05 06:55:00,0.0,1018.8,0.0,9.65,8.05,6989.0,1.0,19.0,En Operación
2018-07-05 07:00:00,0.0,1018.8,0.0,9.65,8.05,6990.0,1.0,19.0,En Operación
2018-07-05 07:05:00,0.0,1018.8,0.0,9.65,8.05,6991.0,1.0,19.0,En Operación
2018-07-05 07:10:00,0.0,1018.9,0.0,9.64,7.24,6992.0,1.0,19.0,En Operación
2018-07-05 07:15:00,0.0,1019.0,0.0,9.62,6.43,6993.0,1.0,19.0,En Operación
2018-07-05 07:20:00,0.0,1019.1,0.0,9.61,5.61,6994.0,1.0,19.0,En Operación
2018-07-05 07:25:00,0.0,1019.2,0.0,9.6,4.8,6995.0,1.0,19.0,En Operación
2018-07-05 07:30:00,0.0,1019.2,0.0,9.6,4.8,6996.0,1.0,19.0,En Operación
2018-07-05 07:35:00,0.0,1019.2,0.0,9.6,4.8,6997.0,1.0,19.0,En Operación
2018-07-05 07:40:00,0.0,1019.25,0.0,9.59,4.6,6998.0,1.0,19.0,En Operación
2018-07-05 07:45:00,0.0,1019.3,0.0,9.57,4.4,6999.0,1.0,19.0,En Operación
2018-07-05 07:50:00,0.0,1019.35,0.0,9.56,4.2,7000.0,1.0,19.0,En Operación
2018-07-05 07:55:00,0.0,1019.4,0.0,9.55,4.0,7001.0,1.0,19.0,En Operación
2018-07-05 08:00:00,0.0,1019.4,0.0,9.55,4.0,7002.0,1.0,19.0,En Operación
2018-07-05 08:05:00,0.0,1019.4,0.0,9.55,4.0,7003.0,1.0,19.0,En Operación
2018-07-05 08:10:00,0.0,1019.58,0.0,9.5,4.21,7004.0,1.0,19.0,En Operación
2018-07-05 08:15:00,0.0,1019.75,0.0,9.45,4.42,7005.0,1.0,19.0,En Operación
2018-07-05 08:20:00,0.0,1019.92,0.0,9.4,4.64,7006.0,1.0,19.0,En Operación
2018-07-05 08:25:00,0.0,1020.1,0.0,9.35,4.85,7007.0,1.0,19.0,En Operación
2018-07-05 08:30:00,0.0,1020.1,0.0,9.35,4.85,7008.0,1.0,19.0,En Operación
2018-07-05 08:35:00,0.0,1020.1,0.0,9.35,4.85,7009.0,1.0,19.0,En Operación
2018-07-05 08:40:00,0.0,1020.12,0.0,9.36,5.25,7010.0,1.0,19.0,En Operación
2018-07-05 08:45:00,0.0,1020.15,0.0,9.38,5.65,7011.0,1.0,19.0,En Operación
2018-07-05 08:50:00,0.0,1020.18,0.0,9.39,6.05,7012.0,1.0,19.0,En Operación
2018-07-05 08:55:00,0.0,1020.2,0.0,9.4,6.45,7013.0,1.0,19.0,En Operación
2018-07-05 09:00:00,0.0,1020.2,0.0,9.4,6.45,7014.0,1.0,19.0,En Operación
2018-07-05 09:05:00,0.0,1020.2,0.0,9.4,6.45,7015.0,1.0,19.0,En Operación
2018-07-05 09:10:00,0.0,1020.24,0.0,9.43,6.25,7016.0,1.0,19.0,En Operación
2018-07-05 09:15:00,0.0,1020.28,0.0,9.45,6.05,7017.0,1.0,19.0,En Operación
2018-07-05 09:20:00,0.0,1020.31,0.0,9.48,5.85,7018.0,1.0,19.0,En Operación
2018-07-05 09:25:00,0.0,1020.35,0.0,9.5,5.65,7019.0,1.0,19.0,En Operación
2018-07-05 09:30:00,0.0,1020.35,0.0,9.5,5.65,7020.0,1.0,19.0,En Operación
2018-07-05 09:35:00,0.0,1020.35,0.0,9.5,5.65,7021.0,1.0,19.0,En Operación
2018-07-05 09:40:00,0.0,1020.35,0.0,9.56,5.84,7022.0,1.0,19.0,En Operación
2018-07-05 09:45:00,0.0,1020.35,0.0,9.62,6.02,7023.0,1.0,19.0,En Operación
2018-07-05 09:50:00,0.0,1020.35,0.0,9.69,6.21,7024.0,1.0,19.0,En Operación
2018-07-05 09:55:00,0.0,1020.35,0.0,9.75,6.4,7025.0,1.0,19.0,En Operación
2018-07-05 10:00:00,0.0,1020.35,0.0,9.75,6.4,7026.0,1.0,19.0,En Operación
2018-07-05 10:05:00,0.0,1020.35,0.0,9.75,6.4,7027.0,1.0,19.0,En Operación
2018-07-05 10:10:00,0.0,1020.36,0.0,9.81,6.0,7028.0,1.0,19.0,En Operación
2018-07-05 10:15:00,0.0,1020.38,0.0,9.88,5.6,7029.0,1.0,19.0,En Operación
2018-07-05 10:20:00,0.0,1020.39,0.0,9.94,5.2,7030.0,1.0,19.0,En Operación
2018-07-05 10:25:00,0.0,1020.4,0.0,10.0,4.8,7031.0,1.0,19.0,En Operación
2018-07-05 10:30:00,0.0,1020.4,0.0,10.0,4.8,7032.0,1.0,19.0,En Operación
2018-07-05 10:35:00,0.0,1020.4,0.0,10.0,4.8,7033.0,1.0,19.0,En Operación
2018-07-05 10:40:00,0.0,1020.48,0.0,10.07,4.6,7034.0,1.0,19.0,En Operación
2018-07-05 10:45:00,0.0,1020.55,0.0,10.15,4.4,7035.0,1.0,19.0,En Operación
2018-07-05 10:50:00,0.0,1020.62,0.0,10.23,4.2,7036.0,1.0,19.0,En Operación
2018-07-05 10:55:00,0.0,1020.7,0.0,10.3,4.0,7037.0,1.0,19.0,En Operación
2018-07-05 11:00:00,0.0,1020.7,0.0,10.3,4.0,7038.0,1.0,19.0,En Operación
2018-07-05 11:05:00,0.0,1020.7,0.0,10.3,4.0,7039.0,1.0,19.0,En Operación
2018-07-05 11:10:00,0.0,1020.72,0.0,10.32,5.0,7040.0,1.0,19.0,En Operación
2018-07-05 11:15:00,0.0,1020.75,0.0,10.35,6.0,7041.0,1.0,19.0,En Operación
2018-07-05 11:20:00,0.0,1020.78,0.0,10.38,7.0,7042.0,1.0,19.0,En Operación
2018-07-05 11:25:00,0.0,1020.8,0.0,10.4,8.0,7043.0,1.0,19.0,En Operación
2018-07-05 11:30:00,0.0,1020.8,0.0,10.4,8.0,7044.0,1.0,19.0,En Operación
2018-07-05 11:35:00,0.0,1020.8,0.0,10.4,8.0,7045.0,1.0,19.0,En Operación
2018-07-05 11:40:00,0.0,1020.8,0.0,10.4,7.8,7046.0,1.0,19.0,En Operación
2018-07-05 11:45:00,0.0,1020.8,0.0,10.4,7.6,7047.0,1.0,19.0,En Operación
2018-07-05 11:50:00,0.0,1020.8,0.0,10.4,7.4,7048.0,1.0,19.0,En Operación
2018-07-05 11:55:00,0.0,1020.8,0.0,10.4,7.2,7049.0,1.0,19.0,En Operación
2018-07-05 12:00:00,0.0,1020.8,0.0,10.4,7.2,7050.0,1.0,19.0,En Operación
2018-07-05 12:05:00,0.0,1020.8,0.0,10.4,7.2,7051.0,1.0,19.0,En Operación
2018-07-05 12:10:00,0.0,1020.76,0.0,10.45,6.61,7052.0,1.0,19.0,En Operación
2018-07-05 12:15:00,0.0,1020.72,0.0,10.5,6.02,7053.0,1.0,19.0,En Operación
2018-07-05 12:20:00,0.0,1020.69,0.0,10.55,5.44,7054.0,1.0,19.0,En Operación
2018-07-05 12:25:00,0.0,1020.65,0.0,10.6,4.85,7055.0,1.0,19.0,En Operación
2018-07-05 12:30:00,0.0,1020.65,0.0,10.6,4.85,7056.0,1.0,19.0,En Operación
2018-07-05 12:35:00,0.0,1020.65,0.0,10.6,4.85,7057.0,1.0,19.0,En Operación
2018-07-05 12:40:00,0.0,1020.64,0.0,10.65,5.45,7058.0,1.0,19.0,En Operación
2018-07-05 12:45:00,0.0,1020.62,0.0,10.7,6.05,7059.0,1.0,19.0,En Operación
2018-07-05 12:50:00,0.0,1020.61,0.0,10.75,6.65,7060.0,1.0,19.0,En Operación
2018-07-05 12:55:00,0.0,1020.6,0.0,10.8,7.25,7061.0,1.0,19.0,En Operación
2018-07-05 13:00:00,0.0,1020.6,0.0,10.8,7.25,7062.0,1.0,19.0,En Operación
2018-07-05 13:05:00,0.0,1020.6,0.0,10.8,7.25,7063.0,1.0,19.0,En Operación
2018-07-05 13:10:00,0.0,1020.48,0.0,10.84,6.65,7064.0,1.0,19.0,En Operación
2018-07-05 13:15:00,0.0,1020.35,0.0,10.88,6.05,7065.0,1.0,19.0,En Operación
2018-07-05 13:20:00,0.0,1020.22,0.0,10.91,5.45,7066.0,1.0,19.0,En Operación
2018-07-05 13:25:00,0.0,1020.1,0.0,10.95,4.85,7067.0,1.0,19.0,En Operación
2018-07-05 13:30:00,0.0,1020.1,0.0,10.95,4.85,7068.0,1.0,19.0,En Operación
2018-07-05 13:35:00,0.0,1020.1,0.0,10.95,4.85,7069.0,1.0,19.0,En Operación
2018-07-05 13:40:00,0.0,1020.05,0.0,10.92,5.05,7070.0,1.0,19.0,En Operación
2018-07-05 13:45:00,0.0,1020.0,0.0,10.9,5.25,7071.0,1.0,19.0,En Operación
2018-07-05 13:50:00,0.0,1019.95,0.0,10.88,5.45,7072.0,1.0,19.0,En Operación
2018-07-05 13:55:00,0.0,1019.9,0.0,10.85,5.65,7073.0,1.0,19.0,En Operación
2018-07-05 14:00:00,0.0,1019.9,0.0,10.85,5.65,7074.0,1.0,19.0,En Operación
2018-07-05 14:05:00,0.0,1019.9,0.0,10.85,5.65,7075.0,1.0,19.0,En Operación
2018-07-05 14:10:00,0.0,1019.76,0.0,10.85,7.06,7076.0,1.0,19.0,En Operación
2018-07-05 14:15:00,0.0,1019.62,0.0,10.85,8.48,7077.0,1.0,19.0,En Operación
2018-07-05 14:20:00,0.0,1019.49,0.0,10.85,9.89,7078.0,1.0,19.0,En Operación
2018-07-05 14:25:00,0.0,1019.35,0.0,10.85,11.3,7079.0,1.0,19.0,En Operación
2018-07-05 14:30:00,0.0,1019.35,0.0,10.85,11.3,7080.0,1.0,19.0,En Operación
2018-07-05 14:35:00,0.0,1019.35,0.0,10.85,11.3,7081.0,1.0,19.0,En Operación
2018-07-05 14:40:00,0.0,1019.3,0.0,10.84,11.7,7082.0,1.0,19.0,En Operación
2018-07-05 14:45:00,0.0,1019.25,0.0,10.82,12.1,7083.0,1.0,19.0,En Operación
2018-07-05 14:50:00,0.0,1019.2,0.0,10.81,12.5,7084.0,1.0,19.0,En Operación
2018-07-05 14:55:00,0.0,1019.15,0.0,10.8,12.9,7085.0,1.0,19.0,En Operación
2018-07-05 15:00:00,0.0,1019.15,0.0,10.8,12.9,7086.0,1.0,19.0,En Operación
2018-07-05 15:05:00,0.0,1019.15,0.0,10.8,12.9,7087.0,1.0,19.0,En Operación
2018-07-05 15:10:00,0.0,1019.08,0.0,10.85,10.89,7088.0,1.0,19.0,En Operación
2018-07-05 15:15:00,0.0,1019.0,0.0,10.9,8.88,7089.0,1.0,19.0,En Operación
2018-07-05 15:20:00,0.0,1018.92,0.0,10.95,6.86,7090.0,1.0,19.0,En Operación
2018-07-05 15:25:00,0.0,1018.85,0.0,11.0,4.85,7091.0,1.0,19.0,En Operación
2018-07-05 15:30:00,0.0,1018.85,0.0,11.0,4.85,7092.0,1.0,19.0,En Operación
2018-07-05 15:35:00,0.0,1018.85,0.0,11.0,4.85,7093.0,1.0,19.0,En Operación
2018-07-05 15:40:00,0.0,1018.86,0.0,11.0,4.85,7094.0,1.0,19.0,En Operación
2018-07-05 15:45:00,0.0,1018.88,0.0,11.0,4.85,7095.0,1.0,19.0,En Operación
2018-07-05 15:50:00,0.0,1018.89,0.0,11.0,4.85,7096.0,1.0,19.0,En Operación
2018-07-05 15:55:00,0.0,1018.9,0.0,11.0,4.85,7097.0,1.0,19.0,En Operación
2018-07-05 16:00:00,0.0,1018.9,0.0,11.0,4.85,7098.0,1.0,19.0,En Operación
2018-07-05 16:05:00,0.0,1018.9,0.0,11.0,4.85,7099.0,1.0,19.0,En Operación
2018-07-05 16:10:00,0.0,1018.99,0.0,10.96,6.86,7100.0,1.0,19.0,En Operación
2018-07-05 16:15:00,0.0,1019.08,0.0,10.92,8.88,7101.0,1.0,19.0,En Operación
2018-07-05 16:20:00,0.0,1019.16,0.0,10.89,10.89,7102.0,1.0,19.0,En Operación
2018-07-05 16:25:00,0.0,1019.25,0.0,10.85,12.9,7103.0,1.0,19.0,En Operación
2018-07-05 16:30:00,0.0,1019.25,0.0,10.85,12.9,7104.0,1.0,19.0,En Operación
2018-07-05 16:35:00,0.0,1019.25,0.0,10.85,12.9,7105.0,1.0,19.0,En Operación
2018-07-05 16:40:00,0.0,1019.29,0.0,10.85,11.29,7106.0,1.0,19.0,En Operación
2018-07-05 16:45:00,0.0,1019.32,0.0,10.85,9.68,7107.0,1.0,19.0,En Operación
2018-07-05 16:50:00,0.0,1019.36,0.0,10.85,8.06,7108.0,1.0,19.0,En Operación
2018-07-05 16:55:00,0.0,1019.4,0.0,10.85,6.45,7109.0,1.0,19.0,En Operación
2018-07-05 17:00:00,0.0,1019.4,0.0,10.85,6.45,7110.0,1.0,19.0,En Operación
2018-07-05 17:05:00,0.0,1019.4,0.0,10.85,6.45,7111.0,1.0,19.0,En Operación
2018-07-05 17:10:00,0.0,1019.46,0.0,10.72,6.05,7112.0,1.0,19.0,En Operación
2018-07-05 17:15:00,0.0,1019.52,0.0,10.6,5.65,7113.0,1.0,19.0,En Operación
2018-07-05 17:20:00,0.0,1019.59,0.0,10.48,5.25,7114.0,1.0,19.0,En Operación
2018-07-05 17:25:00,0.0,1019.65,0.0,10.35,4.85,7115.0,1.0,19.0,En Operación
2018-07-05 17:30:00,0.0,1019.65,0.0,10.35,4.85,7116.0,1.0,19.0,En Operación
2018-07-05 17:35:00,0.0,1019.65,0.0,10.35,4.85,7117.0,1.0,19.0,En Operación
2018-07-05 17:40:00,0.0,1019.66,0.0,10.34,5.05,7118.0,1.0,19.0,En Operación
2018-07-05 17:45:00,0.0,1019.68,0.0,10.32,5.25,7119.0,1.0,19.0,En Operación
2018-07-05 17:50:00,0.0,1019.69,0.0,10.31,5.45,7120.0,1.0,19.0,En Operación
2018-07-05 17:55:00,0.0,1019.7,0.0,10.3,5.65,7121.0,1.0,19.0,En Operación
2018-07-05 18:00:00,0.0,1019.7,0.0,10.3,5.65,7122.0,1.0,19.0,En Operación
2018-07-05 18:05:00,0.0,1019.7,0.0,10.3,5.65,7123.0,1.0,19.0,En Operación
2018-07-05 18:10:00,0.0,1019.74,0.0,10.25,5.24,7124.0,1.0,19.0,En Operación
2018-07-05 18:15:00,0.0,1019.78,0.0,10.2,4.82,7125.0,1.0,19.0,En Operación
2018-07-05 18:20:00,0.0,1019.81,0.0,10.15,4.41,7126.0,1.0,19.0,En Operación
2018-07-05 18:25:00,0.0,1019.85,0.0,10.1,4.0,7127.0,1.0,19.0,En Operación
2018-07-05 18:30:00,0.0,1019.85,0.0,10.1,4.0,7128.0,1.0,19.0,En Operación
2018-07-05 18:35:00,0.0,1019.85,0.0,10.1,4.0,7129.0,1.0,19.0,En Operación
2018-07-05 18:40:00,0.0,1019.85,0.0,10.1,4.6,7130.0,1.0,19.0,En Operación
2018-07-05 18:45:00,0.0,1019.85,0.0,10.1,5.2,7131.0,1.0,19.0,En Operación
2018-07-05 18:50:00,0.0,1019.85,0.0,10.1,5.8,7132.0,1.0,19.0,En Operación
2018-07-05 18:55:00,0.0,1019.85,0.0,10.1,6.4,7133.0,1.0,19.0,En Operación
2018-07-05 19:00:00,0.0,1019.85,0.0,10.1,6.4,7134.0,1.0,19.0,En Operación
2018-07-05 19:05:00,0.0,1019.85,0.0,10.1,6.4,7135.0,1.0,19.0,En Operación
2018-07-05 19:10:00,0.0,1019.89,0.0,10.11,6.4,7136.0,1.0,19.0,En Operación
2018-07-05 19:15:00,0.0,1019.92,0.0,10.12,6.4,7137.0,1.0,19.0,En Operación
2018-07-05 19:20:00,0.0,1019.96,0.0,10.14,6.4,7138.0,1.0,19.0,En Operación
2018-07-05 19:25:00,0.0,1020.0,0.0,10.15,6.4,7139.0,1.0,19.0,En Operación
2018-07-05 19:30:00,0.0,1020.0,0.0,10.15,6.4,7140.0,1.0,19.0,En Operación
2018-07-05 19:35:00,0.0,1020.0,0.0,10.15,6.4,7141.0,1.0,19.0,En Operación
2018-07-05 19:40:00,0.0,1020.01,0.0,10.16,6.2,7142.0,1.0,19.0,En Operación
2018-07-05 19:45:00,0.0,1020.02,0.0,10.18,6.0,7143.0,1.0,19.0,En Operación
2018-07-05 19:50:00,0.0,1020.04,0.0,10.19,5.8,7144.0,1.0,19.0,En Operación
2018-07-05 19:55:00,0.0,1020.05,0.0,10.2,5.6,7145.0,1.0,19.0,En Operación
2018-07-05 20:00:00,0.0,1020.05,0.0,10.2,5.6,7146.0,1.0,19.0,En Operación
2018-07-05 20:05:00,0.0,1020.05,0.0,10.2,5.6,7147.0,1.0,19.0,En Operación
2018-07-05 20:10:00,0.0,1020.11,0.0,10.25,6.01,7148.0,1.0,19.0,En Operación
2018-07-05 20:15:00,0.0,1020.18,0.0,10.3,6.42,,,,
2018-07-05 20:20:00,0.0,1020.24,0.0,10.35,6.84,,,,
2018-07-05 20:25:00,0.0,1020.3,0.0,10.4,7.25,,,,
2018-07-05 20:30:00,0.0,1020.3,0.0,10.4,7.25,7152.0,1.0,19.0,En Operación
2018-07-05 20:35:00,0.0,1020.3,0.0,10.4,7.25,7153.0,1.0,19.0,En Operación
2018-07-05 20:40:00,0.0,1020.32,0.0,10.42,6.85,7154.0,1.0,19.0,En Operación
2018-07-05 20:45:00,0.0,1020.35,0.0,10.45,6.45,7155.0,1.0,19.0,En Operación
2018-07-05 20:50:00,0.0,1020.38,0.0,10.48,6.05,7156.0,1.0,19.0,En Operación
2018-07-05 20:55:00,0.0,1020.4,0.0,10.5,5.65,7157.0,1.0,19.0,En Operación
2018-07-05 21:00:00,0.0,1020.4,0.0,10.5,5.65,7158.0,1.0,19.0,En Operación
2018-07-05 21:05:00,0.0,1020.4,0.0,10.5,5.65,7159.0,1.0,19.0,En Operación
2018-07-05 21:10:00,0.0,1020.41,0.0,10.54,6.25,7160.0,1.0,19.0,En Operación
2018-07-05 21:15:00,0.0,1020.42,0.0,10.58,6.85,7161.0,1.0,19.0,En Operación
2018-07-05 21:20:00,0.0,1020.44,0.0,10.61,7.45,7162.0,1.0,19.0,En Operación
2018-07-05 21:25:00,0.0,1020.45,0.0,10.65,8.05,7163.0,1.0,19.0,En Operación
2018-07-05 21:30:00,0.0,1020.45,0.0,10.65,8.05,7164.0,1.0,19.0,En Operación
2018-07-05 21:35:00,0.0,1020.45,0.0,10.65,8.05,7165.0,1.0,19.0,En Operación
2018-07-05 21:40:00,0.0,1020.49,0.0,10.62,8.05,7166.0,1.0,19.0,En Operación
2018-07-05 21:45:00,0.0,1020.53,0.0,10.6,8.05,7167.0,1.0,19.0,En Operación
2018-07-05 21:50:00,0.0,1020.56,0.0,10.58,8.05,7168.0,1.0,19.0,En Operación
2018-07-05 21:55:00,0.0,1020.6,0.0,10.55,8.05,7169.0,1.0,19.0,En Operación
2018-07-05 22:00:00,0.0,1020.6,0.0,10.55,8.05,7170.0,1.0,19.0,En Operación
2018-07-05 22:05:00,0.0,1020.6,0.0,10.55,8.05,7171.0,1.0,19.0,En Operación
2018-07-05 22:10:00,0.0,1020.69,0.0,10.55,7.25,7172.0,1.0,19.0,En Operación
2018-07-05 22:15:00,0.0,1020.78,0.0,10.55,6.45,7173.0,1.0,19.0,En Operación
2018-07-05 22:20:00,0.0,1020.86,0.0,10.55,5.65,7174.0,1.0,19.0,En Operación
2018-07-05 22:25:00,0.0,1020.95,0.0,10.55,4.85,7175.0,1.0,19.0,En Operación
2018-07-05 22:30:00,0.0,1020.95,0.0,10.55,4.85,7176.0,1.0,19.0,En Operación
2018-07-05 22:35:00,0.0,1020.95,0.0,10.55,4.85,7177.0,1.0,19.0,En Operación
2018-07-05 22:40:00,0.0,1020.95,0.0,10.55,4.85,7178.0,1.0,19.0,En Operación
2018-07-05 22:45:00,0.0,1020.95,0.0,10.55,4.85,7179.0,1.0,19.0,En Operación
2018-07-05 22:50:00,0.0,1020.95,0.0,10.55,4.85,7180.0,1.0,19.0,En Operación
2018-07-05 22:55:00,0.0,1020.95,0.0,10.55,4.85,7181.0,1.0,19.0,En Operación
2018-07-05 23:00:00,0.0,1020.95,0.0,10.55,4.85,7182.0,1.0,19.0,En Operación
2018-07-05 23:05:00,0.0,1020.95,0.0,10.55,4.85,7183.0,1.0,19.0,En Operación
2018-07-05 23:10:00,0.0,1021.0,0.0,10.51,6.26,7184.0,1.0,19.0,En Operación
2018-07-05 23:15:00,0.0,1021.05,0.0,10.48,7.68,7185.0,1.0,19.0,En Operación
2018-07-05 23:20:00,0.0,1021.1,0.0,10.44,9.09,7186.0,1.0,19.0,En Operación
2018-07-05 23:25:00,0.0,1021.15,0.0,10.4,10.5,7187.0,1.0,19.0,En Operación
2018-07-05 23:30:00,0.0,1021.15,0.0,10.4,10.5,7188.0,1.0,19.0,En Operación
2018-07-05 23:35:00,0.0,1021.15,0.0,10.4,10.5,7189.0,1.0,19.0,En Operación
2018-07-05 23:40:00,0.0,1021.18,0.0,10.39,9.29,7190.0,1.0,19.0,En Operación
2018-07-05 23:45:00,0.0,1021.2,0.0,10.38,8.07,7191.0,1.0,19.0,En Operación
2018-07-05 23:50:00,0.0,1021.22,0.0,10.36,6.86,7192.0,1.0,19.0,En Operación
2018-07-05 23:55:00,0.0,1021.25,0.0,10.35,5.65,7193.0,1.0,19.0,En Operación
2018-07-06 00:00:00,0.0,1021.25,0.0,10.35,5.65,7194.0,1.0,19.0,En Operación
2018-07-06 00:05:00,0.0,1021.25,0.0,10.35,5.65,7195.0,1.0,19.0,En Operación
2018-07-06 00:10:00,0.0,1021.28,0.0,10.26,7.26,7196.0,1.0,19.0,En Operación
2018-07-06 00:15:00,0.0,1021.3,0.0,10.18,8.88,7197.0,1.0,19.0,En Operación
2018-07-06 00:20:00,0.0,1021.32,0.0,10.09,10.49,7198.0,1.0,19.0,En Operación
2018-07-06 00:25:00,0.0,1021.35,0.0,10.0,12.1,7199.0,1.0,19.0,En Operación
2018-07-06 00:30:00,0.0,1021.35,0.0,10.0,12.1,7200.0,1.0,19.0,En Operación
2018-07-06 00:35:00,0.0,1021.35,0.0,10.0,12.1,7201.0,1.0,19.0,En Operación
2018-07-06 00:40:00,0.0,1021.36,0.0,10.01,12.7,7202.0,1.0,19.0,En Operación
2018-07-06 00:45:00,0.0,1021.38,0.0,10.02,13.3,7203.0,1.0,19.0,En Operación
2018-07-06 00:50:00,0.0,1021.39,0.0,10.04,13.9,7204.0,1.0,19.0,En Operación
2018-07-06 00:55:00,0.0,1021.4,0.0,10.05,14.5,7205.0,1.0,19.0,En Operación
2018-07-06 01:00:00,0.0,1021.4,0.0,10.05,14.5,7206.0,1.0,19.0,En Operación
2018-07-06 01:05:00,0.0,1021.4,0.0,10.05,14.5,7207.0,1.0,19.0,En Operación
2018-07-06 01:10:00,0.0,1021.44,0.0,10.0,13.5,7208.0,1.0,19.0,En Operación
2018-07-06 01:15:00,0.0,1021.47,0.0,9.95,12.5,7209.0,1.0,19.0,En Operación
2018-07-06 01:20:00,0.0,1021.51,0.0,9.9,11.5,7210.0,1.0,19.0,En Operación
2018-07-06 01:25:00,0.0,1021.55,0.0,9.85,10.5,7211.0,1.0,19.0,En Operación
2018-07-06 01:30:00,0.0,1021.55,0.0,9.85,10.5,7212.0,1.0,19.0,En Operación
2018-07-06 01:35:00,0.0,1021.55,0.0,9.85,10.5,7213.0,1.0,19.0,En Operación
2018-07-06 01:40:00,0.0,1021.54,0.0,9.85,9.09,7214.0,1.0,19.0,En Operación
2018-07-06 01:45:00,0.0,1021.52,0.0,9.85,7.68,7215.0,1.0,19.0,En Operación
2018-07-06 01:50:00,0.0,1021.51,0.0,9.85,6.26,7216.0,1.0,19.0,En Operación
2018-07-06 01:55:00,0.0,1021.5,0.0,9.85,4.85,7217.0,1.0,19.0,En Operación
2018-07-06 02:00:00,0.0,1021.5,0.0,9.85,4.85,7218.0,1.0,19.0,En Operación
2018-07-06 02:05:00,0.0,1021.5,0.0,9.85,4.85,7219.0,1.0,19.0,En Operación
2018-07-06 02:10:00,0.0,1021.56,0.0,9.81,5.25,7220.0,1.0,19.0,En Operación
2018-07-06 02:15:00,0.0,1021.62,0.0,9.77,5.65,7221.0,1.0,19.0,En Operación
2018-07-06 02:20:00,0.0,1021.69,0.0,9.74,6.05,7222.0,1.0,19.0,En Operación
2018-07-06 02:25:00,0.0,1021.75,0.0,9.7,6.45,7223.0,1.0,19.0,En Operación
2018-07-06 02:30:00,0.0,1021.75,0.0,9.7,6.45,7224.0,1.0,19.0,En Operación
2018-07-06 02:35:00,0.0,1021.75,0.0,9.7,6.45,7225.0,1.0,19.0,En Operación
2018-07-06 02:40:00,0.0,1021.71,0.0,9.69,6.45,7226.0,1.0,19.0,En Operación
2018-07-06 02:45:00,0.0,1021.68,0.0,9.68,6.45,7227.0,1.0,19.0,En Operación
2018-07-06 02:50:00,0.0,1021.64,0.0,9.66,6.45,7228.0,1.0,19.0,En Operación
2018-07-06 02:55:00,0.0,1021.6,0.0,9.65,6.45,7229.0,1.0,19.0,En Operación
2018-07-06 03:00:00,0.0,1021.6,0.0,9.65,6.45,7230.0,1.0,19.0,En Operación
2018-07-06 03:05:00,0.0,1021.6,0.0,9.65,6.45,7231.0,1.0,19.0,En Operación
2018-07-06 03:10:00,0.0,1021.56,0.0,9.65,6.65,7232.0,1.0,19.0,En Operación
2018-07-06 03:15:00,0.0,1021.53,0.0,9.65,6.85,7233.0,1.0,19.0,En Operación
2018-07-06 03:20:00,0.0,1021.49,0.0,9.65,7.05,7234.0,1.0,19.0,En Operación
2018-07-06 03:25:00,0.0,1021.45,0.0,9.65,7.25,7235.0,1.0,19.0,En Operación
2018-07-06 03:30:00,0.0,1021.45,0.0,9.65,7.25,7236.0,1.0,19.0,En Operación
2018-07-06 03:35:00,0.0,1021.45,0.0,9.65,7.25,7237.0,1.0,19.0,En Operación
2018-07-06 03:40:00,0.0,1021.44,0.0,9.65,7.05,7238.0,1.0,19.0,En Operación
2018-07-06 03:45:00,0.0,1021.42,0.0,9.65,6.85,7239.0,1.0,19.0,En Operación
2018-07-06 03:50:00,0.0,1021.41,0.0,9.65,6.65,7240.0,1.0,19.0,En Operación
2018-07-06 03:55:00,0.0,1021.4,0.0,9.65,6.45,7241.0,1.0,19.0,En Operación
2018-07-06 04:00:00,0.0,1021.4,0.0,9.65,6.45,7242.0,1.0,19.0,En Operación
2018-07-06 04:05:00,0.0,1021.4,0.0,9.65,6.45,7243.0,1.0,19.0,En Operación
2018-07-06 04:10:00,0.0,1021.4,0.0,9.66,6.25,7244.0,1.0,19.0,En Operación
2018-07-06 04:15:00,0.0,1021.4,0.0,9.68,6.05,7245.0,1.0,19.0,En Operación
2018-07-06 04:20:00,0.0,1021.4,0.0,9.69,5.85,7246.0,1.0,19.0,En Operación
2018-07-06 04:25:00,0.0,1021.4,0.0,9.7,5.65,7247.0,1.0,19.0,En Operación
2018-07-06 04:30:00,0.0,1021.4,0.0,9.7,5.65,7248.0,1.0,19.0,En Operación
2018-07-06 04:35:00,0.0,1021.4,0.0,9.7,5.65,7249.0,1.0,19.0,En Operación
2018-07-06 04:40:00,0.0,1021.39,0.0,9.67,6.65,7250.0,1.0,19.0,En Operación
2018-07-06 04:45:00,0.0,1021.38,0.0,9.65,7.65,7251.0,1.0,19.0,En Operación
2018-07-06 04:50:00,0.0,1021.36,0.0,9.62,8.65,7252.0,1.0,19.0,En Operación
2018-07-06 04:55:00,0.0,1021.35,0.0,9.6,9.65,7253.0,1.0,19.0,En Operación
2018-07-06 05:00:00,0.0,1021.35,0.0,9.6,9.65,7254.0,1.0,19.0,En Operación
2018-07-06 05:05:00,0.0,1021.35,0.0,9.6,9.65,7255.0,1.0,19.0,En Operación
2018-07-06 05:10:00,0.0,1021.36,0.0,9.64,9.25,7256.0,1.0,19.0,En Operación
2018-07-06 05:15:00,0.0,1021.38,0.0,9.68,8.85,7257.0,1.0,19.0,En Operación
2018-07-06 05:20:00,0.0,1021.39,0.0,9.71,8.45,7258.0,1.0,19.0,En Operación
2018-07-06 05:25:00,0.0,1021.4,0.0,9.75,8.05,7259.0,1.0,19.0,En Operación
2018-07-06 05:30:00,0.0,1021.4,0.0,9.75,8.05,7260.0,1.0,19.0,En Operación
2018-07-06 05:35:00,0.0,1021.4,0.0,9.75,8.05,7261.0,1.0,19.0,En Operación
2018-07-06 05:40:00,0.0,1021.4,0.0,9.75,7.25,7262.0,1.0,19.0,En Operación
2018-07-06 05:45:00,0.0,1021.4,0.0,9.75,6.45,7263.0,1.0,19.0,En Operación
2018-07-06 05:50:00,0.0,1021.4,0.0,9.75,5.65,7264.0,1.0,19.0,En Operación
2018-07-06 05:55:00,0.0,1021.4,0.0,9.75,4.85,7265.0,1.0,19.0,En Operación
2018-07-06 06:00:00,0.0,1021.4,0.0,9.75,4.85,7266.0,1.0,19.0,En Operación
2018-07-06 06:05:00,0.0,1021.4,0.0,9.75,4.85,7267.0,1.0,19.0,En Operación
2018-07-06 06:10:00,0.0,1021.41,0.0,9.74,5.45,7268.0,1.0,19.0,En Operación
2018-07-06 06:15:00,0.0,1021.42,0.0,9.72,6.05,7269.0,1.0,19.0,En Operación
2018-07-06 06:20:00,0.0,1021.44,0.0,9.71,6.65,7270.0,1.0,19.0,En Operación
2018-07-06 06:25:00,0.0,1021.45,0.0,9.7,7.25,7271.0,1.0,19.0,En Operación
2018-07-06 06:30:00,0.0,1021.45,0.0,9.7,7.25,7272.0,1.0,19.0,En Operación
2018-07-06 06:35:00,0.0,1021.45,0.0,9.7,7.25,7273.0,1.0,19.0,En Operación
2018-07-06 06:40:00,0.0,1021.46,0.0,9.7,7.25,7274.0,1.0,19.0,En Operación
2018-07-06 06:45:00,0.0,1021.48,0.0,9.7,7.25,7275.0,1.0,19.0,En Operación
2018-07-06 06:50:00,0.0,1021.49,0.0,9.7,7.25,7276.0,1.0,19.0,En Operación
2018-07-06 06:55:00,0.0,1021.5,0.0,9.7,7.25,7277.0,1.0,19.0,En Operación
2018-07-06 07:00:00,0.0,1021.5,0.0,9.7,7.25,7278.0,1.0,19.0,En Operación
2018-07-06 07:05:00,0.0,1021.5,0.0,9.7,7.25,7279.0,1.0,19.0,En Operación
2018-07-06 07:10:00,0.0,1021.5,0.0,9.72,7.65,7280.0,1.0,19.0,En Operación
2018-07-06 07:15:00,0.0,1021.5,0.0,9.75,8.05,7281.0,1.0,19.0,En Operación
2018-07-06 07:20:00,0.0,1021.5,0.0,9.78,8.45,7282.0,1.0,19.0,En Operación
2018-07-06 07:25:00,0.0,1021.5,0.0,9.8,8.85,7283.0,1.0,19.0,En Operación
2018-07-06 07:30:00,0.0,1021.5,0.0,9.8,8.85,7284.0,1.0,19.0,En Operación
2018-07-06 07:35:00,0.0,1021.5,0.0,9.8,8.85,7285.0,1.0,19.0,En Operación
2018-07-06 07:40:00,0.0,1021.52,0.0,9.8,8.25,7286.0,1.0,19.0,En Operación
2018-07-06 07:45:00,0.0,1021.55,0.0,9.8,7.65,7287.0,1.0,19.0,En Operación
2018-07-06 07:50:00,0.0,1021.58,0.0,9.8,7.05,7288.0,1.0,19.0,En Operación
2018-07-06 07:55:00,0.0,1021.6,0.0,9.8,6.45,7289.0,1.0,19.0,En Operación
2018-07-06 08:00:00,0.0,1021.6,0.0,9.8,6.45,7290.0,1.0,19.0,En Operación
2018-07-06 08:05:00,0.0,1021.6,0.0,9.8,6.45,7291.0,1.0,19.0,En Operación
2018-07-06 08:10:00,0.0,1021.61,0.0,9.81,6.25,7292.0,1.0,19.0,En Operación
2018-07-06 08:15:00,0.0,1021.62,0.0,9.82,6.05,7293.0,1.0,19.0,En Operación
2018-07-06 08:20:00,0.0,1021.64,0.0,9.84,5.85,7294.0,1.0,19.0,En Operación
2018-07-06 08:25:00,0.0,1021.65,0.0,9.85,5.65,7295.0,1.0,19.0,En Operación
2018-07-06 08:30:00,0.0,1021.65,0.0,9.85,5.65,7296.0,1.0,19.0,En Operación
2018-07-06 08:35:00,0.0,1021.65,0.0,9.85,5.65,7297.0,1.0,19.0,En Operación
2018-07-06 08:40:00,0.0,1021.6,0.0,9.89,5.65,7298.0,1.0,19.0,En Operación
2018-07-06 08:45:00,0.0,1021.55,0.0,9.93,5.65,7299.0,1.0,19.0,En Operación
2018-07-06 08:50:00,0.0,1021.5,0.0,9.96,5.65,7300.0,1.0,19.0,En Operación
2018-07-06 08:55:00,0.0,1021.45,0.0,10.0,5.65,7301.0,1.0,19.0,En Operación
2018-07-06 09:00:00,0.0,1021.45,0.0,10.0,5.65,7302.0,1.0,19.0,En Operación
2018-07-06 09:05:00,0.0,1021.45,0.0,10.0,5.65,7303.0,1.0,19.0,En Operación
2018-07-06 09:10:00,0.0,1021.44,0.0,10.07,6.05,7304.0,1.0,19.0,En Operación
2018-07-06 09:15:00,0.0,1021.42,0.0,10.15,6.45,7305.0,1.0,19.0,En Operación
2018-07-06 09:20:00,0.0,1021.41,0.0,10.23,6.85,7306.0,1.0,19.0,En Operación
2018-07-06 09:25:00,0.0,1021.4,0.0,10.3,7.25,7307.0,1.0,19.0,En Operación
2018-07-06 09:30:00,0.0,1021.4,0.0,10.3,7.25,7308.0,1.0,19.0,En Operación
2018-07-06 09:35:00,0.0,1021.4,0.0,10.3,7.25,7309.0,1.0,19.0,En Operación
2018-07-06 09:40:00,0.0,1021.45,0.0,10.41,7.45,7310.0,1.0,19.0,En Operación
2018-07-06 09:45:00,0.0,1021.5,0.0,10.52,7.65,7311.0,1.0,19.0,En Operación
2018-07-06 09:50:00,0.0,1021.55,0.0,10.64,7.85,7312.0,1.0,19.0,En Operación
2018-07-06 09:55:00,0.0,1021.6,0.0,10.75,8.05,7313.0,1.0,19.0,En Operación
2018-07-06 10:00:00,0.0,1021.6,0.0,10.75,8.05,7314.0,1.0,19.0,En Operación
2018-07-06 10:05:00,0.0,1021.6,0.0,10.75,8.05,7315.0,1.0,19.0,En Operación
2018-07-06 10:10:00,0.0,1021.69,0.0,10.79,9.86,7316.0,1.0,19.0,En Operación
2018-07-06 10:15:00,0.0,1021.78,0.0,10.82,11.68,7317.0,1.0,19.0,En Operación
2018-07-06 10:20:00,0.0,1021.86,0.0,10.86,13.49,7318.0,1.0,19.0,En Operación
2018-07-06 10:25:00,0.0,1021.95,0.0,10.9,15.3,7319.0,1.0,19.0,En Operación
2018-07-06 10:30:00,0.0,1021.95,0.0,10.9,15.3,7320.0,1.0,19.0,En Operación
2018-07-06 10:35:00,0.0,1021.95,0.0,10.9,15.3,7321.0,1.0,19.0,En Operación
2018-07-06 10:40:00,0.0,1021.94,0.0,10.85,14.09,7322.0,1.0,19.0,En Operación
2018-07-06 10:45:00,0.0,1021.92,0.0,10.8,12.88,7323.0,1.0,19.0,En Operación
2018-07-06 10:50:00,0.0,1021.91,0.0,10.75,11.66,7324.0,1.0,19.0,En Operación
2018-07-06 10:55:00,0.0,1021.9,0.0,10.7,10.45,7325.0,1.0,19.0,En Operación
2018-07-06 11:00:00,0.0,1021.9,0.0,10.7,10.45,7326.0,1.0,19.0,En Operación
2018-07-06 11:05:00,0.0,1021.9,0.0,10.7,10.45,7327.0,1.0,19.0,En Operación
2018-07-06 11:10:00,0.0,1021.88,0.0,10.71,9.45,7328.0,1.0,19.0,En Operación
2018-07-06 11:15:00,0.0,1021.85,0.0,10.72,8.45,7329.0,1.0,19.0,En Operación
2018-07-06 11:20:00,0.0,1021.82,0.0,10.74,7.45,7330.0,1.0,19.0,En Operación
2018-07-06 11:25:00,0.0,1021.8,0.0,10.75,6.45,7331.0,1.0,19.0,En Operación
2018-07-06 11:30:00,0.0,1021.8,0.0,10.75,6.45,7332.0,1.0,19.0,En Operación
2018-07-06 11:35:00,0.0,1021.8,0.0,10.75,6.45,7333.0,1.0,19.0,En Operación
2018-07-06 11:40:00,0.0,1021.76,0.0,10.8,6.45,7334.0,1.0,19.0,En Operación
2018-07-06 11:45:00,0.0,1021.72,0.0,10.85,6.45,7335.0,1.0,19.0,En Operación
2018-07-06 11:50:00,0.0,1021.69,0.0,10.9,6.45,7336.0,1.0,19.0,En Operación
2018-07-06 11:55:00,0.0,1021.65,0.0,10.95,6.45,7337.0,1.0,19.0,En Operación
2018-07-06 12:00:00,0.0,1021.65,0.0,10.95,6.45,7338.0,1.0,19.0,En Operación
2018-07-06 12:05:00,0.0,1021.65,0.0,10.95,6.45,7339.0,1.0,19.0,En Operación
2018-07-06 12:10:00,0.0,1021.49,0.0,11.04,6.25,7340.0,1.0,19.0,En Operación
2018-07-06 12:15:00,0.0,1021.32,0.0,11.12,6.05,7341.0,1.0,19.0,En Operación
2018-07-06 12:20:00,0.0,1021.16,0.0,11.21,5.85,7342.0,1.0,19.0,En Operación
2018-07-06 12:25:00,0.0,1021.0,0.0,11.3,5.65,7343.0,1.0,19.0,En Operación
2018-07-06 12:30:00,0.0,1021.0,0.0,11.3,5.65,7344.0,1.0,19.0,En Operación
2018-07-06 12:35:00,0.0,1021.0,0.0,11.3,5.65,7345.0,1.0,19.0,En Operación
2018-07-06 12:40:00,0.0,1020.89,0.0,11.28,6.65,7346.0,1.0,19.0,En Operación
2018-07-06 12:45:00,0.0,1020.78,0.0,11.25,7.65,7347.0,1.0,19.0,En Operación
2018-07-06 12:50:00,0.0,1020.66,0.0,11.22,8.65,7348.0,1.0,19.0,En Operación
2018-07-06 12:55:00,0.0,1020.55,0.0,11.2,9.65,7349.0,1.0,19.0,En Operación
2018-07-06 13:00:00,0.0,1020.55,0.0,11.2,9.65,7350.0,1.0,19.0,En Operación
2018-07-06 13:05:00,0.0,1020.55,0.0,11.2,9.65,7351.0,1.0,19.0,En Operación
2018-07-06 13:10:00,0.0,1020.34,0.0,11.2,9.05,7352.0,1.0,19.0,En Operación
2018-07-06 13:15:00,0.0,1020.12,0.0,11.2,8.45,7353.0,1.0,19.0,En Operación
2018-07-06 13:20:00,0.0,1019.91,0.0,11.2,7.85,7354.0,1.0,19.0,En Operación
2018-07-06 13:25:00,0.0,1019.7,0.0,11.2,7.25,7355.0,1.0,19.0,En Operación
2018-07-06 13:30:00,0.0,1019.7,0.0,11.2,7.25,7356.0,1.0,19.0,En Operación
2018-07-06 13:35:00,0.0,1019.7,0.0,11.2,7.25,7357.0,1.0,19.0,En Operación
2018-07-06 13:40:00,0.0,1019.65,0.0,11.21,8.05,7358.0,1.0,19.0,En Operación
2018-07-06 13:45:00,0.0,1019.6,0.0,11.22,8.85,7359.0,1.0,19.0,En Operación
2018-07-06 13:50:00,0.0,1019.55,0.0,11.24,9.65,7360.0,1.0,19.0,En Operación
2018-07-06 13:55:00,0.0,1019.5,0.0,11.25,10.45,7361.0,1.0,19.0,En Operación
2018-07-06 14:00:00,0.0,1019.5,0.0,11.25,10.45,7362.0,1.0,19.0,En Operación
2018-07-06 14:05:00,0.0,1019.5,0.0,11.25,10.45,7363.0,1.0,19.0,En Operación
2018-07-06 14:10:00,0.0,1019.35,0.0,11.24,10.66,7364.0,1.0,19.0,En Operación
2018-07-06 14:15:00,0.0,1019.2,0.0,11.22,10.88,7365.0,1.0,19.0,En Operación
2018-07-06 14:20:00,0.0,1019.05,0.0,11.21,11.09,7366.0,1.0,19.0,En Operación
2018-07-06 14:25:00,0.0,1018.9,0.0,11.2,11.3,7367.0,1.0,19.0,En Operación
2018-07-06 14:30:00,0.0,1018.9,0.0,11.2,11.3,7368.0,1.0,19.0,En Operación
2018-07-06 14:35:00,0.0,1018.9,0.0,11.2,11.3,7369.0,1.0,19.0,En Operación
2018-07-06 14:40:00,0.0,1018.86,0.0,11.18,10.09,7370.0,1.0,19.0,En Operación
2018-07-06 14:45:00,0.0,1018.82,0.0,11.15,8.88,7371.0,1.0,19.0,En Operación
2018-07-06 14:50:00,0.0,1018.79,0.0,11.12,7.66,7372.0,1.0,19.0,En Operación
2018-07-06 14:55:00,0.0,1018.75,0.0,11.1,6.45,7373.0,1.0,19.0,En Operación
2018-07-06 15:00:00,0.0,1018.75,0.0,11.1,6.45,7374.0,1.0,19.0,En Operación
2018-07-06 15:05:00,0.0,1018.75,0.0,11.1,6.45,7375.0,1.0,19.0,En Operación
2018-07-06 15:10:00,0.0,1018.64,0.0,11.04,6.85,7376.0,1.0,19.0,En Operación
2018-07-06 15:15:00,0.0,1018.52,0.0,10.98,7.25,7377.0,1.0,19.0,En Operación
2018-07-06 15:20:00,0.0,1018.41,0.0,10.91,7.65,7378.0,1.0,19.0,En Operación
2018-07-06 15:25:00,0.0,1018.3,0.0,10.85,8.05,7379.0,1.0,19.0,En Operación
2018-07-06 15:30:00,0.0,1018.3,0.0,10.85,8.05,7380.0,1.0,19.0,En Operación
2018-07-06 15:35:00,0.0,1018.3,0.0,10.85,8.05,7381.0,1.0,19.0,En Operación
2018-07-06 15:40:00,0.0,1018.34,0.0,10.85,7.25,7382.0,1.0,19.0,En Operación
2018-07-06 15:45:00,0.0,1018.38,0.0,10.85,6.45,7383.0,1.0,19.0,En Operación
2018-07-06 15:50:00,0.0,1018.41,0.0,10.85,5.65,7384.0,1.0,19.0,En Operación
2018-07-06 15:55:00,0.0,1018.45,0.0,10.85,4.85,7385.0,1.0,19.0,En Operación
2018-07-06 16:00:00,0.0,1018.45,0.0,10.85,4.85,7386.0,1.0,19.0,En Operación
2018-07-06 16:05:00,0.0,1018.45,0.0,10.85,4.85,7387.0,1.0,19.0,En Operación
2018-07-06 16:10:00,0.0,1018.36,0.0,10.89,5.25,7388.0,1.0,19.0,En Operación
2018-07-06 16:15:00,0.0,1018.28,0.0,10.92,5.65,7389.0,1.0,19.0,En Operación
2018-07-06 16:20:00,0.0,1018.19,0.0,10.96,6.05,7390.0,1.0,19.0,En Operación
2018-07-06 16:25:00,0.0,1018.1,0.0,11.0,6.45,7391.0,1.0,19.0,En Operación
2018-07-06 16:30:00,0.0,1018.1,0.0,11.0,6.45,7392.0,1.0,19.0,En Operación
2018-07-06 16:35:00,0.0,1018.1,0.0,11.0,6.45,7393.0,1.0,19.0,En Operación
2018-07-06 16:40:00,0.0,1018.11,0.0,11.02,6.45,7394.0,1.0,19.0,En Operación
2018-07-06 16:45:00,0.0,1018.12,0.0,11.05,6.45,7395.0,1.0,19.0,En Operación
2018-07-06 16:50:00,0.0,1018.14,0.0,11.08,6.45,7396.0,1.0,19.0,En Operación
2018-07-06 16:55:00,0.0,1018.15,0.0,11.1,6.45,7397.0,1.0,19.0,En Operación
2018-07-06 17:00:00,0.0,1018.15,0.0,11.1,6.45,7398.0,1.0,19.0,En Operación
2018-07-06 17:05:00,0.0,1018.15,0.0,11.1,6.45,7399.0,1.0,19.0,En Operación
2018-07-06 17:10:00,0.0,1018.14,0.0,11.08,5.84,7400.0,1.0,19.0,En Operación
2018-07-06 17:15:00,0.0,1018.12,0.0,11.05,5.22,7401.0,1.0,19.0,En Operación
2018-07-06 17:20:00,0.0,1018.11,0.0,11.02,4.61,7402.0,1.0,19.0,En Operación
2018-07-06 17:25:00,0.0,1018.1,0.0,11.0,4.0,7403.0,1.0,19.0,En Operación
2018-07-06 17:30:00,0.0,1018.1,0.0,11.0,4.0,7404.0,1.0,19.0,En Operación
2018-07-06 17:35:00,0.0,1018.1,0.0,11.0,4.0,7405.0,1.0,19.0,En Operación
2018-07-06 17:40:00,0.04,1018.08,0.0,10.99,4.4,7406.0,1.0,19.0,En Operación
2018-07-06 17:45:00,0.08,1018.05,0.0,10.98,4.8,7407.0,1.0,19.0,En Operación
2018-07-06 17:50:00,0.11,1018.02,0.0,10.96,5.2,7408.0,1.0,19.0,En Operación
2018-07-06 17:55:00,0.15,1018.0,0.0,10.95,5.6,7409.0,1.0,19.0,En Operación
2018-07-06 18:00:00,0.15,1018.0,0.0,10.95,5.6,7410.0,1.0,19.0,En Operación
2018-07-06 18:05:00,0.15,1018.0,0.0,10.95,5.6,7411.0,1.0,19.0,En Operación
2018-07-06 18:10:00,0.15,1018.02,0.0,10.92,5.0,7412.0,1.0,19.0,En Operación
2018-07-06 18:15:00,0.15,1018.05,0.0,10.9,4.4,7413.0,1.0,19.0,En Operación
2018-07-06 18:20:00,0.15,1018.08,0.0,10.88,3.8,7414.0,1.0,19.0,En Operación
2018-07-06 18:25:00,0.15,1018.1,0.0,10.85,3.2,7415.0,1.0,19.0,En Operación
2018-07-06 18:30:00,0.15,1018.1,0.0,10.85,3.2,7416.0,1.0,19.0,En Operación
2018-07-06 18:35:00,0.15,1018.1,0.0,10.85,3.2,7417.0,1.0,19.0,En Operación
2018-07-06 18:40:00,0.15,1018.08,0.0,10.85,3.6,7418.0,1.0,19.0,En Operación
2018-07-06 18:45:00,0.15,1018.05,0.0,10.85,4.0,7419.0,1.0,19.0,En Operación
2018-07-06 18:50:00,0.15,1018.02,0.0,10.85,4.4,7420.0,1.0,19.0,En Operación
2018-07-06 18:55:00,0.15,1018.0,0.0,10.85,4.8,7421.0,1.0,19.0,En Operación
2018-07-06 19:00:00,0.15,1018.0,0.0,10.85,4.8,7422.0,1.0,19.0,En Operación
2018-07-06 19:05:00,0.15,1018.0,0.0,10.85,4.8,7423.0,1.0,19.0,En Operación
2018-07-06 19:10:00,0.18,1018.01,0.0,10.84,4.8,7424.0,1.0,19.0,En Operación
2018-07-06 19:15:00,0.2,1018.02,0.0,10.82,4.8,7425.0,1.0,19.0,En Operación
2018-07-06 19:20:00,0.22,1018.04,0.0,10.81,4.8,7426.0,1.0,19.0,En Operación
2018-07-06 19:25:00,0.25,1018.05,0.0,10.8,4.8,7427.0,1.0,19.0,En Operación
2018-07-06 19:30:00,0.25,1018.05,0.0,10.8,4.8,7428.0,1.0,19.0,En Operación
2018-07-06 19:35:00,0.25,1018.05,0.0,10.8,4.8,7429.0,1.0,19.0,En Operación
2018-07-06 19:40:00,0.29,1018.08,0.0,10.8,5.2,7430.0,1.0,19.0,En Operación
2018-07-06 19:45:00,0.32,1018.1,0.0,10.8,5.6,7431.0,1.0,19.0,En Operación
2018-07-06 19:50:00,0.36,1018.12,0.0,10.8,6.0,7432.0,1.0,19.0,En Operación
2018-07-06 19:55:00,0.4,1018.15,0.0,10.8,6.4,7433.0,1.0,19.0,En Operación
2018-07-06 20:00:00,0.4,1018.15,0.0,10.8,6.4,7434.0,1.0,19.0,En Operación
2018-07-06 20:05:00,0.4,1018.15,0.0,10.8,6.4,7435.0,1.0,19.0,En Operación
2018-07-06 20:10:00,0.48,1018.16,0.0,10.79,6.0,7436.0,1.0,19.0,En Operación
2018-07-06 20:15:00,0.55,1018.18,0.0,10.78,5.6,7437.0,1.0,19.0,En Operación
2018-07-06 20:20:00,0.62,1018.19,0.0,10.76,5.2,7438.0,1.0,19.0,En Operación
2018-07-06 20:25:00,0.7,1018.2,0.0,10.75,4.8,7439.0,1.0,19.0,En Operación
2018-07-06 20:30:00,0.7,1018.2,0.0,10.75,4.8,7440.0,1.0,19.0,En Operación
2018-07-06 20:35:00,0.7,1018.2,0.0,10.75,4.8,7441.0,1.0,19.0,En Operación
2018-07-06 20:40:00,0.76,1018.12,0.12,10.74,4.4,7442.0,1.0,19.0,En Operación
2018-07-06 20:45:00,0.82,1018.05,0.25,10.72,4.0,7443.0,1.0,19.0,En Operación
2018-07-06 20:50:00,0.89,1017.98,0.38,10.71,3.6,7444.0,1.0,19.0,En Operación
2018-07-06 20:55:00,0.95,1017.9,0.5,10.7,3.2,7445.0,1.0,19.0,En Operación
2018-07-06 21:00:00,0.95,1017.9,0.5,10.7,3.2,7446.0,1.0,19.0,En Operación
2018-07-06 21:05:00,0.95,1017.9,0.5,10.7,3.2,7447.0,1.0,19.0,En Operación
2018-07-06 21:10:00,1.0,1017.76,0.38,10.72,3.4,7448.0,1.0,19.0,En Operación
2018-07-06 21:15:00,1.05,1017.62,0.25,10.75,3.6,7449.0,1.0,19.0,En Operación
2018-07-06 21:20:00,1.1,1017.49,0.12,10.78,3.8,7450.0,1.0,19.0,En Operación
2018-07-06 21:25:00,1.15,1017.35,0.0,10.8,4.0,,,,
2018-07-06 21:30:00,1.15,1017.35,0.0,10.8,4.0,7452.0,1.0,19.0,En Operación
2018-07-06 21:35:00,1.15,1017.35,0.0,10.8,4.0,7453.0,1.0,19.0,En Operación
2018-07-06 21:40:00,1.15,1017.31,0.0,10.82,4.0,7454.0,1.0,19.0,En Operación
2018-07-06 21:45:00,1.15,1017.28,0.0,10.85,4.0,7455.0,1.0,19.0,En Operación
2018-07-06 21:50:00,1.15,1017.24,0.0,10.88,4.0,7456.0,1.0,19.0,En Operación
2018-07-06 21:55:00,1.15,1017.2,0.0,10.9,4.0,7457.0,1.0,19.0,En Operación
2018-07-06 22:00:00,1.15,1017.2,0.0,10.9,4.0,7458.0,1.0,19.0,En Operación
2018-07-06 22:05:00,1.15,1017.2,0.0,10.9,4.0,7459.0,1.0,19.0,En Operación
2018-07-06 22:10:00,1.15,1017.16,0.0,11.0,4.6,7460.0,1.0,19.0,En Operación
2018-07-06 22:15:00,1.15,1017.12,0.0,11.1,5.2,7461.0,1.0,19.0,En Operación
2018-07-06 22:20:00,1.15,1017.09,0.0,11.2,5.8,7462.0,1.0,19.0,En Operación
2018-07-06 22:25:00,1.15,1017.05,0.0,11.3,6.4,7463.0,1.0,19.0,En Operación
2018-07-06 22:30:00,1.15,1017.05,0.0,11.3,6.4,7464.0,1.0,19.0,En Operación
2018-07-06 22:35:00,1.15,1017.05,0.0,11.3,6.4,7465.0,1.0,19.0,En Operación
2018-07-06 22:40:00,1.15,1017.0,0.0,11.31,5.6,7466.0,1.0,19.0,En Operación
2018-07-06 22:45:00,1.15,1016.95,0.0,11.32,4.8,7467.0,1.0,19.0,En Operación
2018-07-06 22:50:00,1.15,1016.9,0.0,11.34,4.0,7468.0,1.0,19.0,En Operación
2018-07-06 22:55:00,1.15,1016.85,0.0,11.35,3.2,7469.0,1.0,19.0,En Operación
2018-07-06 23:00:00,1.15,1016.85,0.0,11.35,3.2,7470.0,1.0,19.0,En Operación
2018-07-06 23:05:00,1.15,1016.85,0.0,11.35,3.2,7471.0,1.0,19.0,En Operación
2018-07-06 23:10:00,1.15,1016.82,0.0,11.42,3.0,7472.0,1.0,19.0,En Operación
2018-07-06 23:15:00,1.15,1016.8,0.0,11.5,2.8,7473.0,1.0,19.0,En Operación
2018-07-06 23:20:00,1.15,1016.78,0.0,11.58,2.6,7474.0,1.0,19.0,En Operación
2018-07-06 23:25:00,1.15,1016.75,0.0,11.65,2.4,7475.0,1.0,19.0,En Operación
2018-07-06 23:30:00,1.15,1016.75,0.0,11.65,2.4,7476.0,1.0,19.0,En Operación
2018-07-06 23:35:00,1.15,1016.75,0.0,11.65,2.4,7477.0,1.0,19.0,En Operación
2018-07-06 23:40:00,1.15,1016.58,0.0,11.64,2.8,7478.0,1.0,19.0,En Operación
2018-07-06 23:45:00,1.15,1016.4,0.0,11.62,3.2,7479.0,1.0,19.0,En Operación
2018-07-06 23:50:00,1.15,1016.22,0.0,11.61,3.6,7480.0,1.0,19.0,En Operación
2018-07-06 23:55:00,1.15,1016.05,0.0,11.6,4.0,7481.0,1.0,19.0,En Operación
2018-07-07 00:00:00,1.15,1016.05,0.0,11.6,4.0,7482.0,1.0,19.0,En Operación
2018-07-07 00:05:00,1.15,1016.05,0.0,11.6,4.0,7483.0,1.0,19.0,En Operación
2018-07-07 00:10:00,1.02,1015.96,0.0,11.6,4.0,7484.0,1.0,19.0,En Operación
2018-07-07 00:15:00,0.9,1015.88,0.0,11.6,4.0,7485.0,1.0,19.0,En Operación
2018-07-07 00:20:00,0.78,1015.79,0.0,11.6,4.0,7486.0,1.0,19.0,En Operación
2018-07-07 00:25:00,0.65,1015.7,0.0,11.6,4.0,7487.0,1.0,19.0,En Operación
2018-07-07 00:30:00,0.65,1015.7,0.0,11.6,4.0,7488.0,1.0,19.0,En Operación
2018-07-07 00:35:00,0.65,1015.7,0.0,11.6,4.0,7489.0,1.0,19.0,En Operación
2018-07-07 00:40:00,0.65,1015.81,0.0,11.61,4.0,7490.0,1.0,19.0,En Operación
2018-07-07 00:45:00,0.65,1015.92,0.0,11.62,4.0,7491.0,1.0,19.0,En Operación
2018-07-07 00:50:00,0.65,1016.04,0.0,11.64,4.0,7492.0,1.0,19.0,En Operación
2018-07-07 00:55:00,0.65,1016.15,0.0,11.65,4.0,7493.0,1.0,19.0,En Operación
2018-07-07 01:00:00,0.65,1016.15,0.0,11.65,4.0,7494.0,1.0,19.0,En Operación
2018-07-07 01:05:00,0.65,1016.15,0.0,11.65,4.0,7495.0,1.0,19.0,En Operación
2018-07-07 01:10:00,0.61,1016.16,1.65,11.65,4.4,7496.0,1.0,19.0,En Operación
2018-07-07 01:15:00,0.57,1016.18,3.3,11.65,4.8,7497.0,1.0,19.0,En Operación
2018-07-07 01:20:00,0.54,1016.19,4.95,11.65,5.2,7498.0,1.0,19.0,En Operación
2018-07-07 01:25:00,0.5,1016.2,6.6,11.65,5.6,7499.0,1.0,19.0,En Operación
2018-07-07 01:30:00,0.5,1016.2,6.6,11.65,5.6,7500.0,1.0,19.0,En Operación
2018-07-07 01:35:00,0.5,1016.2,6.6,11.65,5.6,7501.0,1.0,19.0,En Operación
2018-07-07 01:40:00,0.75,1016.19,5.2,11.64,4.8,7502.0,1.0,19.0,En Operación
2018-07-07 01:45:00,1.0,1016.18,3.8,11.62,4.0,7503.0,1.0,19.0,En Operación
2018-07-07 01:50:00,1.25,1016.16,2.4,11.61,3.2,7504.0,1.0,19.0,En Operación
2018-07-07 01:55:00,1.5,1016.15,1.0,11.6,2.4,7505.0,1.0,19.0,En Operación
2018-07-07 02:00:00,1.5,1016.15,1.0,11.6,2.4,,,,
2018-07-07 02:05:00,1.5,1016.15,1.0,11.6,2.4,,,,
2018-07-07 02:10:00,2.0,1015.96,1.91,11.58,2.4,,,,
2018-07-07 02:15:00,2.5,1015.78,2.82,11.55,2.4,,,,
2018-07-07 02:20:00,3.0,1015.59,3.74,11.52,2.4,,,,
2018-07-07 02:25:00,3.5,1015.4,4.65,11.5,2.4,,,,
2018-07-07 02:30:00,3.5,1015.4,4.65,11.5,2.4,,,,
2018-07-07 02:35:00,3.5,1015.4,4.65,11.5,2.4,,,,
2018-07-07 02:40:00,3.69,1015.39,4.81,11.49,2.4,,,,
2018-07-07 02:45:00,3.88,1015.38,4.97,11.48,2.4,,,,
2018-07-07 02:50:00,4.06,1015.36,5.14,11.46,2.4,7516.0,1.0,19.0,En Operación
2018-07-07 02:55:00,4.25,1015.35,5.3,11.45,2.4,7517.0,1.0,19.0,En Operación
2018-07-07 03:00:00,4.25,1015.35,5.3,11.45,2.4,7518.0,1.0,19.0,En Operación
2018-07-07 03:05:00,4.25,1015.35,5.3,11.45,2.4,7519.0,1.0,19.0,En Operación
2018-07-07 03:10:00,4.78,1015.25,4.85,11.45,2.2,7520.0,1.0,19.0,En Operación
2018-07-07 03:15:00,5.3,1015.15,4.4,11.45,2.0,7521.0,1.0,19.0,En Operación
2018-07-07 03:20:00,5.82,1015.05,3.95,11.45,1.8,7522.0,1.0,19.0,En Operación
2018-07-07 03:25:00,6.35,1014.95,3.5,11.45,1.6,7523.0,1.0,19.0,En Operación
2018-07-07 03:30:00,6.35,1014.95,3.5,11.45,1.6,7524.0,1.0,19.0,En Operación
2018-07-07 03:35:00,6.35,1014.95,3.5,11.45,1.6,7525.0,1.0,19.0,En Operación
2018-07-07 03:40:00,6.55,1014.91,3.46,11.45,1.4,7526.0,1.0,19.0,En Operación
2018-07-07 03:45:00,6.75,1014.88,3.42,11.45,1.2,7527.0,1.0,19.0,En Operación
2018-07-07 03:50:00,6.95,1014.84,3.39,11.45,1.0,7528.0,1.0,19.0,En Operación
2018-07-07 03:55:00,7.15,1014.8,3.35,11.45,0.8,7529.0,1.0,19.0,En Operación
2018-07-07 04:00:00,7.15,1014.8,3.35,11.45,0.8,7530.0,1.0,19.0,En Operación
2018-07-07 04:05:00,7.15,1014.8,3.35,11.45,0.8,7531.0,1.0,19.0,En Operación
2018-07-07 04:10:00,7.6,1014.74,3.12,11.44,0.8,7532.0,1.0,19.0,En Operación
2018-07-07 04:15:00,8.05,1014.68,2.9,11.42,0.8,7533.0,1.0,19.0,En Operación
2018-07-07 04:20:00,8.5,1014.61,2.68,11.41,0.8,7534.0,1.0,19.0,En Operación
2018-07-07 04:25:00,8.95,1014.55,2.45,11.4,0.8,7535.0,1.0,19.0,En Operación
2018-07-07 04:30:00,8.95,1014.55,2.45,11.4,0.8,7536.0,1.0,19.0,En Operación
2018-07-07 04:35:00,8.95,1014.55,2.45,11.4,0.8,7537.0,1.0,19.0,En Operación
2018-07-07 04:40:00,9.05,1014.54,2.26,11.4,0.8,7538.0,1.0,19.0,En Operación
2018-07-07 04:45:00,9.15,1014.52,2.08,11.4,0.8,7539.0,1.0,19.0,En Operación
2018-07-07 04:50:00,9.25,1014.51,1.89,11.4,0.8,7540.0,1.0,19.0,En Operación
2018-07-07 04:55:00,9.35,1014.5,1.7,11.4,0.8,7541.0,1.0,19.0,En Operación
2018-07-07 05:00:00,9.35,1014.5,1.7,11.4,0.8,7542.0,1.0,19.0,En Operación
2018-07-07 05:05:00,9.35,1014.5,1.7,11.4,0.8,7543.0,1.0,19.0,En Operación
2018-07-07 05:10:00,9.84,1014.42,1.79,11.4,0.6,7544.0,1.0,19.0,En Operación
2018-07-07 05:15:00,10.32,1014.35,1.88,11.4,0.4,7545.0,1.0,19.0,En Operación
2018-07-07 05:20:00,10.81,1014.28,1.96,11.4,0.2,7546.0,1.0,19.0,En Operación
2018-07-07 05:25:00,11.3,1014.2,2.05,11.4,0.0,7547.0,1.0,19.0,En Operación
2018-07-07 05:30:00,11.3,1014.2,2.05,11.4,0.0,7548.0,1.0,19.0,En Operación
2018-07-07 05:35:00,11.3,1014.2,2.05,11.4,0.0,7549.0,1.0,19.0,En Operación
2018-07-07 05:40:00,11.36,1014.16,1.99,11.4,0.6,7550.0,1.0,19.0,En Operación
2018-07-07 05:45:00,11.42,1014.12,1.92,11.4,1.2,7551.0,1.0,19.0,En Operación
2018-07-07 05:50:00,11.49,1014.09,1.86,11.4,1.8,7552.0,1.0,19.0,En Operación
2018-07-07 05:55:00,11.55,1014.05,1.8,11.4,2.4,7553.0,1.0,19.0,En Operación
2018-07-07 06:00:00,11.55,1014.05,1.8,11.4,2.4,7554.0,1.0,19.0,En Operación
2018-07-07 06:05:00,11.55,1014.05,1.8,11.4,2.4,7555.0,1.0,19.0,En Operación
2018-07-07 06:10:00,11.7,1013.99,1.45,11.4,2.0,7556.0,1.0,19.0,En Operación
2018-07-07 06:15:00,11.85,1013.92,1.1,11.4,1.6,7557.0,1.0,19.0,En Operación
2018-07-07 06:20:00,12.0,1013.86,0.75,11.4,1.2,7558.0,1.0,19.0,En Operación
2018-07-07 06:25:00,12.15,1013.8,0.4,11.4,0.8,7559.0,1.0,19.0,En Operación
2018-07-07 06:30:00,12.15,1013.8,0.4,11.4,0.8,7560.0,1.0,19.0,En Operación
2018-07-07 06:35:00,12.15,1013.8,0.4,11.4,0.8,7561.0,1.0,19.0,En Operación
2018-07-07 06:40:00,12.21,1013.76,0.4,11.41,1.4,7562.0,1.0,19.0,En Operación
2018-07-07 06:45:00,12.28,1013.72,0.4,11.42,2.0,7563.0,1.0,19.0,En Operación
2018-07-07 06:50:00,12.34,1013.69,0.4,11.44,2.6,7564.0,1.0,19.0,En Operación
2018-07-07 06:55:00,12.4,1013.65,0.4,11.45,3.2,7565.0,1.0,19.0,En Operación
2018-07-07 07:00:00,12.4,1013.65,0.4,11.45,3.2,7566.0,1.0,19.0,En Operación
2018-07-07 07:05:00,12.4,1013.65,0.4,11.45,3.2,7567.0,1.0,19.0,En Operación
2018-07-07 07:10:00,12.45,1013.62,0.3,11.46,3.0,7568.0,1.0,19.0,En Operación
2018-07-07 07:15:00,12.5,1013.6,0.2,11.48,2.8,7569.0,1.0,19.0,En Operación
2018-07-07 07:20:00,12.55,1013.58,0.1,11.49,2.6,7570.0,1.0,19.0,En Operación
2018-07-07 07:25:00,12.6,1013.55,0.0,11.5,2.4,7571.0,1.0,19.0,En Operación
2018-07-07 07:30:00,12.6,1013.55,0.0,11.5,2.4,7572.0,1.0,19.0,En Operación
2018-07-07 07:35:00,12.6,1013.55,0.0,11.5,2.4,7573.0,1.0,19.0,En Operación
2018-07-07 07:40:00,12.64,1013.55,0.0,11.5,2.6,7574.0,1.0,19.0,En Operación
2018-07-07 07:45:00,12.68,1013.55,0.0,11.5,2.8,7575.0,1.0,19.0,En Operación
2018-07-07 07:50:00,12.71,1013.55,0.0,11.5,3.0,7576.0,1.0,19.0,En Operación
2018-07-07 07:55:00,12.75,1013.55,0.0,11.5,3.2,7577.0,1.0,19.0,En Operación
2018-07-07 08:00:00,12.75,1013.55,0.0,11.5,3.2,7578.0,1.0,19.0,En Operación
2018-07-07 08:05:00,12.75,1013.55,0.0,11.5,3.2,7579.0,1.0,19.0,En Operación
2018-07-07 08:10:00,12.8,1013.58,0.0,11.49,3.2,7580.0,1.0,19.0,En Operación
2018-07-07 08:15:00,12.85,1013.6,0.0,11.48,3.2,7581.0,1.0,19.0,En Operación
2018-07-07 08:20:00,12.9,1013.62,0.0,11.46,3.2,7582.0,1.0,19.0,En Operación
2018-07-07 08:25:00,12.95,1013.65,0.0,11.45,3.2,7583.0,1.0,19.0,En Operación
2018-07-07 08:30:00,12.95,1013.65,0.0,11.45,3.2,7584.0,1.0,19.0,En Operación
2018-07-07 08:35:00,12.95,1013.65,0.0,11.45,3.2,7585.0,1.0,19.0,En Operación
2018-07-07 08:40:00,12.95,1013.66,0.0,11.41,3.4,7586.0,1.0,19.0,En Operación
2018-07-07 08:45:00,12.95,1013.68,0.0,11.38,3.6,7587.0,1.0,19.0,En Operación
2018-07-07 08:50:00,12.95,1013.69,0.0,11.34,3.8,7588.0,1.0,19.0,En Operación
2018-07-07 08:55:00,12.95,1013.7,0.0,11.3,4.0,7589.0,1.0,19.0,En Operación
2018-07-07 09:00:00,12.95,1013.7,0.0,11.3,4.0,7590.0,1.0,19.0,En Operación
2018-07-07 09:05:00,12.95,1013.7,0.0,11.3,4.0,7591.0,1.0,19.0,En Operación
2018-07-07 09:10:00,12.98,1013.75,0.0,11.28,4.2,7592.0,1.0,19.0,En Operación
2018-07-07 09:15:00,13.0,1013.8,0.0,11.25,4.4,7593.0,1.0,19.0,En Operación
2018-07-07 09:20:00,13.02,1013.85,0.0,11.22,4.6,7594.0,1.0,19.0,En Operación
2018-07-07 09:25:00,13.05,1013.9,0.0,11.2,4.8,7595.0,1.0,19.0,En Operación
2018-07-07 09:30:00,13.05,1013.9,0.0,11.2,4.8,7596.0,1.0,19.0,En Operación
2018-07-07 09:35:00,13.05,1013.9,0.0,11.2,4.8,7597.0,1.0,19.0,En Operación
2018-07-07 09:40:00,13.14,1013.91,0.0,11.19,5.61,7598.0,1.0,19.0,En Operación
2018-07-07 09:45:00,13.23,1013.92,0.0,11.18,6.43,7599.0,1.0,19.0,En Operación
2018-07-07 09:50:00,13.31,1013.94,0.0,11.16,7.24,7600.0,1.0,19.0,En Operación
2018-07-07 09:55:00,13.4,1013.95,0.0,11.15,8.05,7601.0,1.0,19.0,En Operación
2018-07-07 10:00:00,13.4,1013.95,0.0,11.15,8.05,7602.0,1.0,19.0,En Operación
2018-07-07 10:05:00,13.4,1013.95,0.0,11.15,8.05,7603.0,1.0,19.0,En Operación
2018-07-07 10:10:00,13.45,1013.98,0.0,11.18,7.85,7604.0,1.0,19.0,En Operación
2018-07-07 10:15:00,13.5,1014.0,0.0,11.2,7.65,7605.0,1.0,19.0,En Operación
2018-07-07 10:20:00,13.55,1014.02,0.0,11.22,7.45,7606.0,1.0,19.0,En Operación
2018-07-07 10:25:00,13.6,1014.05,0.0,11.25,7.25,7607.0,1.0,19.0,En Operación
2018-07-07 10:30:00,13.6,1014.05,0.0,11.25,7.25,7608.0,1.0,19.0,En Operación
2018-07-07 10:35:00,13.6,1014.05,0.0,11.25,7.25,7609.0,1.0,19.0,En Operación
2018-07-07 10:40:00,13.6,1014.02,0.0,11.26,9.05,7610.0,1.0,19.0,En Operación
2018-07-07 10:45:00,13.6,1014.0,0.0,11.28,10.85,7611.0,1.0,19.0,En Operación
2018-07-07 10:50:00,13.6,1013.98,0.0,11.29,12.65,7612.0,1.0,19.0,En Operación
2018-07-07 10:55:00,13.6,1013.95,0.0,11.3,14.45,7613.0,1.0,19.0,En Operación
2018-07-07 11:00:00,13.6,1013.95,0.0,11.3,14.45,7614.0,1.0,19.0,En Operación
2018-07-07 11:05:00,13.6,1013.95,0.0,11.3,14.45,7615.0,1.0,19.0,En Operación
2018-07-07 11:10:00,13.6,1013.98,0.0,11.3,13.45,7616.0,1.0,19.0,En Operación
2018-07-07 11:15:00,13.6,1014.0,0.0,11.3,12.45,7617.0,1.0,19.0,En Operación
2018-07-07 11:20:00,13.6,1014.02,0.0,11.3,11.45,7618.0,1.0,19.0,En Operación
2018-07-07 11:25:00,13.6,1014.05,0.0,11.3,10.45,7619.0,1.0,19.0,En Operación
2018-07-07 11:30:00,13.6,1014.05,0.0,11.3,10.45,7620.0,1.0,19.0,En Operación
2018-07-07 11:35:00,13.6,1014.05,0.0,11.3,10.45,7621.0,1.0,19.0,En Operación
2018-07-07 11:40:00,13.6,1014.04,0.0,11.3,9.44,7622.0,1.0,19.0,En Operación
2018-07-07 11:45:00,13.6,1014.02,0.0,11.3,8.43,7623.0,1.0,19.0,En Operación
2018-07-07 11:50:00,13.6,1014.01,0.0,11.3,7.41,7624.0,1.0,19.0,En Operación
2018-07-07 11:55:00,13.6,1014.0,0.0,11.3,6.4,7625.0,1.0,19.0,En Operación
2018-07-07 12:00:00,13.6,1014.0,0.0,11.3,6.4,7626.0,1.0,19.0,En Operación
2018-07-07 12:05:00,13.6,1014.0,0.0,11.3,6.4,7627.0,1.0,19.0,En Operación
2018-07-07 12:10:00,13.66,1013.94,0.16,11.3,7.22,7628.0,1.0,19.0,En Operación
2018-07-07 12:15:00,13.72,1013.88,0.32,11.3,8.05,7629.0,1.0,19.0,En Operación
2018-07-07 12:20:00,13.79,1013.81,0.49,11.3,8.88,7630.0,1.0,19.0,En Operación
2018-07-07 12:25:00,13.85,1013.75,0.65,11.3,9.7,7631.0,1.0,19.0,En Operación
2018-07-07 12:30:00,13.85,1013.75,0.65,11.3,9.7,7632.0,1.0,19.0,En Operación
2018-07-07 12:35:00,13.85,1013.75,0.65,11.3,9.7,7633.0,1.0,19.0,En Operación
2018-07-07 12:40:00,13.89,1013.75,0.49,11.31,8.49,7634.0,1.0,19.0,En Operación
2018-07-07 12:45:00,13.92,1013.75,0.32,11.32,7.28,7635.0,1.0,19.0,En Operación
2018-07-07 12:50:00,13.96,1013.75,0.16,11.34,6.06,7636.0,1.0,19.0,En Operación
2018-07-07 12:55:00,14.0,1013.75,0.0,11.35,4.85,7637.0,1.0,19.0,En Operación
2018-07-07 13:00:00,14.0,1013.75,0.0,11.35,4.85,7638.0,1.0,19.0,En Operación
2018-07-07 13:05:00,14.0,1013.75,0.0,11.35,4.85,7639.0,1.0,19.0,En Operación
2018-07-07 13:10:00,14.06,1013.71,0.0,11.35,5.04,7640.0,1.0,19.0,En Operación
2018-07-07 13:15:00,14.12,1013.68,0.0,11.35,5.22,7641.0,1.0,19.0,En Operación
2018-07-07 13:20:00,14.19,1013.64,0.0,11.35,5.41,7642.0,1.0,19.0,En Operación
2018-07-07 13:25:00,14.25,1013.6,0.0,11.35,5.6,7643.0,1.0,19.0,En Operación
2018-07-07 13:30:00,14.25,1013.6,0.0,11.35,5.6,7644.0,1.0,19.0,En Operación
2018-07-07 13:35:00,14.25,1013.6,0.0,11.35,5.6,7645.0,1.0,19.0,En Operación
2018-07-07 13:40:00,14.31,1013.59,0.12,11.35,6.2,7646.0,1.0,19.0,En Operación
2018-07-07 13:45:00,14.38,1013.58,0.25,11.35,6.8,7647.0,1.0,19.0,En Operación
2018-07-07 13:50:00,14.44,1013.56,0.38,11.35,7.4,7648.0,1.0,19.0,En Operación
2018-07-07 13:55:00,14.5,1013.55,0.5,11.35,8.0,7649.0,1.0,19.0,En Operación
2018-07-07 14:00:00,14.5,1013.55,0.5,11.35,8.0,7650.0,1.0,19.0,En Operación
2018-07-07 14:05:00,14.5,1013.55,0.5,11.35,8.0,7651.0,1.0,19.0,En Operación
2018-07-07 14:10:00,14.6,1013.55,0.48,11.39,7.0,7652.0,1.0,19.0,En Operación
2018-07-07 14:15:00,14.7,1013.55,0.45,11.42,6.0,7653.0,1.0,19.0,En Operación
2018-07-07 14:20:00,14.8,1013.55,0.43,11.46,5.0,7654.0,1.0,19.0,En Operación
2018-07-07 14:25:00,14.9,1013.55,0.4,11.5,4.0,7655.0,1.0,19.0,En Operación
2018-07-07 14:30:00,14.9,1013.55,0.4,11.5,4.0,7656.0,1.0,19.0,En Operación
2018-07-07 14:35:00,14.9,1013.55,0.4,11.5,4.0,7657.0,1.0,19.0,En Operación
2018-07-07 14:40:00,14.92,1013.56,0.4,11.48,3.8,7658.0,1.0,19.0,En Operación
2018-07-07 14:45:00,14.95,1013.58,0.4,11.45,3.6,7659.0,1.0,19.0,En Operación
2018-07-07 14:50:00,14.98,1013.59,0.4,11.42,3.4,7660.0,1.0,19.0,En Operación
2018-07-07 14:55:00,15.0,1013.6,0.4,11.4,3.2,7661.0,1.0,19.0,En Operación
2018-07-07 15:00:00,15.0,1013.6,0.4,11.4,3.2,7662.0,1.0,19.0,En Operación
2018-07-07 15:05:00,15.0,1013.6,0.4,11.4,3.2,7663.0,1.0,19.0,En Operación
2018-07-07 15:10:00,15.16,1013.66,0.3,11.36,3.8,7664.0,1.0,19.0,En Operación
2018-07-07 15:15:00,15.32,1013.72,0.2,11.32,4.4,7665.0,1.0,19.0,En Operación
2018-07-07 15:20:00,15.49,1013.79,0.1,11.29,5.0,7666.0,1.0,19.0,En Operación
2018-07-07 15:25:00,15.65,1013.85,0.0,11.25,5.6,7667.0,1.0,19.0,En Operación
2018-07-07 15:30:00,15.65,1013.85,0.0,11.25,5.6,7668.0,1.0,19.0,En Operación
2018-07-07 15:35:00,15.65,1013.85,0.0,11.25,5.6,7669.0,1.0,19.0,En Operación
2018-07-07 15:40:00,15.71,1013.86,0.12,11.25,5.6,7670.0,1.0,19.0,En Operación
2018-07-07 15:45:00,15.78,1013.88,0.25,11.25,5.6,7671.0,1.0,19.0,En Operación
2018-07-07 15:50:00,15.84,1013.89,0.38,11.25,5.6,7672.0,1.0,19.0,En Operación
2018-07-07 15:55:00,15.9,1013.9,0.5,11.25,5.6,7673.0,1.0,19.0,En Operación
2018-07-07 16:00:00,15.9,1013.9,0.5,11.25,5.6,7674.0,1.0,19.0,En Operación
2018-07-07 16:05:00,15.9,1013.9,0.5,11.25,5.6,7675.0,1.0,19.0,En Operación
2018-07-07 16:10:00,16.06,1013.99,0.48,11.2,5.8,7676.0,1.0,19.0,En Operación
2018-07-07 16:15:00,16.23,1014.08,0.45,11.15,6.0,7677.0,1.0,19.0,En Operación
2018-07-07 16:20:00,16.39,1014.16,0.43,11.1,6.2,7678.0,1.0,19.0,En Operación
2018-07-07 16:25:00,16.55,1014.25,0.4,11.05,6.4,7679.0,1.0,19.0,En Operación
2018-07-07 16:30:00,16.55,1014.25,0.4,11.05,6.4,7680.0,1.0,19.0,En Operación
2018-07-07 16:35:00,16.55,1014.25,0.4,11.05,6.4,7681.0,1.0,19.0,En Operación
2018-07-07 16:40:00,16.59,1014.32,0.4,11.04,6.6,7682.0,1.0,19.0,En Operación
2018-07-07 16:45:00,16.62,1014.4,0.4,11.02,6.8,7683.0,1.0,19.0,En Operación
2018-07-07 16:50:00,16.66,1014.47,0.4,11.01,7.0,7684.0,1.0,19.0,En Operación
2018-07-07 16:55:00,16.7,1014.55,0.4,11.0,7.2,7685.0,1.0,19.0,En Operación
2018-07-07 17:00:00,16.7,1014.55,0.4,11.0,7.2,7686.0,1.0,19.0,En Operación
2018-07-07 17:05:00,16.7,1014.55,0.4,11.0,7.2,7687.0,1.0,19.0,En Operación
2018-07-07 17:10:00,16.81,1014.7,0.46,10.96,7.61,7688.0,1.0,19.0,En Operación
2018-07-07 17:15:00,16.92,1014.85,0.52,10.92,8.02,7689.0,1.0,19.0,En Operación
2018-07-07 17:20:00,17.04,1015.0,0.59,10.89,8.44,7690.0,1.0,19.0,En Operación
2018-07-07 17:25:00,17.15,1015.15,0.65,10.85,8.85,7691.0,1.0,19.0,En Operación
2018-07-07 17:30:00,17.15,1015.15,0.65,10.85,8.85,7692.0,1.0,19.0,En Operación
2018-07-07 17:35:00,17.15,1015.15,0.65,10.85,8.85,7693.0,1.0,19.0,En Operación
2018-07-07 17:40:00,17.19,1015.19,0.49,10.85,8.85,7694.0,1.0,19.0,En Operación
2018-07-07 17:45:00,17.23,1015.22,0.32,10.85,8.85,7695.0,1.0,19.0,En Operación
2018-07-07 17:50:00,17.26,1015.26,0.16,10.85,8.85,7696.0,1.0,19.0,En Operación
2018-07-07 17:55:00,17.3,1015.3,0.0,10.85,8.85,7697.0,1.0,19.0,En Operación
2018-07-07 18:00:00,17.3,1015.3,0.0,10.85,8.85,7698.0,1.0,19.0,En Operación
2018-07-07 18:05:00,17.3,1015.3,0.0,10.85,8.85,7699.0,1.0,19.0,En Operación
2018-07-07 18:10:00,17.4,1015.45,0.0,10.82,9.25,7700.0,1.0,19.0,En Operación
2018-07-07 18:15:00,17.5,1015.6,0.0,10.8,9.65,7701.0,1.0,19.0,En Operación
2018-07-07 18:20:00,17.6,1015.75,0.0,10.78,10.05,7702.0,1.0,19.0,En Operación
2018-07-07 18:25:00,17.7,1015.9,0.0,10.75,10.45,7703.0,1.0,19.0,En Operación
2018-07-07 18:30:00,17.7,1015.9,0.0,10.75,10.45,7704.0,1.0,19.0,En Operación
2018-07-07 18:35:00,17.7,1015.9,0.0,10.75,10.45,7705.0,1.0,19.0,En Operación
2018-07-07 18:40:00,17.7,1015.94,0.0,10.76,10.25,7706.0,1.0,19.0,En Operación
2018-07-07 18:45:00,17.7,1015.97,0.0,10.78,10.05,7707.0,1.0,19.0,En Operación
2018-07-07 18:50:00,17.7,1016.01,0.0,10.79,9.85,7708.0,1.0,19.0,En Operación
2018-07-07 18:55:00,17.7,1016.05,0.0,10.8,9.65,7709.0,1.0,19.0,En Operación
2018-07-07 19:00:00,17.7,1016.05,0.0,10.8,9.65,7710.0,1.0,19.0,En Operación
2018-07-07 19:05:00,17.7,1016.05,0.0,10.8,9.65,7711.0,1.0,19.0,En Operación
2018-07-07 19:10:00,17.7,1016.19,0.0,10.85,9.05,7712.0,1.0,19.0,En Operación
2018-07-07 19:15:00,17.7,1016.32,0.0,10.9,8.45,7713.0,1.0,19.0,En Operación
2018-07-07 19:20:00,17.7,1016.46,0.0,10.95,7.85,7714.0,1.0,19.0,En Operación
2018-07-07 19:25:00,17.7,1016.6,0.0,11.0,7.25,7715.0,1.0,19.0,En Operación
2018-07-07 19:30:00,17.7,1016.6,0.0,11.0,7.25,7716.0,1.0,19.0,En Operación
2018-07-07 19:35:00,17.7,1016.6,0.0,11.0,7.25,7717.0,1.0,19.0,En Operación
2018-07-07 19:40:00,17.7,1016.64,0.0,11.0,7.45,7718.0,1.0,19.0,En Operación
2018-07-07 19:45:00,17.7,1016.68,0.0,11.0,7.65,7719.0,1.0,19.0,En Operación
2018-07-07 19:50:00,17.7,1016.71,0.0,11.0,7.85,7720.0,1.0,19.0,En Operación
2018-07-07 19:55:00,17.7,1016.75,0.0,11.0,8.05,7721.0,1.0,19.0,En Operación
2018-07-07 20:00:00,17.7,1016.75,0.0,11.0,8.05,7722.0,1.0,19.0,En Operación
2018-07-07 20:05:00,17.7,1016.75,0.0,11.0,8.05,7723.0,1.0,19.0,En Operación
2018-07-07 20:10:00,17.7,1016.91,0.0,11.01,7.65,7724.0,1.0,19.0,En Operación
2018-07-07 20:15:00,17.7,1017.08,0.0,11.02,7.25,7725.0,1.0,19.0,En Operación
2018-07-07 20:20:00,17.7,1017.24,0.0,11.04,6.85,7726.0,1.0,19.0,En Operación
2018-07-07 20:25:00,17.7,1017.4,0.0,11.05,6.45,7727.0,1.0,19.0,En Operación
2018-07-07 20:30:00,17.7,1017.4,0.0,11.05,6.45,7728.0,1.0,19.0,En Operación
2018-07-07 20:35:00,17.7,1017.4,0.0,11.05,6.45,7729.0,1.0,19.0,En Operación
2018-07-07 20:40:00,17.7,1017.45,0.0,11.05,6.65,7730.0,1.0,19.0,En Operación
2018-07-07 20:45:00,17.7,1017.5,0.0,11.05,6.85,7731.0,1.0,19.0,En Operación
2018-07-07 20:50:00,17.7,1017.55,0.0,11.05,7.05,7732.0,1.0,19.0,En Operación
2018-07-07 20:55:00,17.7,1017.6,0.0,11.05,7.25,7733.0,1.0,19.0,En Operación
2018-07-07 21:00:00,17.7,1017.6,0.0,11.05,7.25,7734.0,1.0,19.0,En Operación
2018-07-07 21:05:00,17.7,1017.6,0.0,11.05,7.25,7735.0,1.0,19.0,En Operación
2018-07-07 21:10:00,17.73,1017.78,0.0,11.04,6.65,7736.0,1.0,19.0,En Operación
2018-07-07 21:15:00,17.75,1017.95,0.0,11.02,6.05,7737.0,1.0,19.0,En Operación
2018-07-07 21:20:00,17.77,1018.12,0.0,11.01,5.45,7738.0,1.0,19.0,En Operación
2018-07-07 21:25:00,17.8,1018.3,0.0,11.0,4.85,7739.0,1.0,19.0,En Operación
2018-07-07 21:30:00,17.8,1018.3,0.0,11.0,4.85,7740.0,1.0,19.0,En Operación
2018-07-07 21:35:00,17.8,1018.3,0.0,11.0,4.85,7741.0,1.0,19.0,En Operación
2018-07-07 21:40:00,17.8,1018.31,0.0,11.0,5.85,7742.0,1.0,19.0,En Operación
2018-07-07 21:45:00,17.8,1018.32,0.0,11.0,6.85,7743.0,1.0,19.0,En Operación
2018-07-07 21:50:00,17.8,1018.34,0.0,11.0,7.85,7744.0,1.0,19.0,En Operación
2018-07-07 21:55:00,17.8,1018.35,0.0,11.0,8.85,7745.0,1.0,19.0,En Operación
2018-07-07 22:00:00,17.8,1018.35,0.0,11.0,8.85,7746.0,1.0,19.0,En Operación
2018-07-07 22:05:00,17.8,1018.35,0.0,11.0,8.85,7747.0,1.0,19.0,En Operación
2018-07-07 22:10:00,17.8,1018.48,0.0,10.99,8.65,7748.0,1.0,19.0,En Operación
2018-07-07 22:15:00,17.8,1018.6,0.0,10.98,8.45,7749.0,1.0,19.0,En Operación
2018-07-07 22:20:00,17.8,1018.72,0.0,10.96,8.25,7750.0,1.0,19.0,En Operación
2018-07-07 22:25:00,17.8,1018.85,0.0,10.95,8.05,7751.0,1.0,19.0,En Operación
2018-07-07 22:30:00,17.8,1018.85,0.0,10.95,8.05,7752.0,1.0,19.0,En Operación
2018-07-07 22:35:00,17.8,1018.85,0.0,10.95,8.05,7753.0,1.0,19.0,En Operación
2018-07-07 22:40:00,17.8,1018.92,0.0,10.95,7.65,7754.0,1.0,19.0,En Operación
2018-07-07 22:45:00,17.8,1019.0,0.0,10.95,7.25,7755.0,1.0,19.0,En Operación
2018-07-07 22:50:00,17.8,1019.08,0.0,10.95,6.85,7756.0,1.0,19.0,En Operación
2018-07-07 22:55:00,17.8,1019.15,0.0,10.95,6.45,7757.0,1.0,19.0,En Operación
2018-07-07 23:00:00,17.8,1019.15,0.0,10.95,6.45,7758.0,1.0,19.0,En Operación
2018-07-07 23:05:00,17.8,1019.15,0.0,10.95,6.45,7759.0,1.0,19.0,En Operación
2018-07-07 23:10:00,17.8,1019.35,0.0,10.92,6.44,7760.0,1.0,19.0,En Operación
2018-07-07 23:15:00,17.8,1019.55,0.0,10.9,6.43,7761.0,1.0,19.0,En Operación
2018-07-07 23:20:00,17.8,1019.75,0.0,10.88,6.41,7762.0,1.0,19.0,En Operación
2018-07-07 23:25:00,17.8,1019.95,0.0,10.85,6.4,7763.0,1.0,19.0,En Operación
2018-07-07 23:30:00,17.8,1019.95,0.0,10.85,6.4,7764.0,1.0,19.0,En Operación
2018-07-07 23:35:00,17.8,1019.95,0.0,10.85,6.4,7765.0,1.0,19.0,En Operación
2018-07-07 23:40:00,17.8,1019.96,0.0,10.82,6.6,7766.0,1.0,19.0,En Operación
2018-07-07 23:45:00,17.8,1019.98,0.0,10.8,6.8,7767.0,1.0,19.0,En Operación
2018-07-07 23:50:00,17.8,1019.99,0.0,10.78,7.0,7768.0,1.0,19.0,En Operación
2018-07-07 23:55:00,17.8,1020.0,0.0,10.75,7.2,7769.0,1.0,19.0,En Operación
2018-07-08 00:00:00,17.8,1020.0,0.0,10.75,7.2,7770.0,1.0,19.0,En Operación
2018-07-08 00:05:00,17.8,1020.0,0.0,10.75,7.2,7771.0,1.0,19.0,En Operación
2018-07-08 00:10:00,15.38,1020.14,0.1,10.68,6.8,7772.0,1.0,19.0,En Operación
2018-07-08 00:15:00,12.95,1020.28,0.2,10.6,6.4,7773.0,1.0,19.0,En Operación
2018-07-08 00:20:00,10.52,1020.41,0.3,10.52,6.0,7774.0,1.0,19.0,En Operación
2018-07-08 00:25:00,8.1,1020.55,0.4,10.45,5.6,7775.0,1.0,19.0,En Operación
2018-07-08 00:30:00,8.1,1020.55,0.4,10.45,5.6,7776.0,1.0,19.0,En Operación
2018-07-08 00:35:00,8.1,1020.55,0.4,10.45,5.6,7777.0,1.0,19.0,En Operación
2018-07-08 00:40:00,8.14,1020.55,0.4,10.41,5.8,7778.0,1.0,19.0,En Operación
2018-07-08 00:45:00,8.18,1020.55,0.4,10.38,6.0,7779.0,1.0,19.0,En Operación
2018-07-08 00:50:00,8.21,1020.55,0.4,10.34,6.2,7780.0,1.0,19.0,En Operación
2018-07-08 00:55:00,8.25,1020.55,0.4,10.3,6.4,7781.0,1.0,19.0,En Operación
2018-07-08 01:00:00,8.25,1020.55,0.4,10.3,6.4,7782.0,1.0,19.0,En Operación
2018-07-08 01:05:00,8.25,1020.55,0.4,10.3,6.4,7783.0,1.0,19.0,En Operación
2018-07-08 01:10:00,6.3,1020.58,0.3,10.21,7.21,7784.0,1.0,19.0,En Operación
2018-07-08 01:15:00,4.35,1020.6,0.2,10.12,8.02,7785.0,1.0,19.0,En Operación
2018-07-08 01:20:00,2.4,1020.62,0.1,10.04,8.84,7786.0,1.0,19.0,En Operación
2018-07-08 01:25:00,0.45,1020.65,0.0,9.95,9.65,7787.0,1.0,19.0,En Operación
2018-07-08 01:30:00,0.45,1020.65,0.0,9.95,9.65,7788.0,1.0,19.0,En Operación
2018-07-08 01:35:00,0.45,1020.65,0.0,9.95,9.65,7789.0,1.0,19.0,En Operación
2018-07-08 01:40:00,0.45,1020.65,0.0,9.94,9.25,7790.0,1.0,19.0,En Operación
2018-07-08 01:45:00,0.45,1020.65,0.0,9.93,8.85,7791.0,1.0,19.0,En Operación
2018-07-08 01:50:00,0.45,1020.65,0.0,9.91,8.45,7792.0,1.0,19.0,En Operación
2018-07-08 01:55:00,0.45,1020.65,0.0,9.9,8.05,7793.0,1.0,19.0,En Operación
2018-07-08 02:00:00,0.45,1020.65,0.0,9.9,8.05,7794.0,1.0,19.0,En Operación
2018-07-08 02:05:00,0.45,1020.65,0.0,9.9,8.05,7795.0,1.0,19.0,En Operación
2018-07-08 02:10:00,0.45,1020.61,0.0,9.86,8.25,7796.0,1.0,19.0,En Operación
2018-07-08 02:15:00,0.45,1020.58,0.0,9.82,8.45,7797.0,1.0,19.0,En Operación
2018-07-08 02:20:00,0.45,1020.54,0.0,9.79,8.65,7798.0,1.0,19.0,En Operación
2018-07-08 02:25:00,0.45,1020.5,0.0,9.75,8.85,7799.0,1.0,19.0,En Operación
2018-07-08 02:30:00,0.45,1020.5,0.0,9.75,8.85,7800.0,1.0,19.0,En Operación
2018-07-08 02:35:00,0.45,1020.5,0.0,9.75,8.85,7801.0,1.0,19.0,En Operación
2018-07-08 02:40:00,0.45,1020.52,0.0,9.74,9.06,7802.0,1.0,19.0,En Operación
2018-07-08 02:45:00,0.45,1020.55,0.0,9.72,9.27,7803.0,1.0,19.0,En Operación
2018-07-08 02:50:00,0.45,1020.58,0.0,9.71,9.49,7804.0,1.0,19.0,En Operación
2018-07-08 02:55:00,0.45,1020.6,0.0,9.7,9.7,7805.0,1.0,19.0,En Operación
2018-07-08 03:00:00,0.45,1020.6,0.0,9.7,9.7,7806.0,1.0,19.0,En Operación
2018-07-08 03:05:00,0.45,1020.6,0.0,9.7,9.7,7807.0,1.0,19.0,En Operación
2018-07-08 03:10:00,0.45,1020.65,0.0,9.67,9.09,7808.0,1.0,19.0,En Operación
2018-07-08 03:15:00,0.45,1020.7,0.0,9.65,8.48,7809.0,1.0,19.0,En Operación
2018-07-08 03:20:00,0.45,1020.75,0.0,9.62,7.86,7810.0,1.0,19.0,En Operación
2018-07-08 03:25:00,0.45,1020.8,0.0,9.6,7.25,7811.0,1.0,19.0,En Operación
2018-07-08 03:30:00,0.45,1020.8,0.0,9.6,7.25,7812.0,1.0,19.0,En Operación
2018-07-08 03:35:00,0.45,1020.8,0.0,9.6,7.25,7813.0,1.0,19.0,En Operación
2018-07-08 03:40:00,0.45,1020.84,0.0,9.59,7.05,7814.0,1.0,19.0,En Operación
2018-07-08 03:45:00,0.45,1020.88,0.0,9.57,6.85,7815.0,1.0,19.0,En Operación
2018-07-08 03:50:00,0.45,1020.91,0.0,9.56,6.65,7816.0,1.0,19.0,En Operación
2018-07-08 03:55:00,0.45,1020.95,0.0,9.55,6.45,7817.0,1.0,19.0,En Operación
2018-07-08 04:00:00,0.45,1020.95,0.0,9.55,6.45,7818.0,1.0,19.0,En Operación
2018-07-08 04:05:00,0.45,1020.95,0.0,9.55,6.45,7819.0,1.0,19.0,En Operación
2018-07-08 04:10:00,0.45,1021.04,0.0,9.54,6.24,7820.0,1.0,19.0,En Operación
2018-07-08 04:15:00,0.45,1021.12,0.0,9.52,6.02,7821.0,1.0,19.0,En Operación
2018-07-08 04:20:00,0.45,1021.21,0.0,9.51,5.81,7822.0,1.0,19.0,En Operación
2018-07-08 04:25:00,0.45,1021.3,0.0,9.5,5.6,7823.0,1.0,19.0,En Operación
2018-07-08 04:30:00,0.45,1021.3,0.0,9.5,5.6,7824.0,1.0,19.0,En Operación
2018-07-08 04:35:00,0.45,1021.3,0.0,9.5,5.6,7825.0,1.0,19.0,En Operación
2018-07-08 04:40:00,0.45,1021.32,0.0,9.5,5.8,7826.0,1.0,19.0,En Operación
2018-07-08 04:45:00,0.45,1021.35,0.0,9.5,6.0,7827.0,1.0,19.0,En Operación
2018-07-08 04:50:00,0.45,1021.38,0.0,9.5,6.2,7828.0,1.0,19.0,En Operación
2018-07-08 04:55:00,0.45,1021.4,0.0,9.5,6.4,7829.0,1.0,19.0,En Operación
2018-07-08 05:00:00,0.45,1021.4,0.0,9.5,6.4,7830.0,1.0,19.0,En Operación
2018-07-08 05:05:00,0.45,1021.4,0.0,9.5,6.4,7831.0,1.0,19.0,En Operación
2018-07-08 05:10:00,0.45,1021.49,0.0,9.49,7.01,7832.0,1.0,19.0,En Operación
2018-07-08 05:15:00,0.45,1021.58,0.0,9.48,7.62,7833.0,1.0,19.0,En Operación
2018-07-08 05:20:00,0.45,1021.66,0.0,9.46,8.24,7834.0,1.0,19.0,En Operación
2018-07-08 05:25:00,0.45,1021.75,0.0,9.45,8.85,7835.0,1.0,19.0,En Operación
2018-07-08 05:30:00,0.45,1021.75,0.0,9.45,8.85,7836.0,1.0,19.0,En Operación
2018-07-08 05:35:00,0.45,1021.75,0.0,9.45,8.85,7837.0,1.0,19.0,En Operación
2018-07-08 05:40:00,0.45,1021.82,0.0,9.48,8.45,7838.0,1.0,19.0,En Operación
2018-07-08 05:45:00,0.45,1021.9,0.0,9.5,8.05,7839.0,1.0,19.0,En Operación
2018-07-08 05:50:00,0.45,1021.97,0.0,9.52,7.65,7840.0,1.0,19.0,En Operación
2018-07-08 05:55:00,0.45,1022.05,0.0,9.55,7.25,7841.0,1.0,19.0,En Operación
2018-07-08 06:00:00,0.45,1022.05,0.0,9.55,7.25,7842.0,1.0,19.0,En Operación
2018-07-08 06:05:00,0.45,1022.05,0.0,9.55,7.25,7843.0,1.0,19.0,En Operación
2018-07-08 06:10:00,0.45,1022.21,0.0,9.58,7.25,7844.0,1.0,19.0,En Operación
2018-07-08 06:15:00,0.45,1022.38,0.0,9.6,7.25,7845.0,1.0,19.0,En Operación
2018-07-08 06:20:00,0.45,1022.54,0.0,9.62,7.25,7846.0,1.0,19.0,En Operación
2018-07-08 06:25:00,0.45,1022.7,0.0,9.65,7.25,7847.0,1.0,19.0,En Operación
2018-07-08 06:30:00,0.45,1022.7,0.0,9.65,7.25,7848.0,1.0,19.0,En Operación
2018-07-08 06:35:00,0.45,1022.7,0.0,9.65,7.25,7849.0,1.0,19.0,En Operación
2018-07-08 06:40:00,0.45,1022.76,0.0,9.66,7.86,7850.0,1.0,19.0,En Operación
2018-07-08 06:45:00,0.45,1022.82,0.0,9.68,8.48,7851.0,1.0,19.0,En Operación
2018-07-08 06:50:00,0.45,1022.89,0.0,9.69,9.09,7852.0,1.0,19.0,En Operación
2018-07-08 06:55:00,0.45,1022.95,0.0,9.7,9.7,7853.0,1.0,19.0,En Operación
2018-07-08 07:00:00,0.45,1022.95,0.0,9.7,9.7,7854.0,1.0,19.0,En Operación
2018-07-08 07:05:00,0.45,1022.95,0.0,9.7,9.7,7855.0,1.0,19.0,En Operación
2018-07-08 07:10:00,0.45,1023.1,0.0,9.74,8.67,7856.0,1.0,19.0,En Operación
2018-07-08 07:15:00,0.45,1023.25,0.0,9.77,7.65,7857.0,1.0,19.0,En Operación
2018-07-08 07:20:00,0.45,1023.4,0.0,9.81,6.62,7858.0,1.0,19.0,En Operación
2018-07-08 07:25:00,0.45,1023.55,0.0,9.85,5.6,7859.0,1.0,19.0,En Operación
2018-07-08 07:30:00,0.45,1023.55,0.0,9.85,5.6,7860.0,1.0,19.0,En Operación
2018-07-08 07:35:00,0.45,1023.55,0.0,9.85,5.6,7861.0,1.0,19.0,En Operación
2018-07-08 07:40:00,0.45,1023.58,0.0,9.85,6.0,7862.0,1.0,19.0,En Operación
2018-07-08 07:45:00,0.45,1023.6,0.0,9.85,6.4,7863.0,1.0,19.0,En Operación
2018-07-08 07:50:00,0.45,1023.62,0.0,9.85,6.8,7864.0,1.0,19.0,En Operación
2018-07-08 07:55:00,0.45,1023.65,0.0,9.85,7.2,7865.0,1.0,19.0,En Operación
2018-07-08 08:00:00,0.45,1023.65,0.0,9.85,7.2,7866.0,1.0,19.0,En Operación
2018-07-08 08:05:00,0.45,1023.65,0.0,9.85,7.2,7867.0,1.0,19.0,En Operación
2018-07-08 08:10:00,0.45,1023.76,0.0,9.85,6.6,7868.0,1.0,19.0,En Operación
2018-07-08 08:15:00,0.45,1023.88,0.0,9.85,6.0,7869.0,1.0,19.0,En Operación
2018-07-08 08:20:00,0.45,1023.99,0.0,9.85,5.4,7870.0,1.0,19.0,En Operación
2018-07-08 08:25:00,0.45,1024.1,0.0,9.85,4.8,7871.0,1.0,19.0,En Operación
2018-07-08 08:30:00,0.45,1024.1,0.0,9.85,4.8,7872.0,1.0,19.0,En Operación
2018-07-08 08:35:00,0.45,1024.1,0.0,9.85,4.8,7873.0,1.0,19.0,En Operación
2018-07-08 08:40:00,0.45,1024.16,0.0,9.86,5.0,7874.0,1.0,19.0,En Operación
2018-07-08 08:45:00,0.45,1024.22,0.0,9.88,5.2,7875.0,1.0,19.0,En Operación
2018-07-08 08:50:00,0.45,1024.29,0.0,9.89,5.4,7876.0,1.0,19.0,En Operación
2018-07-08 08:55:00,0.45,1024.35,0.0,9.9,5.6,7877.0,1.0,19.0,En Operación
2018-07-08 09:00:00,0.45,1024.35,0.0,9.9,5.6,7878.0,1.0,19.0,En Operación
2018-07-08 09:05:00,0.45,1024.35,0.0,9.9,5.6,7879.0,1.0,19.0,En Operación
2018-07-08 09:10:00,0.45,1024.52,0.0,9.99,5.2,7880.0,1.0,19.0,En Operación
2018-07-08 09:15:00,0.45,1024.7,0.0,10.07,4.8,7881.0,1.0,19.0,En Operación
2018-07-08 09:20:00,0.45,1024.88,0.0,10.16,4.4,7882.0,1.0,19.0,En Operación
2018-07-08 09:25:00,0.45,1025.05,0.0,10.25,4.0,7883.0,1.0,19.0,En Operación
2018-07-08 09:30:00,0.45,1025.05,0.0,10.25,4.0,7884.0,1.0,19.0,En Operación
2018-07-08 09:35:00,0.45,1025.05,0.0,10.25,4.0,7885.0,1.0,19.0,En Operación
2018-07-08 09:40:00,0.45,1025.21,0.0,10.4,4.4,7886.0,1.0,19.0,En Operación
2018-07-08 09:45:00,0.45,1025.38,0.0,10.55,4.8,7887.0,1.0,19.0,En Operación
2018-07-08 09:50:00,0.45,1025.54,0.0,10.7,5.2,7888.0,1.0,19.0,En Operación
2018-07-08 09:55:00,0.45,1025.7,0.0,10.85,5.6,7889.0,1.0,19.0,En Operación
2018-07-08 10:00:00,0.45,1025.7,0.0,10.85,5.6,7890.0,1.0,19.0,En Operación
2018-07-08 10:05:00,0.45,1025.7,0.0,10.85,5.6,7891.0,1.0,19.0,En Operación
2018-07-08 10:10:00,0.45,1025.8,0.0,10.99,5.6,7892.0,1.0,19.0,En Operación
2018-07-08 10:15:00,0.45,1025.9,0.0,11.12,5.6,7893.0,1.0,19.0,En Operación
2018-07-08 10:20:00,0.45,1026.0,0.0,11.26,5.6,7894.0,1.0,19.0,En Operación
2018-07-08 10:25:00,0.45,1026.1,0.0,11.4,5.6,7895.0,1.0,19.0,En Operación
2018-07-08 10:30:00,0.45,1026.1,0.0,11.4,5.6,7896.0,1.0,19.0,En Operación
2018-07-08 10:35:00,0.45,1026.1,0.0,11.4,5.6,7897.0,1.0,19.0,En Operación
2018-07-08 10:40:00,0.45,1026.18,0.0,11.52,5.2,7898.0,1.0,19.0,En Operación
2018-07-08 10:45:00,0.45,1026.25,0.0,11.65,4.8,7899.0,1.0,19.0,En Operación
2018-07-08 10:50:00,0.45,1026.32,0.0,11.78,4.4,7900.0,1.0,19.0,En Operación
2018-07-08 10:55:00,0.45,1026.4,0.0,11.9,4.0,7901.0,1.0,19.0,En Operación
2018-07-08 11:00:00,0.45,1026.4,0.0,11.9,4.0,7902.0,1.0,19.0,En Operación
2018-07-08 11:05:00,0.45,1026.4,0.0,11.9,4.0,7903.0,1.0,19.0,En Operación
2018-07-08 11:10:00,0.45,1026.45,0.0,11.96,4.81,7904.0,1.0,19.0,En Operación
2018-07-08 11:15:00,0.45,1026.5,0.0,12.02,5.62,7905.0,1.0,19.0,En Operación
2018-07-08 11:20:00,0.45,1026.55,0.0,12.09,6.44,7906.0,1.0,19.0,En Operación
2018-07-08 11:25:00,0.45,1026.6,0.0,12.15,7.25,7907.0,1.0,19.0,En Operación
2018-07-08 11:30:00,0.45,1026.6,0.0,12.15,7.25,7908.0,1.0,19.0,En Operación
2018-07-08 11:35:00,0.45,1026.6,0.0,12.15,7.25,7909.0,1.0,19.0,En Operación
2018-07-08 11:40:00,0.45,1026.61,0.0,12.24,7.05,7910.0,1.0,19.0,En Operación
2018-07-08 11:45:00,0.45,1026.62,0.0,12.32,6.85,7911.0,1.0,19.0,En Operación
2018-07-08 11:50:00,0.45,1026.64,0.0,12.41,6.65,7912.0,1.0,19.0,En Operación
2018-07-08 11:55:00,0.45,1026.65,0.0,12.5,6.45,7913.0,1.0,19.0,En Operación
2018-07-08 12:00:00,0.45,1026.65,0.0,12.5,6.45,7914.0,1.0,19.0,En Operación
2018-07-08 12:05:00,0.45,1026.65,0.0,12.5,6.45,7915.0,1.0,19.0,En Operación
2018-07-08 12:10:00,0.48,1026.7,0.0,12.68,6.25,7916.0,1.0,19.0,En Operación
2018-07-08 12:15:00,0.5,1026.75,0.0,12.85,6.05,7917.0,1.0,19.0,En Operación
2018-07-08 12:20:00,0.52,1026.8,0.0,13.02,5.85,7918.0,1.0,19.0,En Operación
2018-07-08 12:25:00,0.55,1026.85,0.0,13.2,5.65,7919.0,1.0,19.0,En Operación
2018-07-08 12:30:00,0.55,1026.85,0.0,13.2,5.65,7920.0,1.0,19.0,En Operación
2018-07-08 12:35:00,0.55,1026.85,0.0,13.2,5.65,7921.0,1.0,19.0,En Operación
2018-07-08 12:40:00,0.55,1026.85,0.0,13.22,6.25,7922.0,1.0,19.0,En Operación
2018-07-08 12:45:00,0.55,1026.85,0.0,13.25,6.85,7923.0,1.0,19.0,En Operación
2018-07-08 12:50:00,0.55,1026.85,0.0,13.28,7.45,7924.0,1.0,19.0,En Operación
2018-07-08 12:55:00,0.55,1026.85,0.0,13.3,8.05,7925.0,1.0,19.0,En Operación
2018-07-08 13:00:00,0.55,1026.85,0.0,13.3,8.05,7926.0,1.0,19.0,En Operación
2018-07-08 13:05:00,0.55,1026.85,0.0,13.3,8.05,7927.0,1.0,19.0,En Operación
2018-07-08 13:10:00,0.55,1026.81,0.0,13.5,6.84,7928.0,1.0,19.0,En Operación
2018-07-08 13:15:00,0.55,1026.78,0.0,13.7,5.62,7929.0,1.0,19.0,En Operación
2018-07-08 13:20:00,0.55,1026.74,0.0,13.9,4.41,7930.0,1.0,19.0,En Operación
2018-07-08 13:25:00,0.55,1026.7,0.0,14.1,3.2,7931.0,1.0,19.0,En Operación
2018-07-08 13:30:00,0.55,1026.7,0.0,14.1,3.2,7932.0,1.0,19.0,En Operación
2018-07-08 13:35:00,0.55,1026.7,0.0,14.1,3.2,7933.0,1.0,19.0,En Operación
2018-07-08 13:40:00,0.55,1026.69,0.0,14.11,3.2,7934.0,1.0,19.0,En Operación
2018-07-08 13:45:00,0.55,1026.68,0.0,14.12,3.2,7935.0,1.0,19.0,En Operación
2018-07-08 13:50:00,0.55,1026.66,0.0,14.14,3.2,7936.0,1.0,19.0,En Operación
2018-07-08 13:55:00,0.55,1026.65,0.0,14.15,3.2,7937.0,1.0,19.0,En Operación
2018-07-08 14:00:00,0.55,1026.65,0.0,14.15,3.2,7938.0,1.0,19.0,En Operación
2018-07-08 14:05:00,0.55,1026.65,0.0,14.15,3.2,7939.0,1.0,19.0,En Operación
2018-07-08 14:10:00,0.55,1026.62,0.0,14.16,3.2,7940.0,1.0,19.0,En Operación
2018-07-08 14:15:00,0.55,1026.6,0.0,14.18,3.2,7941.0,1.0,19.0,En Operación
2018-07-08 14:20:00,0.55,1026.58,0.0,14.19,3.2,7942.0,1.0,19.0,En Operación
2018-07-08 14:25:00,0.55,1026.55,0.0,14.2,3.2,7943.0,1.0,19.0,En Operación
2018-07-08 14:30:00,0.55,1026.55,0.0,14.2,3.2,7944.0,1.0,19.0,En Operación
2018-07-08 14:35:00,0.55,1026.55,0.0,14.2,3.2,7945.0,1.0,19.0,En Operación
2018-07-08 14:40:00,0.55,1026.56,0.0,14.18,3.2,7946.0,1.0,19.0,En Operación
2018-07-08 14:45:00,0.55,1026.57,0.0,14.15,3.2,7947.0,1.0,19.0,En Operación
2018-07-08 14:50:00,0.55,1026.59,0.0,14.12,3.2,7948.0,1.0,19.0,En Operación
2018-07-08 14:55:00,0.55,1026.6,0.0,14.1,3.2,7949.0,1.0,19.0,En Operación
2018-07-08 15:00:00,0.55,1026.6,0.0,14.1,3.2,7950.0,1.0,19.0,En Operación
2018-07-08 15:05:00,0.55,1026.6,0.0,14.1,3.2,7951.0,1.0,19.0,En Operación
2018-07-08 15:10:00,0.55,1026.62,0.0,14.1,3.4,7952.0,1.0,19.0,En Operación
2018-07-08 15:15:00,0.55,1026.65,0.0,14.1,3.6,7953.0,1.0,19.0,En Operación
2018-07-08 15:20:00,0.55,1026.68,0.0,14.1,3.8,7954.0,1.0,19.0,En Operación
2018-07-08 15:25:00,0.55,1026.7,0.0,14.1,4.0,7955.0,1.0,19.0,En Operación
2018-07-08 15:30:00,0.55,1026.7,0.0,14.1,4.0,7956.0,1.0,19.0,En Operación
2018-07-08 15:35:00,0.55,1026.7,0.0,14.1,4.0,7957.0,1.0,19.0,En Operación
2018-07-08 15:40:00,0.55,1026.71,0.0,14.09,4.0,7958.0,1.0,19.0,En Operación
2018-07-08 15:45:00,0.55,1026.72,0.0,14.08,4.0,7959.0,1.0,19.0,En Operación
2018-07-08 15:50:00,0.55,1026.74,0.0,14.06,4.0,7960.0,1.0,19.0,En Operación
2018-07-08 15:55:00,0.55,1026.75,0.0,14.05,4.0,7961.0,1.0,19.0,En Operación
2018-07-08 16:00:00,0.55,1026.75,0.0,14.05,4.0,7962.0,1.0,19.0,En Operación
2018-07-08 16:05:00,0.55,1026.75,0.0,14.05,4.0,7963.0,1.0,19.0,En Operación
2018-07-08 16:10:00,0.55,1026.84,0.0,14.06,3.6,7964.0,1.0,19.0,En Operación
2018-07-08 16:15:00,0.55,1026.92,0.0,14.08,3.2,7965.0,1.0,19.0,En Operación
2018-07-08 16:20:00,0.55,1027.01,0.0,14.09,2.8,7966.0,1.0,19.0,En Operación
2018-07-08 16:25:00,0.55,1027.1,0.0,14.1,2.4,7967.0,1.0,19.0,En Operación
2018-07-08 16:30:00,0.55,1027.1,0.0,14.1,2.4,7968.0,1.0,19.0,En Operación
2018-07-08 16:35:00,0.55,1027.1,0.0,14.1,2.4,7969.0,1.0,19.0,En Operación
2018-07-08 16:40:00,0.55,1027.14,0.0,14.08,2.4,7970.0,1.0,19.0,En Operación
2018-07-08 16:45:00,0.55,1027.18,0.0,14.05,2.4,7971.0,1.0,19.0,En Operación
2018-07-08 16:50:00,0.55,1027.21,0.0,14.02,2.4,7972.0,1.0,19.0,En Operación
2018-07-08 16:55:00,0.55,1027.25,0.0,14.0,2.4,7973.0,1.0,19.0,En Operación
2018-07-08 17:00:00,0.55,1027.25,0.0,14.0,2.4,7974.0,1.0,19.0,En Operación
2018-07-08 17:05:00,0.55,1027.25,0.0,14.0,2.4,7975.0,1.0,19.0,En Operación
2018-07-08 17:10:00,0.55,1027.39,0.0,13.94,2.4,7976.0,1.0,19.0,En Operación
2018-07-08 17:15:00,0.55,1027.53,0.0,13.88,2.4,7977.0,1.0,19.0,En Operación
2018-07-08 17:20:00,0.55,1027.66,0.0,13.81,2.4,7978.0,1.0,19.0,En Operación
2018-07-08 17:25:00,0.55,1027.8,0.0,13.75,2.4,7979.0,1.0,19.0,En Operación
2018-07-08 17:30:00,0.55,1027.8,0.0,13.75,2.4,7980.0,1.0,19.0,En Operación
2018-07-08 17:35:00,0.55,1027.8,0.0,13.75,2.4,7981.0,1.0,19.0,En Operación
2018-07-08 17:40:00,0.55,1027.82,0.0,13.69,2.4,7982.0,1.0,19.0,En Operación
2018-07-08 17:45:00,0.55,1027.85,0.0,13.62,2.4,7983.0,1.0,19.0,En Operación
2018-07-08 17:50:00,0.55,1027.88,0.0,13.56,2.4,7984.0,1.0,19.0,En Operación
2018-07-08 17:55:00,0.55,1027.9,0.0,13.5,2.4,7985.0,1.0,19.0,En Operación
2018-07-08 18:00:00,0.55,1027.9,0.0,13.5,2.4,7986.0,1.0,19.0,En Operación
2018-07-08 18:05:00,0.55,1027.9,0.0,13.5,2.4,7987.0,1.0,19.0,En Operación
2018-07-08 18:10:00,0.55,1028.0,0.0,13.3,2.2,7988.0,1.0,19.0,En Operación
2018-07-08 18:15:00,0.55,1028.1,0.0,13.1,2.0,7989.0,1.0,19.0,En Operación
2018-07-08 18:20:00,0.55,1028.2,0.0,12.9,1.8,7990.0,1.0,19.0,En Operación
2018-07-08 18:25:00,0.55,1028.3,0.0,12.7,1.6,7991.0,1.0,19.0,En Operación
2018-07-08 18:30:00,0.55,1028.3,0.0,12.7,1.6,7992.0,1.0,19.0,En Operación
2018-07-08 18:35:00,0.55,1028.3,0.0,12.7,1.6,7993.0,1.0,19.0,En Operación
2018-07-08 18:40:00,0.55,1028.36,0.0,12.65,1.6,7994.0,1.0,19.0,En Operación
2018-07-08 18:45:00,0.55,1028.42,0.0,12.6,1.6,7995.0,1.0,19.0,En Operación
2018-07-08 18:50:00,0.55,1028.49,0.0,12.55,1.6,7996.0,1.0,19.0,En Operación
2018-07-08 18:55:00,0.55,1028.55,0.0,12.5,1.6,7997.0,1.0,19.0,En Operación
2018-07-08 19:00:00,0.55,1028.55,0.0,12.5,1.6,7998.0,1.0,19.0,En Operación
2018-07-08 19:05:00,0.55,1028.55,0.0,12.5,1.6,7999.0,1.0,19.0,En Operación
2018-07-08 19:10:00,0.55,1028.68,0.0,12.39,1.8,8000.0,1.0,19.0,En Operación
2018-07-08 19:15:00,0.55,1028.8,0.0,12.28,2.0,8001.0,1.0,19.0,En Operación
2018-07-08 19:20:00,0.55,1028.92,0.0,12.16,2.2,8002.0,1.0,19.0,En Operación
2018-07-08 19:25:00,0.55,1029.05,0.0,12.05,2.4,8003.0,1.0,19.0,En Operación
2018-07-08 19:30:00,0.55,1029.05,0.0,12.05,2.4,8004.0,1.0,19.0,En Operación
2018-07-08 19:35:00,0.55,1029.05,0.0,12.05,2.4,8005.0,1.0,19.0,En Operación
2018-07-08 19:40:00,0.55,1029.08,0.0,12.01,2.4,8006.0,1.0,19.0,En Operación
2018-07-08 19:45:00,0.55,1029.1,0.0,11.98,2.4,8007.0,1.0,19.0,En Operación
2018-07-08 19:50:00,0.55,1029.12,0.0,11.94,2.4,8008.0,1.0,19.0,En Operación
2018-07-08 19:55:00,0.55,1029.15,0.0,11.9,2.4,8009.0,1.0,19.0,En Operación
2018-07-08 20:00:00,0.55,1029.15,0.0,11.9,2.4,8010.0,1.0,19.0,En Operación
2018-07-08 20:05:00,0.55,1029.15,0.0,11.9,2.4,8011.0,1.0,19.0,En Operación
2018-07-08 20:10:00,0.55,1029.23,0.0,11.81,2.2,8012.0,1.0,19.0,En Operación
2018-07-08 20:15:00,0.55,1029.3,0.0,11.73,2.0,8013.0,1.0,19.0,En Operación
2018-07-08 20:20:00,0.55,1029.38,0.0,11.64,1.8,8014.0,1.0,19.0,En Operación
2018-07-08 20:25:00,0.55,1029.45,0.0,11.55,1.6,8015.0,1.0,19.0,En Operación
2018-07-08 20:30:00,0.55,1029.45,0.0,11.55,1.6,8016.0,1.0,19.0,En Operación
2018-07-08 20:35:00,0.55,1029.45,0.0,11.55,1.6,8017.0,1.0,19.0,En Operación
2018-07-08 20:40:00,0.55,1029.47,0.0,11.51,1.6,8018.0,1.0,19.0,En Operación
2018-07-08 20:45:00,0.55,1029.5,0.0,11.48,1.6,8019.0,1.0,19.0,En Operación
2018-07-08 20:50:00,0.55,1029.53,0.0,11.44,1.6,8020.0,1.0,19.0,En Operación
2018-07-08 20:55:00,0.55,1029.55,0.0,11.4,1.6,8021.0,1.0,19.0,En Operación
2018-07-08 21:00:00,0.55,1029.55,0.0,11.4,1.6,8022.0,1.0,19.0,En Operación
2018-07-08 21:05:00,0.55,1029.55,0.0,11.4,1.6,8023.0,1.0,19.0,En Operación
2018-07-08 21:10:00,0.55,1029.59,0.0,11.24,1.4,8024.0,1.0,19.0,En Operación
2018-07-08 21:15:00,0.55,1029.62,0.0,11.08,1.2,8025.0,1.0,19.0,En Operación
2018-07-08 21:20:00,0.55,1029.66,0.0,10.91,1.0,8026.0,1.0,19.0,En Operación
2018-07-08 21:25:00,0.55,1029.7,0.0,10.75,0.8,8027.0,1.0,19.0,En Operación
2018-07-08 21:30:00,0.55,1029.7,0.0,10.75,0.8,8028.0,1.0,19.0,En Operación
2018-07-08 21:35:00,0.55,1029.7,0.0,10.75,0.8,8029.0,1.0,19.0,En Operación
2018-07-08 21:40:00,0.55,1029.74,0.0,10.71,0.8,8030.0,1.0,19.0,En Operación
2018-07-08 21:45:00,0.55,1029.78,0.0,10.68,0.8,8031.0,1.0,19.0,En Operación
2018-07-08 21:50:00,0.55,1029.81,0.0,10.64,0.8,8032.0,1.0,19.0,En Operación
2018-07-08 21:55:00,0.55,1029.85,0.0,10.6,0.8,8033.0,1.0,19.0,En Operación
2018-07-08 22:00:00,0.55,1029.85,0.0,10.6,0.8,8034.0,1.0,19.0,En Operación
2018-07-08 22:05:00,0.55,1029.85,0.0,10.6,0.8,8035.0,1.0,19.0,En Operación
2018-07-08 22:10:00,0.55,1029.95,0.0,10.52,0.6,8036.0,1.0,19.0,En Operación
2018-07-08 22:15:00,0.55,1030.05,0.0,10.45,0.4,8037.0,1.0,19.0,En Operación
2018-07-08 22:20:00,0.55,1030.15,0.0,10.38,0.2,8038.0,1.0,19.0,En Operación
2018-07-08 22:25:00,0.55,1030.25,0.0,10.3,0.0,8039.0,1.0,19.0,En Operación
2018-07-08 22:30:00,0.55,1030.25,0.0,10.3,0.0,8040.0,1.0,19.0,En Operación
2018-07-08 22:35:00,0.55,1030.25,0.0,10.3,0.0,8041.0,1.0,19.0,En Operación
2018-07-08 22:40:00,0.55,1030.29,0.0,10.28,0.0,8042.0,1.0,19.0,En Operación
2018-07-08 22:45:00,0.55,1030.32,0.0,10.25,0.0,8043.0,1.0,19.0,En Operación
2018-07-08 22:50:00,0.55,1030.36,0.0,10.22,0.0,8044.0,1.0,19.0,En Operación
2018-07-08 22:55:00,0.55,1030.4,0.0,10.2,0.0,8045.0,1.0,19.0,En Operación
2018-07-08 23:00:00,0.55,1030.4,0.0,10.2,0.0,8046.0,1.0,19.0,En Operación
2018-07-08 23:05:00,0.55,1030.4,0.0,10.2,0.0,8047.0,1.0,19.0,En Operación
2018-07-08 23:10:00,0.55,1030.48,0.0,10.14,0.2,8048.0,1.0,19.0,En Operación
2018-07-08 23:15:00,0.55,1030.55,0.0,10.07,0.4,8049.0,1.0,19.0,En Operación
2018-07-08 23:20:00,0.55,1030.62,0.0,10.01,0.6,8050.0,1.0,19.0,En Operación
2018-07-08 23:25:00,0.55,1030.7,0.0,9.95,0.8,8051.0,1.0,19.0,En Operación
2018-07-08 23:30:00,0.55,1030.7,0.0,9.95,0.8,8052.0,1.0,19.0,En Operación
2018-07-08 23:35:00,0.55,1030.7,0.0,9.95,0.8,8053.0,1.0,19.0,En Operación
2018-07-08 23:40:00,0.55,1030.72,0.0,9.98,0.8,8054.0,1.0,19.0,En Operación
2018-07-08 23:45:00,0.55,1030.75,0.0,10.0,0.8,8055.0,1.0,19.0,En Operación
2018-07-08 23:50:00,0.55,1030.78,0.0,10.02,0.8,8056.0,1.0,19.0,En Operación
2018-07-08 23:55:00,0.55,1030.8,0.0,10.05,0.8,8057.0,1.0,19.0,En Operación
2018-07-09 00:00:00,0.55,1030.8,0.0,10.05,0.8,8058.0,1.0,19.0,En Operación
2018-07-09 00:05:00,0.55,1030.8,0.0,10.05,0.8,8059.0,1.0,19.0,En Operación
2018-07-09 00:10:00,0.51,1030.85,0.0,10.02,1.0,8060.0,1.0,19.0,En Operación
2018-07-09 00:15:00,0.48,1030.9,0.0,10.0,1.2,8061.0,1.0,19.0,En Operación
2018-07-09 00:20:00,0.44,1030.95,0.0,9.98,1.4,8062.0,1.0,19.0,En Operación
2018-07-09 00:25:00,0.4,1031.0,0.0,9.95,1.6,8063.0,1.0,19.0,En Operación
2018-07-09 00:30:00,0.4,1031.0,0.0,9.95,1.6,8064.0,1.0,19.0,En Operación
2018-07-09 00:35:00,0.4,1031.0,0.0,9.95,1.6,8065.0,1.0,19.0,En Operación
2018-07-09 00:40:00,0.4,1031.01,0.0,9.94,1.6,8066.0,1.0,19.0,En Operación
2018-07-09 00:45:00,0.4,1031.03,0.0,9.93,1.6,8067.0,1.0,19.0,En Operación
2018-07-09 00:50:00,0.4,1031.04,0.0,9.91,1.6,8068.0,1.0,19.0,En Operación
2018-07-09 00:55:00,0.4,1031.05,0.0,9.9,1.6,8069.0,1.0,19.0,En Operación
2018-07-09 01:00:00,0.4,1031.05,0.0,9.9,1.6,8070.0,1.0,19.0,En Operación
2018-07-09 01:05:00,0.4,1031.05,0.0,9.9,1.6,8071.0,1.0,19.0,En Operación
2018-07-09 01:10:00,0.3,1031.03,0.0,9.93,1.4,8072.0,1.0,19.0,En Operación
2018-07-09 01:15:00,0.2,1031.0,0.0,9.95,1.2,8073.0,1.0,19.0,En Operación
2018-07-09 01:20:00,0.1,1030.97,0.0,9.98,1.0,8074.0,1.0,19.0,En Operación
2018-07-09 01:25:00,0.0,1030.95,0.0,10.0,0.8,8075.0,1.0,19.0,En Operación
2018-07-09 01:30:00,0.0,1030.95,0.0,10.0,0.8,8076.0,1.0,19.0,En Operación
2018-07-09 01:35:00,0.0,1030.95,0.0,10.0,0.8,8077.0,1.0,19.0,En Operación
2018-07-09 01:40:00,0.0,1030.96,0.0,9.95,0.8,8078.0,1.0,19.0,En Operación
2018-07-09 01:45:00,0.0,1030.97,0.0,9.9,0.8,8079.0,1.0,19.0,En Operación
2018-07-09 01:50:00,0.0,1030.99,0.0,9.85,0.8,8080.0,1.0,19.0,En Operación
2018-07-09 01:55:00,0.0,1031.0,0.0,9.8,0.8,8081.0,1.0,19.0,En Operación
2018-07-09 02:00:00,0.0,1031.0,0.0,9.8,0.8,8082.0,1.0,19.0,En Operación
2018-07-09 02:05:00,0.0,1031.0,0.0,9.8,0.8,8083.0,1.0,19.0,En Operación
2018-07-09 02:10:00,0.0,1031.05,0.0,9.79,0.8,8084.0,1.0,19.0,En Operación
2018-07-09 02:15:00,0.0,1031.1,0.0,9.78,0.8,8085.0,1.0,19.0,En Operación
2018-07-09 02:20:00,0.0,1031.15,0.0,9.76,0.8,8086.0,1.0,19.0,En Operación
2018-07-09 02:25:00,0.0,1031.2,0.0,9.75,0.8,8087.0,1.0,19.0,En Operación
2018-07-09 02:30:00,0.0,1031.2,0.0,9.75,0.8,8088.0,1.0,19.0,En Operación
2018-07-09 02:35:00,0.0,1031.2,0.0,9.75,0.8,8089.0,1.0,19.0,En Operación
2018-07-09 02:40:00,0.0,1031.21,0.0,9.74,0.8,8090.0,1.0,19.0,En Operación
2018-07-09 02:45:00,0.0,1031.22,0.0,9.72,0.8,8091.0,1.0,19.0,En Operación
2018-07-09 02:50:00,0.0,1031.24,0.0,9.71,0.8,8092.0,1.0,19.0,En Operación
2018-07-09 02:55:00,0.0,1031.25,0.0,9.7,0.8,8093.0,1.0,19.0,En Operación
2018-07-09 03:00:00,0.0,1031.25,0.0,9.7,0.8,8094.0,1.0,19.0,En Operación
2018-07-09 03:05:00,0.0,1031.25,0.0,9.7,0.8,8095.0,1.0,19.0,En Operación
2018-07-09 03:10:00,0.0,1031.29,0.0,9.61,1.0,8096.0,1.0,19.0,En Operación
2018-07-09 03:15:00,0.0,1031.32,0.0,9.52,1.2,8097.0,1.0,19.0,En Operación
2018-07-09 03:20:00,0.0,1031.36,0.0,9.44,1.4,8098.0,1.0,19.0,En Operación
2018-07-09 03:25:00,0.0,1031.4,0.0,9.35,1.6,8099.0,1.0,19.0,En Operación
2018-07-09 03:30:00,0.0,1031.4,0.0,9.35,1.6,8100.0,1.0,19.0,En Operación
2018-07-09 03:35:00,0.0,1031.4,0.0,9.35,1.6,8101.0,1.0,19.0,En Operación
2018-07-09 03:40:00,0.0,1031.39,0.0,9.34,1.4,8102.0,1.0,19.0,En Operación
2018-07-09 03:45:00,0.0,1031.38,0.0,9.32,1.2,8103.0,1.0,19.0,En Operación
2018-07-09 03:50:00,0.0,1031.36,0.0,9.31,1.0,8104.0,1.0,19.0,En Operación
2018-07-09 03:55:00,0.0,1031.35,0.0,9.3,0.8,8105.0,1.0,19.0,En Operación
2018-07-09 04:00:00,0.0,1031.35,0.0,9.3,0.8,8106.0,1.0,19.0,En Operación
2018-07-09 04:05:00,0.0,1031.35,0.0,9.3,0.8,8107.0,1.0,19.0,En Operación
2018-07-09 04:10:00,0.0,1031.34,0.0,9.21,1.6,8108.0,1.0,19.0,En Operación
2018-07-09 04:15:00,0.0,1031.32,0.0,9.12,2.4,8109.0,1.0,19.0,En Operación
2018-07-09 04:20:00,0.0,1031.31,0.0,9.04,3.2,8110.0,1.0,19.0,En Operación
2018-07-09 04:25:00,0.0,1031.3,0.0,8.95,4.0,8111.0,1.0,19.0,En Operación
2018-07-09 04:30:00,0.0,1031.3,0.0,8.95,4.0,8112.0,1.0,19.0,En Operación
2018-07-09 04:35:00,0.0,1031.3,0.0,8.95,4.0,8113.0,1.0,19.0,En Operación
2018-07-09 04:40:00,0.0,1031.29,0.0,8.91,3.8,8114.0,1.0,19.0,En Operación
2018-07-09 04:45:00,0.0,1031.28,0.0,8.88,3.6,8115.0,1.0,19.0,En Operación
2018-07-09 04:50:00,0.0,1031.26,0.0,8.84,3.4,8116.0,1.0,19.0,En Operación
2018-07-09 04:55:00,0.0,1031.25,0.0,8.8,3.2,8117.0,1.0,19.0,En Operación
2018-07-09 05:00:00,0.0,1031.25,0.0,8.8,3.2,8118.0,1.0,19.0,En Operación
2018-07-09 05:05:00,0.0,1031.25,0.0,8.8,3.2,8119.0,1.0,19.0,En Operación
2018-07-09 05:10:00,0.0,1031.25,0.0,8.73,2.6,8120.0,1.0,19.0,En Operación
2018-07-09 05:15:00,0.0,1031.25,0.0,8.65,2.0,8121.0,1.0,19.0,En Operación
2018-07-09 05:20:00,0.0,1031.25,0.0,8.57,1.4,8122.0,1.0,19.0,En Operación
2018-07-09 05:25:00,0.0,1031.25,0.0,8.5,0.8,8123.0,1.0,19.0,En Operación
2018-07-09 05:30:00,0.0,1031.25,0.0,8.5,0.8,8124.0,1.0,19.0,En Operación
2018-07-09 05:35:00,0.0,1031.25,0.0,8.5,0.8,8125.0,1.0,19.0,En Operación
2018-07-09 05:40:00,0.0,1031.26,0.0,8.49,0.8,8126.0,1.0,19.0,En Operación
2018-07-09 05:45:00,0.0,1031.28,0.0,8.48,0.8,8127.0,1.0,19.0,En Operación
2018-07-09 05:50:00,0.0,1031.29,0.0,8.46,0.8,8128.0,1.0,19.0,En Operación
2018-07-09 05:55:00,0.0,1031.3,0.0,8.45,0.8,8129.0,1.0,19.0,En Operación
2018-07-09 06:00:00,0.0,1031.3,0.0,8.45,0.8,8130.0,1.0,19.0,En Operación
2018-07-09 06:05:00,0.0,1031.3,0.0,8.45,0.8,8131.0,1.0,19.0,En Operación
2018-07-09 06:10:00,0.0,1031.4,0.0,8.4,1.2,8132.0,1.0,19.0,En Operación
2018-07-09 06:15:00,0.0,1031.5,0.0,8.35,1.6,8133.0,1.0,19.0,En Operación
2018-07-09 06:20:00,0.0,1031.6,0.0,8.3,2.0,8134.0,1.0,19.0,En Operación
2018-07-09 06:25:00,0.0,1031.7,0.0,8.25,2.4,8135.0,1.0,19.0,En Operación
2018-07-09 06:30:00,0.0,1031.7,0.0,8.25,2.4,8136.0,1.0,19.0,En Operación
2018-07-09 06:35:00,0.0,1031.7,0.0,8.25,2.4,8137.0,1.0,19.0,En Operación
2018-07-09 06:40:00,0.0,1031.72,0.0,8.25,2.0,8138.0,1.0,19.0,En Operación
2018-07-09 06:45:00,0.0,1031.75,0.0,8.25,1.6,8139.0,1.0,19.0,En Operación
2018-07-09 06:50:00,0.0,1031.78,0.0,8.25,1.2,8140.0,1.0,19.0,En Operación
2018-07-09 06:55:00,0.0,1031.8,0.0,8.25,0.8,8141.0,1.0,19.0,En Operación
2018-07-09 07:00:00,0.0,1031.8,0.0,8.25,0.8,8142.0,1.0,19.0,En Operación
2018-07-09 07:05:00,0.0,1031.8,0.0,8.25,0.8,8143.0,1.0,19.0,En Operación
2018-07-09 07:10:00,0.0,1031.91,0.0,8.31,1.0,8144.0,1.0,19.0,En Operación
2018-07-09 07:15:00,0.0,1032.03,0.0,8.38,1.2,8145.0,1.0,19.0,En Operación
2018-07-09 07:20:00,0.0,1032.14,0.0,8.44,1.4,8146.0,1.0,19.0,En Operación
2018-07-09 07:25:00,0.0,1032.25,0.0,8.5,1.6,8147.0,1.0,19.0,En Operación
2018-07-09 07:30:00,0.0,1032.25,0.0,8.5,1.6,8148.0,1.0,19.0,En Operación
2018-07-09 07:35:00,0.0,1032.25,0.0,8.5,1.6,8149.0,1.0,19.0,En Operación
2018-07-09 07:40:00,0.0,1032.28,0.0,8.51,1.6,8150.0,1.0,19.0,En Operación
2018-07-09 07:45:00,0.0,1032.3,0.0,8.52,1.6,8151.0,1.0,19.0,En Operación
2018-07-09 07:50:00,0.0,1032.32,0.0,8.54,1.6,8152.0,1.0,19.0,En Operación
2018-07-09 07:55:00,0.0,1032.35,0.0,8.55,1.6,8153.0,1.0,19.0,En Operación
2018-07-09 08:00:00,0.0,1032.35,0.0,8.55,1.6,8154.0,1.0,19.0,En Operación
2018-07-09 08:05:00,0.0,1032.35,0.0,8.55,1.6,8155.0,1.0,19.0,En Operación
2018-07-09 08:10:00,0.0,1032.42,0.0,8.55,1.4,8156.0,1.0,19.0,En Operación
2018-07-09 08:15:00,0.0,1032.5,0.0,8.55,1.2,8157.0,1.0,19.0,En Operación
2018-07-09 08:20:00,0.0,1032.58,0.0,8.55,1.0,8158.0,1.0,19.0,En Operación
2018-07-09 08:25:00,0.0,1032.65,0.0,8.55,0.8,8159.0,1.0,19.0,En Operación
2018-07-09 08:30:00,0.0,1032.65,0.0,8.55,0.8,8160.0,1.0,19.0,En Operación
2018-07-09 08:35:00,0.0,1032.65,0.0,8.55,0.8,8161.0,1.0,19.0,En Operación
2018-07-09 08:40:00,0.0,1032.69,0.0,8.56,1.0,8162.0,1.0,19.0,En Operación
2018-07-09 08:45:00,0.0,1032.72,0.0,8.57,1.2,8163.0,1.0,19.0,En Operación
2018-07-09 08:50:00,0.0,1032.76,0.0,8.59,1.4,8164.0,1.0,19.0,En Operación
2018-07-09 08:55:00,0.0,1032.8,0.0,8.6,1.6,8165.0,1.0,19.0,En Operación
2018-07-09 09:00:00,0.0,1032.8,0.0,8.6,1.6,8166.0,1.0,19.0,En Operación
2018-07-09 09:05:00,0.0,1032.8,0.0,8.6,1.6,8167.0,1.0,19.0,En Operación
2018-07-09 09:10:00,0.0,1032.85,0.0,8.68,1.4,8168.0,1.0,19.0,En Operación
2018-07-09 09:15:00,0.0,1032.9,0.0,8.75,1.2,8169.0,1.0,19.0,En Operación
2018-07-09 09:20:00,0.0,1032.95,0.0,8.82,1.0,8170.0,1.0,19.0,En Operación
2018-07-09 09:25:00,0.0,1033.0,0.0,8.9,0.8,8171.0,1.0,19.0,En Operación
2018-07-09 09:30:00,0.0,1033.0,0.0,8.9,0.8,8172.0,1.0,19.0,En Operación
2018-07-09 09:35:00,0.0,1033.0,0.0,8.9,0.8,8173.0,1.0,19.0,En Operación
2018-07-09 09:40:00,0.0,1033.06,0.0,9.05,1.0,8174.0,1.0,19.0,En Operación
2018-07-09 09:45:00,0.0,1033.12,0.0,9.2,1.2,8175.0,1.0,19.0,En Operación
2018-07-09 09:50:00,0.0,1033.19,0.0,9.35,1.4,8176.0,1.0,19.0,En Operación
2018-07-09 09:55:00,0.0,1033.25,0.0,9.5,1.6,8177.0,1.0,19.0,En Operación
2018-07-09 10:00:00,0.0,1033.25,0.0,9.5,1.6,8178.0,1.0,19.0,En Operación
2018-07-09 10:05:00,0.0,1033.25,0.0,9.5,1.6,8179.0,1.0,19.0,En Operación
2018-07-09 10:10:00,0.0,1033.31,0.0,9.59,1.4,8180.0,1.0,19.0,En Operación
2018-07-09 10:15:00,0.0,1033.38,0.0,9.68,1.2,8181.0,1.0,19.0,En Operación
2018-07-09 10:20:00,0.0,1033.44,0.0,9.76,1.0,8182.0,1.0,19.0,En Operación
2018-07-09 10:25:00,0.0,1033.5,0.0,9.85,0.8,8183.0,1.0,19.0,En Operación
2018-07-09 10:30:00,0.0,1033.5,0.0,9.85,0.8,8184.0,1.0,19.0,En Operación
2018-07-09 10:35:00,0.0,1033.5,0.0,9.85,0.8,8185.0,1.0,19.0,En Operación
2018-07-09 10:40:00,0.0,1033.54,0.0,9.96,1.6,8186.0,1.0,19.0,En Operación
2018-07-09 10:45:00,0.0,1033.58,0.0,10.07,2.4,8187.0,1.0,19.0,En Operación
2018-07-09 10:50:00,0.0,1033.61,0.0,10.19,3.2,8188.0,1.0,19.0,En Operación
2018-07-09 10:55:00,0.0,1033.65,0.0,10.3,4.0,8189.0,1.0,19.0,En Operación
2018-07-09 11:00:00,0.0,1033.65,0.0,10.3,4.0,8190.0,1.0,19.0,En Operación
2018-07-09 11:05:00,0.0,1033.65,0.0,10.3,4.0,8191.0,1.0,19.0,En Operación
2018-07-09 11:10:00,0.0,1033.65,0.0,10.35,3.2,8192.0,1.0,19.0,En Operación
2018-07-09 11:15:00,0.0,1033.65,0.0,10.4,2.4,8193.0,1.0,19.0,En Operación
2018-07-09 11:20:00,0.0,1033.65,0.0,10.45,1.6,8194.0,1.0,19.0,En Operación
2018-07-09 11:25:00,0.0,1033.65,0.0,10.5,0.8,8195.0,1.0,19.0,En Operación
2018-07-09 11:30:00,0.0,1033.65,0.0,10.5,0.8,8196.0,1.0,19.0,En Operación
2018-07-09 11:35:00,0.0,1033.65,0.0,10.5,0.8,8197.0,1.0,19.0,En Operación
2018-07-09 11:40:00,0.0,1033.65,0.0,10.56,0.8,8198.0,1.0,19.0,En Operación
2018-07-09 11:45:00,0.0,1033.65,0.0,10.62,0.8,8199.0,1.0,19.0,En Operación
2018-07-09 11:50:00,0.0,1033.65,0.0,10.69,0.8,8200.0,1.0,19.0,En Operación
2018-07-09 11:55:00,0.0,1033.65,0.0,10.75,0.8,8201.0,1.0,19.0,En Operación
2018-07-09 12:00:00,0.0,1033.65,0.0,10.75,0.8,8202.0,1.0,19.0,En Operación
2018-07-09 12:05:00,0.0,1033.65,0.0,10.75,0.8,8203.0,1.0,19.0,En Operación
2018-07-09 12:10:00,0.0,1033.64,0.0,10.72,1.4,8204.0,1.0,19.0,En Operación
2018-07-09 12:15:00,0.0,1033.62,0.0,10.7,2.0,8205.0,1.0,19.0,En Operación
2018-07-09 12:20:00,0.0,1033.61,0.0,10.68,2.6,8206.0,1.0,19.0,En Operación
2018-07-09 12:25:00,0.0,1033.6,0.0,10.65,3.2,8207.0,1.0,19.0,En Operación
2018-07-09 12:30:00,0.0,1033.6,0.0,10.65,3.2,8208.0,1.0,19.0,En Operación
2018-07-09 12:35:00,0.0,1033.6,0.0,10.65,3.2,8209.0,1.0,19.0,En Operación
2018-07-09 12:40:00,0.0,1033.57,0.0,10.64,3.2,8210.0,1.0,19.0,En Operación
2018-07-09 12:45:00,0.0,1033.55,0.0,10.62,3.2,8211.0,1.0,19.0,En Operación
2018-07-09 12:50:00,0.0,1033.53,0.0,10.61,3.2,8212.0,1.0,19.0,En Operación
2018-07-09 12:55:00,0.0,1033.5,0.0,10.6,3.2,8213.0,1.0,19.0,En Operación
2018-07-09 13:00:00,0.0,1033.5,0.0,10.6,3.2,8214.0,1.0,19.0,En Operación
2018-07-09 13:05:00,0.0,1033.5,0.0,10.6,3.2,8215.0,1.0,19.0,En Operación
2018-07-09 13:10:00,0.0,1033.45,0.0,10.6,3.0,8216.0,1.0,19.0,En Operación
2018-07-09 13:15:00,0.0,1033.4,0.0,10.6,2.8,8217.0,1.0,19.0,En Operación
2018-07-09 13:20:00,0.0,1033.35,0.0,10.6,2.6,8218.0,1.0,19.0,En Operación
2018-07-09 13:25:00,0.0,1033.3,0.0,10.6,2.4,8219.0,1.0,19.0,En Operación
2018-07-09 13:30:00,0.0,1033.3,0.0,10.6,2.4,8220.0,1.0,19.0,En Operación
2018-07-09 13:35:00,0.0,1033.3,0.0,10.6,2.4,8221.0,1.0,19.0,En Operación
2018-07-09 13:40:00,0.0,1033.28,0.0,10.6,2.4,8222.0,1.0,19.0,En Operación
2018-07-09 13:45:00,0.0,1033.25,0.0,10.6,2.4,8223.0,1.0,19.0,En Operación
2018-07-09 13:50:00,0.0,1033.22,0.0,10.6,2.4,8224.0,1.0,19.0,En Operación
2018-07-09 13:55:00,0.0,1033.2,0.0,10.6,2.4,8225.0,1.0,19.0,En Operación
2018-07-09 14:00:00,0.0,1033.2,0.0,10.6,2.4,8226.0,1.0,19.0,En Operación
2018-07-09 14:05:00,0.0,1033.2,0.0,10.6,2.4,8227.0,1.0,19.0,En Operación
2018-07-09 14:10:00,0.0,1033.12,0.0,10.59,2.6,8228.0,1.0,19.0,En Operación
2018-07-09 14:15:00,0.0,1033.05,0.0,10.58,2.8,8229.0,1.0,19.0,En Operación
2018-07-09 14:20:00,0.0,1032.98,0.0,10.56,3.0,8230.0,1.0,19.0,En Operación
2018-07-09 14:25:00,0.0,1032.9,0.0,10.55,3.2,8231.0,1.0,19.0,En Operación
2018-07-09 14:30:00,0.0,1032.9,0.0,10.55,3.2,8232.0,1.0,19.0,En Operación
2018-07-09 14:35:00,0.0,1032.9,0.0,10.55,3.2,8233.0,1.0,19.0,En Operación
2018-07-09 14:40:00,0.0,1032.89,0.0,10.55,3.2,8234.0,1.0,19.0,En Operación
2018-07-09 14:45:00,0.0,1032.88,0.0,10.55,3.2,8235.0,1.0,19.0,En Operación
2018-07-09 14:50:00,0.0,1032.86,0.0,10.55,3.2,8236.0,1.0,19.0,En Operación
2018-07-09 14:55:00,0.0,1032.85,0.0,10.55,3.2,8237.0,1.0,19.0,En Operación
2018-07-09 15:00:00,0.0,1032.85,0.0,10.55,3.2,8238.0,1.0,19.0,En Operación
2018-07-09 15:05:00,0.0,1032.85,0.0,10.55,3.2,8239.0,1.0,19.0,En Operación
2018-07-09 15:10:00,0.0,1032.77,0.0,10.58,3.2,8240.0,1.0,19.0,En Operación
2018-07-09 15:15:00,0.0,1032.7,0.0,10.6,3.2,8241.0,1.0,19.0,En Operación
2018-07-09 15:20:00,0.0,1032.62,0.0,10.62,3.2,8242.0,1.0,19.0,En Operación
2018-07-09 15:25:00,0.0,1032.55,0.0,10.65,3.2,8243.0,1.0,19.0,En Operación
2018-07-09 15:30:00,0.0,1032.55,0.0,10.65,3.2,8244.0,1.0,19.0,En Operación
2018-07-09 15:35:00,0.0,1032.55,0.0,10.65,3.2,8245.0,1.0,19.0,En Operación
2018-07-09 15:40:00,0.0,1032.56,0.0,10.65,3.2,8246.0,1.0,19.0,En Operación
2018-07-09 15:45:00,0.0,1032.57,0.0,10.65,3.2,8247.0,1.0,19.0,En Operación
2018-07-09 15:50:00,0.0,1032.59,0.0,10.65,3.2,8248.0,1.0,19.0,En Operación
2018-07-09 15:55:00,0.0,1032.6,0.0,10.65,3.2,8249.0,1.0,19.0,En Operación
2018-07-09 16:00:00,0.0,1032.6,0.0,10.65,3.2,8250.0,1.0,19.0,En Operación
2018-07-09 16:05:00,0.0,1032.6,0.0,10.65,3.2,8251.0,1.0,19.0,En Operación
2018-07-09 16:10:00,0.0,1032.59,0.0,10.65,3.0,8252.0,1.0,19.0,En Operación
2018-07-09 16:15:00,0.0,1032.57,0.0,10.65,2.8,8253.0,1.0,19.0,En Operación
2018-07-09 16:20:00,0.0,1032.56,0.0,10.65,2.6,8254.0,1.0,19.0,En Operación
2018-07-09 16:25:00,0.0,1032.55,0.0,10.65,2.4,8255.0,1.0,19.0,En Operación
2018-07-09 16:30:00,0.0,1032.55,0.0,10.65,2.4,8256.0,1.0,19.0,En Operación
2018-07-09 16:35:00,0.0,1032.55,0.0,10.65,2.4,8257.0,1.0,19.0,En Operación
2018-07-09 16:40:00,0.0,1032.55,0.0,10.62,2.4,8258.0,1.0,19.0,En Operación
2018-07-09 16:45:00,0.0,1032.55,0.0,10.6,2.4,8259.0,1.0,19.0,En Operación
2018-07-09 16:50:00,0.0,1032.55,0.0,10.58,2.4,8260.0,1.0,19.0,En Operación
2018-07-09 16:55:00,0.0,1032.55,0.0,10.55,2.4,8261.0,1.0,19.0,En Operación
2018-07-09 17:00:00,0.0,1032.55,0.0,10.55,2.4,8262.0,1.0,19.0,En Operación
2018-07-09 17:05:00,0.0,1032.55,0.0,10.55,2.4,8263.0,1.0,19.0,En Operación
2018-07-09 17:10:00,0.0,1032.54,0.0,10.49,2.4,8264.0,1.0,19.0,En Operación
2018-07-09 17:15:00,0.0,1032.53,0.0,10.42,2.4,8265.0,1.0,19.0,En Operación
2018-07-09 17:20:00,0.0,1032.51,0.0,10.36,2.4,8266.0,1.0,19.0,En Operación
2018-07-09 17:25:00,0.0,1032.5,0.0,10.3,2.4,8267.0,1.0,19.0,En Operación
2018-07-09 17:30:00,0.0,1032.5,0.0,10.3,2.4,8268.0,1.0,19.0,En Operación
2018-07-09 17:35:00,0.0,1032.5,0.0,10.3,2.4,8269.0,1.0,19.0,En Operación
2018-07-09 17:40:00,0.0,1032.5,0.0,10.26,2.2,8270.0,1.0,19.0,En Operación
2018-07-09 17:45:00,0.0,1032.5,0.0,10.23,2.0,8271.0,1.0,19.0,En Operación
2018-07-09 17:50:00,0.0,1032.5,0.0,10.19,1.8,8272.0,1.0,19.0,En Operación
2018-07-09 17:55:00,0.0,1032.5,0.0,10.15,1.6,8273.0,1.0,19.0,En Operación
2018-07-09 18:00:00,0.0,1032.5,0.0,10.15,1.6,8274.0,1.0,19.0,En Operación
2018-07-09 18:05:00,0.0,1032.5,0.0,10.15,1.6,8275.0,1.0,19.0,En Operación
2018-07-09 18:10:00,0.0,1032.5,0.0,10.1,2.0,8276.0,1.0,19.0,En Operación
2018-07-09 18:15:00,0.0,1032.5,0.0,10.05,2.4,8277.0,1.0,19.0,En Operación
2018-07-09 18:20:00,0.0,1032.5,0.0,10.0,2.8,8278.0,1.0,19.0,En Operación
2018-07-09 18:25:00,0.0,1032.5,0.0,9.95,3.2,8279.0,1.0,19.0,En Operación
2018-07-09 18:30:00,0.0,1032.5,0.0,9.95,3.2,8280.0,1.0,19.0,En Operación
2018-07-09 18:35:00,0.0,1032.5,0.0,9.95,3.2,8281.0,1.0,19.0,En Operación
2018-07-09 18:40:00,0.0,1032.5,0.0,9.91,3.2,8282.0,1.0,19.0,En Operación
2018-07-09 18:45:00,0.0,1032.5,0.0,9.88,3.2,8283.0,1.0,19.0,En Operación
2018-07-09 18:50:00,0.0,1032.5,0.0,9.84,3.2,8284.0,1.0,19.0,En Operación
2018-07-09 18:55:00,0.0,1032.5,0.0,9.8,3.2,8285.0,1.0,19.0,En Operación
2018-07-09 19:00:00,0.0,1032.5,0.0,9.8,3.2,8286.0,1.0,19.0,En Operación
2018-07-09 19:05:00,0.0,1032.5,0.0,9.8,3.2,8287.0,1.0,19.0,En Operación
2018-07-09 19:10:00,0.0,1032.51,0.0,9.78,2.8,8288.0,1.0,19.0,En Operación
2018-07-09 19:15:00,0.0,1032.53,0.0,9.75,2.4,8289.0,1.0,19.0,En Operación
2018-07-09 19:20:00,0.0,1032.54,0.0,9.72,2.0,8290.0,1.0,19.0,En Operación
2018-07-09 19:25:00,0.0,1032.55,0.0,9.7,1.6,8291.0,1.0,19.0,En Operación
2018-07-09 19:30:00,0.0,1032.55,0.0,9.7,1.6,8292.0,1.0,19.0,En Operación
2018-07-09 19:35:00,0.0,1032.55,0.0,9.7,1.6,8293.0,1.0,19.0,En Operación
2018-07-09 19:40:00,0.0,1032.56,0.0,9.7,1.6,8294.0,1.0,19.0,En Operación
2018-07-09 19:45:00,0.0,1032.57,0.0,9.7,1.6,8295.0,1.0,19.0,En Operación
2018-07-09 19:50:00,0.0,1032.59,0.0,9.7,1.6,8296.0,1.0,19.0,En Operación
2018-07-09 19:55:00,0.0,1032.6,0.0,9.7,1.6,8297.0,1.0,19.0,En Operación
2018-07-09 20:00:00,0.0,1032.6,0.0,9.7,1.6,8298.0,1.0,19.0,En Operación
2018-07-09 20:05:00,0.0,1032.6,0.0,9.7,1.6,8299.0,1.0,19.0,En Operación
2018-07-09 20:10:00,0.0,1032.65,0.0,9.66,1.4,8300.0,1.0,19.0,En Operación
2018-07-09 20:15:00,0.0,1032.7,0.0,9.62,1.2,8301.0,1.0,19.0,En Operación
2018-07-09 20:20:00,0.0,1032.75,0.0,9.59,1.0,8302.0,1.0,19.0,En Operación
2018-07-09 20:25:00,0.0,1032.8,0.0,9.55,0.8,8303.0,1.0,19.0,En Operación
2018-07-09 20:30:00,0.0,1032.8,0.0,9.55,0.8,8304.0,1.0,19.0,En Operación
2018-07-09 20:35:00,0.0,1032.8,0.0,9.55,0.8,8305.0,1.0,19.0,En Operación
2018-07-09 20:40:00,0.0,1032.82,0.0,9.54,0.8,8306.0,1.0,19.0,En Operación
2018-07-09 20:45:00,0.0,1032.85,0.0,9.52,0.8,8307.0,1.0,19.0,En Operación
2018-07-09 20:50:00,0.0,1032.88,0.0,9.51,0.8,8308.0,1.0,19.0,En Operación
2018-07-09 20:55:00,0.0,1032.9,0.0,9.5,0.8,8309.0,1.0,19.0,En Operación
2018-07-09 21:00:00,0.0,1032.9,0.0,9.5,0.8,8310.0,1.0,19.0,En Operación
2018-07-09 21:05:00,0.0,1032.9,0.0,9.5,0.8,8311.0,1.0,19.0,En Operación
2018-07-09 21:10:00,0.0,1032.93,0.0,9.41,0.8,8312.0,1.0,19.0,En Operación
2018-07-09 21:15:00,0.0,1032.95,0.0,9.32,0.8,8313.0,1.0,19.0,En Operación
2018-07-09 21:20:00,0.0,1032.97,0.0,9.24,0.8,8314.0,1.0,19.0,En Operación
2018-07-09 21:25:00,0.0,1033.0,0.0,9.15,0.8,8315.0,1.0,19.0,En Operación
2018-07-09 21:30:00,0.0,1033.0,0.0,9.15,0.8,8316.0,1.0,19.0,En Operación
2018-07-09 21:35:00,0.0,1033.0,0.0,9.15,0.8,8317.0,1.0,19.0,En Operación
2018-07-09 21:40:00,0.0,1032.99,0.0,9.11,0.8,8318.0,1.0,19.0,En Operación
2018-07-09 21:45:00,0.0,1032.97,0.0,9.07,0.8,8319.0,1.0,19.0,En Operación
2018-07-09 21:50:00,0.0,1032.96,0.0,9.04,0.8,8320.0,1.0,19.0,En Operación
2018-07-09 21:55:00,0.0,1032.95,0.0,9.0,0.8,8321.0,1.0,19.0,En Operación
2018-07-09 22:00:00,0.0,1032.95,0.0,9.0,0.8,8322.0,1.0,19.0,En Operación
2018-07-09 22:05:00,0.0,1032.95,0.0,9.0,0.8,8323.0,1.0,19.0,En Operación
2018-07-09 22:10:00,0.0,1032.92,0.0,8.91,0.8,8324.0,1.0,19.0,En Operación
2018-07-09 22:15:00,0.0,1032.9,0.0,8.82,0.8,8325.0,1.0,19.0,En Operación
2018-07-09 22:20:00,0.0,1032.88,0.0,8.74,0.8,8326.0,1.0,19.0,En Operación
2018-07-09 22:25:00,0.0,1032.85,0.0,8.65,0.8,8327.0,1.0,19.0,En Operación
2018-07-09 22:30:00,0.0,1032.85,0.0,8.65,0.8,8328.0,1.0,19.0,En Operación
2018-07-09 22:35:00,0.0,1032.85,0.0,8.65,0.8,8329.0,1.0,19.0,En Operación
2018-07-09 22:40:00,0.0,1032.85,0.0,8.61,0.8,8330.0,1.0,19.0,En Operación
2018-07-09 22:45:00,0.0,1032.85,0.0,8.57,0.8,8331.0,1.0,19.0,En Operación
2018-07-09 22:50:00,0.0,1032.85,0.0,8.54,0.8,8332.0,1.0,19.0,En Operación
2018-07-09 22:55:00,0.0,1032.85,0.0,8.5,0.8,8333.0,1.0,19.0,En Operación
2018-07-09 23:00:00,0.0,1032.85,0.0,8.5,0.8,8334.0,1.0,19.0,En Operación
2018-07-09 23:05:00,0.0,1032.85,0.0,8.5,0.8,8335.0,1.0,19.0,En Operación
2018-07-09 23:10:00,0.0,1032.84,0.0,8.19,0.6,8336.0,1.0,19.0,En Operación
2018-07-09 23:15:00,0.0,1032.82,0.0,7.88,0.4,8337.0,1.0,19.0,En Operación
2018-07-09 23:20:00,0.0,1032.81,0.0,7.56,0.2,8338.0,1.0,19.0,En Operación
2018-07-09 23:25:00,0.0,1032.8,0.0,7.25,0.0,8339.0,1.0,19.0,En Operación
2018-07-09 23:30:00,0.0,1032.8,0.0,7.25,0.0,8340.0,1.0,19.0,En Operación
2018-07-09 23:35:00,0.0,1032.8,0.0,7.25,0.0,8341.0,1.0,19.0,En Operación
2018-07-09 23:40:00,0.0,1032.8,0.0,7.25,0.0,8342.0,1.0,19.0,En Operación
2018-07-09 23:45:00,0.0,1032.8,0.0,7.25,0.0,8343.0,1.0,19.0,En Operación
2018-07-09 23:50:00,0.0,1032.8,0.0,7.25,0.0,8344.0,1.0,19.0,En Operación
2018-07-09 23:55:00,0.0,1032.8,0.0,7.25,0.0,8345.0,1.0,19.0,En Operación
2018-07-10 00:00:00,0.0,1032.8,0.0,7.25,0.0,8346.0,1.0,19.0,En Operación
2018-07-10 00:05:00,0.0,1032.8,0.0,7.25,0.0,,,,
2018-07-10 00:10:00,0.0,1032.78,0.0,7.26,0.02,,,,
2018-07-10 00:15:00,0.0,1032.77,0.0,7.28,0.05,,,,
2018-07-10 00:20:00,0.0,1032.75,0.0,7.29,0.07,,,,
2018-07-10 00:25:00,0.01,1032.74,0.0,7.31,0.1,,,,
2018-07-10 00:30:00,0.01,1032.72,0.0,7.32,0.12,,,,
2018-07-10 00:35:00,0.01,1032.71,0.0,7.34,0.14,,,,
2018-07-10 00:40:00,0.01,1032.7,0.0,7.35,0.17,,,,
2018-07-10 00:45:00,0.01,1032.68,0.0,7.37,0.19,,,,
2018-07-10 00:50:00,0.01,1032.66,0.0,7.38,0.22,,,,
2018-07-10 00:55:00,0.02,1032.65,0.0,7.4,0.24,,,,
2018-07-10 01:00:00,0.02,1032.64,0.0,7.41,0.26,,,,
2018-07-10 01:05:00,0.02,1032.62,0.0,7.42,0.29,,,,
2018-07-10 01:10:00,0.02,1032.6,0.0,7.44,0.31,,,,
2018-07-10 01:15:00,0.02,1032.59,0.0,7.45,0.34,,,,
2018-07-10 01:20:00,0.02,1032.58,0.0,7.47,0.36,,,,
2018-07-10 01:25:00,0.02,1032.56,0.0,7.48,0.38,,,,
2018-07-10 01:30:00,0.03,1032.54,0.0,7.5,0.41,,,,
2018-07-10 01:35:00,0.03,1032.53,0.0,7.51,0.43,,,,
2018-07-10 01:40:00,0.03,1032.51,0.0,7.53,0.46,,,,
2018-07-10 01:45:00,0.03,1032.5,0.0,7.54,0.48,,,,
2018-07-10 01:50:00,0.03,1032.48,0.0,7.55,0.5,,,,
2018-07-10 01:55:00,0.03,1032.47,0.0,7.57,0.53,,,,
2018-07-10 02:00:00,0.03,1032.46,0.0,7.58,0.55,,,,
2018-07-10 02:05:00,0.04,1032.44,0.0,7.6,0.58,,,,
2018-07-10 02:10:00,0.04,1032.42,0.0,7.61,0.6,,,,
2018-07-10 02:15:00,0.04,1032.41,0.0,7.63,0.62,,,,
2018-07-10 02:20:00,0.04,1032.4,0.0,7.64,0.65,,,,
2018-07-10 02:25:00,0.04,1032.38,0.0,7.66,0.67,,,,
2018-07-10 02:30:00,0.04,1032.36,0.0,7.67,0.7,,,,
2018-07-10 02:35:00,0.04,1032.35,0.0,7.68,0.72,,,,
2018-07-10 02:40:00,0.05,1032.34,0.0,7.7,0.74,,,,
2018-07-10 02:45:00,0.05,1032.32,0.0,7.71,0.77,,,,
2018-07-10 02:50:00,0.05,1032.3,0.0,7.73,0.79,,,,
2018-07-10 02:55:00,0.05,1032.29,0.0,7.74,0.82,,,,
2018-07-10 03:00:00,0.05,1032.27,0.0,7.76,0.84,,,,
2018-07-10 03:05:00,0.05,1032.26,0.0,7.77,0.86,,,,
2018-07-10 03:10:00,0.06,1032.24,0.0,7.79,0.89,,,,
2018-07-10 03:15:00,0.06,1032.23,0.0,7.8,0.91,,,,
2018-07-10 03:20:00,0.06,1032.21,0.0,7.82,0.94,,,,
2018-07-10 03:25:00,0.06,1032.2,0.0,7.83,0.96,,,,
2018-07-10 03:30:00,0.06,1032.18,0.0,7.84,0.98,,,,
2018-07-10 03:35:00,0.06,1032.17,0.0,7.86,1.01,,,,
2018-07-10 03:40:00,0.06,1032.16,0.0,7.87,1.03,,,,
2018-07-10 03:45:00,0.07,1032.14,0.0,7.89,1.06,,,,
2018-07-10 03:50:00,0.07,1032.12,0.0,7.9,1.08,,,,
2018-07-10 03:55:00,0.07,1032.11,0.0,7.92,1.1,,,,
2018-07-10 04:00:00,0.07,1032.1,0.0,7.93,1.13,,,,
2018-07-10 04:05:00,0.07,1032.08,0.0,7.95,1.15,,,,
2018-07-10 04:10:00,0.07,1032.06,0.0,7.96,1.18,,,,
2018-07-10 04:15:00,0.08,1032.05,0.0,7.98,1.2,,,,
2018-07-10 04:20:00,0.08,1032.03,0.0,7.99,1.22,,,,
2018-07-10 04:25:00,0.08,1032.02,0.0,8.0,1.25,,,,
2018-07-10 04:30:00,0.08,1032.0,0.0,8.02,1.27,,,,
2018-07-10 04:35:00,0.08,1031.99,0.0,8.03,1.3,,,,
2018-07-10 04:40:00,0.08,1031.97,0.0,8.05,1.32,,,,
2018-07-10 04:45:00,0.08,1031.96,0.0,8.06,1.34,,,,
2018-07-10 04:50:00,0.09,1031.94,0.0,8.08,1.37,,,,
2018-07-10 04:55:00,0.09,1031.93,0.0,8.09,1.39,,,,
2018-07-10 05:00:00,0.09,1031.92,0.0,8.11,1.42,,,,
2018-07-10 05:05:00,0.09,1031.9,0.0,8.12,1.44,,,,
2018-07-10 05:10:00,0.09,1031.88,0.0,8.13,1.46,,,,
2018-07-10 05:15:00,0.09,1031.87,0.0,8.15,1.49,,,,
2018-07-10 05:20:00,0.09,1031.86,0.0,8.16,1.51,,,,
2018-07-10 05:25:00,0.1,1031.84,0.0,8.18,1.54,,,,
2018-07-10 05:30:00,0.1,1031.82,0.0,8.19,1.56,,,,
2018-07-10 05:35:00,0.1,1031.81,0.0,8.21,1.58,,,,
2018-07-10 05:40:00,0.1,1031.79,0.0,8.22,1.61,,,,
2018-07-10 05:45:00,0.1,1031.78,0.0,8.24,1.63,,,,
2018-07-10 05:50:00,0.1,1031.76,0.0,8.25,1.66,,,,
2018-07-10 05:55:00,0.1,1031.75,0.0,8.26,1.68,,,,
2018-07-10 06:00:00,0.11,1031.73,0.0,8.28,1.7,,,,
2018-07-10 06:05:00,0.11,1031.72,0.0,8.29,1.73,,,,
2018-07-10 06:10:00,0.11,1031.7,0.0,8.31,1.75,,,,
2018-07-10 06:15:00,0.11,1031.69,0.0,8.32,1.78,,,,
2018-07-10 06:20:00,0.11,1031.68,0.0,8.34,1.8,,,,
2018-07-10 06:25:00,0.11,1031.66,0.0,8.35,1.82,,,,
2018-07-10 06:30:00,0.12,1031.64,0.0,8.37,1.85,,,,
2018-07-10 06:35:00,0.12,1031.63,0.0,8.38,1.87,,,,
2018-07-10 06:40:00,0.12,1031.62,0.0,8.4,1.9,,,,
2018-07-10 06:45:00,0.12,1031.6,0.0,8.41,1.92,,,,
2018-07-10 06:50:00,0.12,1031.58,0.0,8.42,1.94,,,,
2018-07-10 06:55:00,0.12,1031.57,0.0,8.44,1.97,,,,
2018-07-10 07:00:00,0.12,1031.56,0.0,8.45,1.99,,,,
2018-07-10 07:05:00,0.13,1031.54,0.0,8.47,2.02,,,,
2018-07-10 07:10:00,0.13,1031.52,0.0,8.48,2.04,,,,
2018-07-10 07:15:00,0.13,1031.51,0.0,8.5,2.06,,,,
2018-07-10 07:20:00,0.13,1031.49,0.0,8.51,2.09,,,,
2018-07-10 07:25:00,0.13,1031.48,0.0,8.53,2.11,,,,
2018-07-10 07:30:00,0.13,1031.46,0.0,8.54,2.14,,,,
2018-07-10 07:35:00,0.14,1031.45,0.0,8.56,2.16,,,,
2018-07-10 07:40:00,0.14,1031.44,0.0,8.57,2.18,,,,
2018-07-10 07:45:00,0.14,1031.42,0.0,8.58,2.21,,,,
2018-07-10 07:50:00,0.14,1031.4,0.0,8.6,2.23,,,,
2018-07-10 07:55:00,0.14,1031.39,0.0,8.61,2.26,,,,
2018-07-10 08:00:00,0.14,1031.38,0.0,8.63,2.28,,,,
2018-07-10 08:05:00,0.14,1031.36,0.0,8.64,2.3,,,,
2018-07-10 08:10:00,0.15,1031.34,0.0,8.66,2.33,,,,
2018-07-10 08:15:00,0.15,1031.33,0.0,8.67,2.35,8347.0,1.0,19.0,En Operación
2018-07-10 08:20:00,0.15,1031.32,0.0,8.69,2.38,8348.0,1.0,19.0,En Operación
2018-07-10 08:25:00,0.15,1031.3,0.0,8.7,2.4,8349.0,1.0,19.0,En Operación
2018-07-10 08:30:00,0.15,1031.3,0.0,8.7,2.4,8350.0,1.0,19.0,En Operación
2018-07-10 08:35:00,0.15,1031.3,0.0,8.7,2.4,8351.0,1.0,19.0,En Operación
2018-07-10 08:40:00,0.15,1031.31,0.0,8.72,2.4,8352.0,1.0,19.0,En Operación
2018-07-10 08:45:00,0.15,1031.32,0.0,8.75,2.4,8353.0,1.0,19.0,En Operación
2018-07-10 08:50:00,0.15,1031.34,0.0,8.78,2.4,8354.0,1.0,19.0,En Operación
2018-07-10 08:55:00,0.15,1031.35,0.0,8.8,2.4,8355.0,1.0,19.0,En Operación
2018-07-10 09:00:00,0.15,1031.35,0.0,8.8,2.4,8356.0,1.0,19.0,En Operación
2018-07-10 09:05:00,0.15,1031.35,0.0,8.8,2.4,8357.0,1.0,19.0,En Operación
2018-07-10 09:10:00,0.15,1031.44,0.0,8.79,2.8,8358.0,1.0,19.0,En Operación
2018-07-10 09:15:00,0.15,1031.53,0.0,8.78,3.2,8359.0,1.0,19.0,En Operación
2018-07-10 09:20:00,0.15,1031.61,0.0,8.76,3.6,8360.0,1.0,19.0,En Operación
2018-07-10 09:25:00,0.15,1031.7,0.0,8.75,4.0,8361.0,1.0,19.0,En Operación
2018-07-10 09:30:00,0.15,1031.7,0.0,8.75,4.0,8362.0,1.0,19.0,En Operación
2018-07-10 09:35:00,0.15,1031.7,0.0,8.75,4.0,8363.0,1.0,19.0,En Operación
2018-07-10 09:40:00,0.15,1031.72,0.0,8.76,5.0,8364.0,1.0,19.0,En Operación
2018-07-10 09:45:00,0.15,1031.75,0.0,8.78,6.0,8365.0,1.0,19.0,En Operación
2018-07-10 09:50:00,0.15,1031.78,0.0,8.79,7.0,8366.0,1.0,19.0,En Operación
2018-07-10 09:55:00,0.15,1031.8,0.0,8.8,8.0,8367.0,1.0,19.0,En Operación
2018-07-10 10:00:00,0.15,1031.8,0.0,8.8,8.0,8368.0,1.0,19.0,En Operación
2018-07-10 10:05:00,0.15,1031.8,0.0,8.8,8.0,8369.0,1.0,19.0,En Operación
2018-07-10 10:10:00,0.15,1031.85,0.0,8.75,7.0,8370.0,1.0,19.0,En Operación
2018-07-10 10:15:00,0.15,1031.9,0.0,8.7,6.0,8371.0,1.0,19.0,En Operación
2018-07-10 10:20:00,0.15,1031.95,0.0,8.65,5.0,8372.0,1.0,19.0,En Operación
2018-07-10 10:25:00,0.15,1032.0,0.0,8.6,4.0,8373.0,1.0,19.0,En Operación
2018-07-10 10:30:00,0.15,1032.0,0.0,8.6,4.0,8374.0,1.0,19.0,En Operación
2018-07-10 10:35:00,0.15,1032.0,0.0,8.6,4.0,8375.0,1.0,19.0,En Operación
2018-07-10 10:40:00,0.15,1031.99,0.0,8.51,5.41,8376.0,1.0,19.0,En Operación
2018-07-10 10:45:00,0.15,1031.97,0.0,8.43,6.82,8377.0,1.0,19.0,En Operación
2018-07-10 10:50:00,0.15,1031.96,0.0,8.34,8.24,8378.0,1.0,19.0,En Operación
2018-07-10 10:55:00,0.15,1031.95,0.0,8.25,9.65,8379.0,1.0,19.0,En Operación
2018-07-10 11:00:00,0.15,1031.95,0.0,8.25,9.65,8380.0,1.0,19.0,En Operación
2018-07-10 11:05:00,0.15,1031.95,0.0,8.25,9.65,8381.0,1.0,19.0,En Operación
2018-07-10 11:10:00,0.15,1031.95,0.0,8.21,9.05,8382.0,1.0,19.0,En Operación
2018-07-10 11:15:00,0.15,1031.95,0.0,8.18,8.45,8383.0,1.0,19.0,En Operación
2018-07-10 11:20:00,0.15,1031.95,0.0,8.14,7.85,8384.0,1.0,19.0,En Operación
2018-07-10 11:25:00,0.15,1031.95,0.0,8.1,7.25,8385.0,1.0,19.0,En Operación
2018-07-10 11:30:00,0.15,1031.95,0.0,8.1,7.25,8386.0,1.0,19.0,En Operación
2018-07-10 11:35:00,0.15,1031.95,0.0,8.1,7.25,8387.0,1.0,19.0,En Operación
2018-07-10 11:40:00,0.15,1031.92,0.0,8.12,7.65,8388.0,1.0,19.0,En Operación
2018-07-10 11:45:00,0.15,1031.9,0.0,8.15,8.05,8389.0,1.0,19.0,En Operación
2018-07-10 11:50:00,0.15,1031.88,0.0,8.17,8.45,8390.0,1.0,19.0,En Operación
2018-07-10 11:55:00,0.15,1031.85,0.0,8.2,8.85,8391.0,1.0,19.0,En Operación
2018-07-10 12:00:00,0.15,1031.85,0.0,8.2,8.85,8392.0,1.0,19.0,En Operación
2018-07-10 12:05:00,0.15,1031.85,0.0,8.2,8.85,8393.0,1.0,19.0,En Operación
2018-07-10 12:10:00,0.15,1031.74,0.0,8.38,9.45,8394.0,1.0,19.0,En Operación
2018-07-10 12:15:00,0.15,1031.62,0.0,8.55,10.05,8395.0,1.0,19.0,En Operación
2018-07-10 12:20:00,0.15,1031.51,0.0,8.72,10.65,8396.0,1.0,19.0,En Operación
2018-07-10 12:25:00,0.15,1031.4,0.0,8.9,11.25,8397.0,1.0,19.0,En Operación
2018-07-10 12:30:00,0.15,1031.4,0.0,8.9,11.25,8398.0,1.0,19.0,En Operación
2018-07-10 12:35:00,0.15,1031.4,0.0,8.9,11.25,8399.0,1.0,19.0,En Operación
2018-07-10 12:40:00,0.15,1031.32,0.0,8.96,9.44,8400.0,1.0,19.0,En Operación
2018-07-10 12:45:00,0.15,1031.25,0.0,9.02,7.62,8401.0,1.0,19.0,En Operación
2018-07-10 12:50:00,0.15,1031.18,0.0,9.09,5.81,8402.0,1.0,19.0,En Operación
2018-07-10 12:55:00,0.15,1031.1,0.0,9.15,4.0,8403.0,1.0,19.0,En Operación
2018-07-10 13:00:00,0.15,1031.1,0.0,9.15,4.0,8404.0,1.0,19.0,En Operación
2018-07-10 13:05:00,0.15,1031.1,0.0,9.15,4.0,8405.0,1.0,19.0,En Operación
2018-07-10 13:10:00,0.15,1030.88,0.0,9.48,4.0,8406.0,1.0,19.0,En Operación
2018-07-10 13:15:00,0.15,1030.65,0.0,9.8,4.0,8407.0,1.0,19.0,En Operación
2018-07-10 13:20:00,0.15,1030.42,0.0,10.12,4.0,8408.0,1.0,19.0,En Operación
2018-07-10 13:25:00,0.15,1030.2,0.0,10.45,4.0,8409.0,1.0,19.0,En Operación
2018-07-10 13:30:00,0.15,1030.2,0.0,10.45,4.0,8410.0,1.0,19.0,En Operación
2018-07-10 13:35:00,0.15,1030.2,0.0,10.45,4.0,8411.0,1.0,19.0,En Operación
2018-07-10 13:40:00,0.15,1030.14,0.0,10.44,5.61,8412.0,1.0,19.0,En Operación
2018-07-10 13:45:00,0.15,1030.08,0.0,10.42,7.22,8413.0,1.0,19.0,En Operación
2018-07-10 13:50:00,0.15,1030.01,0.0,10.41,8.84,8414.0,1.0,19.0,En Operación
2018-07-10 13:55:00,0.15,1029.95,0.0,10.4,10.45,8415.0,1.0,19.0,En Operación
2018-07-10 14:00:00,0.15,1029.95,0.0,10.4,10.45,8416.0,1.0,19.0,En Operación
2018-07-10 14:05:00,0.15,1029.95,0.0,10.4,10.45,8417.0,1.0,19.0,En Operación
2018-07-10 14:10:00,0.15,1029.79,0.0,10.4,9.85,8418.0,1.0,19.0,En Operación
2018-07-10 14:15:00,0.15,1029.62,0.0,10.4,9.25,8419.0,1.0,19.0,En Operación
2018-07-10 14:20:00,0.15,1029.46,0.0,10.4,8.65,8420.0,1.0,19.0,En Operación
2018-07-10 14:25:00,0.15,1029.3,0.0,10.4,8.05,8421.0,1.0,19.0,En Operación
2018-07-10 14:30:00,0.15,1029.3,0.0,10.4,8.05,8422.0,1.0,19.0,En Operación
2018-07-10 14:35:00,0.15,1029.3,0.0,10.4,8.05,8423.0,1.0,19.0,En Operación
2018-07-10 14:40:00,0.15,1029.26,0.0,10.42,7.25,8424.0,1.0,19.0,En Operación
2018-07-10 14:45:00,0.15,1029.22,0.0,10.45,6.45,8425.0,1.0,19.0,En Operación
2018-07-10 14:50:00,0.15,1029.19,0.0,10.48,5.65,8426.0,1.0,19.0,En Operación
2018-07-10 14:55:00,0.15,1029.15,0.0,10.5,4.85,8427.0,1.0,19.0,En Operación
2018-07-10 15:00:00,0.15,1029.15,0.0,10.5,4.85,8428.0,1.0,19.0,En Operación
2018-07-10 15:05:00,0.15,1029.15,0.0,10.5,4.85,8429.0,1.0,19.0,En Operación
2018-07-10 15:10:00,0.15,1029.0,0.0,10.56,5.25,8430.0,1.0,19.0,En Operación
2018-07-10 15:15:00,0.15,1028.85,0.0,10.62,5.65,8431.0,1.0,19.0,En Operación
2018-07-10 15:20:00,0.15,1028.7,0.0,10.69,6.05,8432.0,1.0,19.0,En Operación
2018-07-10 15:25:00,0.15,1028.55,0.0,10.75,6.45,8433.0,1.0,19.0,En Operación
2018-07-10 15:30:00,0.15,1028.55,0.0,10.75,6.45,8434.0,1.0,19.0,En Operación
2018-07-10 15:35:00,0.15,1028.55,0.0,10.75,6.45,8435.0,1.0,19.0,En Operación
2018-07-10 15:40:00,0.15,1028.49,0.0,10.75,6.45,8436.0,1.0,19.0,En Operación
2018-07-10 15:45:00,0.15,1028.42,0.0,10.75,6.45,8437.0,1.0,19.0,En Operación
2018-07-10 15:50:00,0.15,1028.36,0.0,10.75,6.45,8438.0,1.0,19.0,En Operación
2018-07-10 15:55:00,0.15,1028.3,0.0,10.75,6.45,8439.0,1.0,19.0,En Operación
2018-07-10 16:00:00,0.15,1028.3,0.0,10.75,6.45,8440.0,1.0,19.0,En Operación
2018-07-10 16:05:00,0.15,1028.3,0.0,10.75,6.45,8441.0,1.0,19.0,En Operación
2018-07-10 16:10:00,0.15,1028.16,0.0,10.82,6.65,8442.0,1.0,19.0,En Operación
2018-07-10 16:15:00,0.15,1028.03,0.0,10.9,6.85,8443.0,1.0,19.0,En Operación
2018-07-10 16:20:00,0.15,1027.89,0.0,10.98,7.05,8444.0,1.0,19.0,En Operación
2018-07-10 16:25:00,0.15,1027.75,0.0,11.05,7.25,8445.0,1.0,19.0,En Operación
2018-07-10 16:30:00,0.15,1027.75,0.0,11.05,7.25,8446.0,1.0,19.0,En Operación
2018-07-10 16:35:00,0.15,1027.75,0.0,11.05,7.25,8447.0,1.0,19.0,En Operación
2018-07-10 16:40:00,0.15,1027.7,0.0,11.05,6.65,8448.0,1.0,19.0,En Operación
2018-07-10 16:45:00,0.15,1027.65,0.0,11.05,6.05,8449.0,1.0,19.0,En Operación
2018-07-10 16:50:00,0.15,1027.6,0.0,11.05,5.45,8450.0,1.0,19.0,En Operación
2018-07-10 16:55:00,0.15,1027.55,0.0,11.05,4.85,8451.0,1.0,19.0,En Operación
2018-07-10 17:00:00,0.15,1027.55,0.0,11.05,4.85,8452.0,1.0,19.0,En Operación
2018-07-10 17:05:00,0.15,1027.55,0.0,11.05,4.85,8453.0,1.0,19.0,En Operación
2018-07-10 17:10:00,0.15,1027.46,0.0,10.96,4.64,8454.0,1.0,19.0,En Operación
2018-07-10 17:15:00,0.15,1027.38,0.0,10.88,4.42,8455.0,1.0,19.0,En Operación
2018-07-10 17:20:00,0.15,1027.29,0.0,10.79,4.21,8456.0,1.0,19.0,En Operación
2018-07-10 17:25:00,0.15,1027.2,0.0,10.7,4.0,8457.0,1.0,19.0,En Operación
2018-07-10 17:30:00,0.15,1027.2,0.0,10.7,4.0,8458.0,1.0,19.0,En Operación
2018-07-10 17:35:00,0.15,1027.2,0.0,10.7,4.0,8459.0,1.0,19.0,En Operación
2018-07-10 17:40:00,0.15,1027.19,0.0,10.68,4.0,8460.0,1.0,19.0,En Operación
2018-07-10 17:45:00,0.15,1027.18,0.0,10.65,4.0,8461.0,1.0,19.0,En Operación
2018-07-10 17:50:00,0.15,1027.16,0.0,10.62,4.0,8462.0,1.0,19.0,En Operación
2018-07-10 17:55:00,0.15,1027.15,0.0,10.6,4.0,8463.0,1.0,19.0,En Operación
2018-07-10 18:00:00,0.15,1027.15,0.0,10.6,4.0,8464.0,1.0,19.0,En Operación
2018-07-10 18:05:00,0.15,1027.15,0.0,10.6,4.0,8465.0,1.0,19.0,En Operación
2018-07-10 18:10:00,0.15,1027.1,0.0,10.5,4.41,8466.0,1.0,19.0,En Operación
2018-07-10 18:15:00,0.15,1027.05,0.0,10.4,4.82,8467.0,1.0,19.0,En Operación
2018-07-10 18:20:00,0.15,1027.0,0.0,10.3,5.24,8468.0,1.0,19.0,En Operación
2018-07-10 18:25:00,0.15,1026.95,0.0,10.2,5.65,8469.0,1.0,19.0,En Operación
2018-07-10 18:30:00,0.15,1026.95,0.0,10.2,5.65,8470.0,1.0,19.0,En Operación
2018-07-10 18:35:00,0.15,1026.95,0.0,10.2,5.65,8471.0,1.0,19.0,En Operación
2018-07-10 18:40:00,0.15,1026.95,0.0,10.17,5.85,8472.0,1.0,19.0,En Operación
2018-07-10 18:45:00,0.15,1026.95,0.0,10.15,6.05,8473.0,1.0,19.0,En Operación
2018-07-10 18:50:00,0.15,1026.95,0.0,10.12,6.25,8474.0,1.0,19.0,En Operación
2018-07-10 18:55:00,0.15,1026.95,0.0,10.1,6.45,8475.0,1.0,19.0,En Operación
2018-07-10 19:00:00,0.15,1026.95,0.0,10.1,6.45,8476.0,1.0,19.0,En Operación
2018-07-10 19:05:00,0.15,1026.95,0.0,10.1,6.45,8477.0,1.0,19.0,En Operación
2018-07-10 19:10:00,0.15,1026.95,0.0,10.06,6.44,8478.0,1.0,19.0,En Operación
2018-07-10 19:15:00,0.15,1026.95,0.0,10.02,6.43,8479.0,1.0,19.0,En Operación
2018-07-10 19:20:00,0.15,1026.95,0.0,9.99,6.41,8480.0,1.0,19.0,En Operación
2018-07-10 19:25:00,0.15,1026.95,0.0,9.95,6.4,8481.0,1.0,19.0,En Operación
2018-07-10 19:30:00,0.15,1026.95,0.0,9.95,6.4,8482.0,1.0,19.0,En Operación
2018-07-10 19:35:00,0.15,1026.95,0.0,9.95,6.4,8483.0,1.0,19.0,En Operación
2018-07-10 19:40:00,0.15,1026.95,0.0,9.95,5.6,8484.0,1.0,19.0,En Operación
2018-07-10 19:45:00,0.15,1026.95,0.0,9.95,4.8,8485.0,1.0,19.0,En Operación
2018-07-10 19:50:00,0.15,1026.95,0.0,9.95,4.0,8486.0,1.0,19.0,En Operación
2018-07-10 19:55:00,0.15,1026.95,0.0,9.95,3.2,8487.0,1.0,19.0,En Operación
2018-07-10 20:00:00,0.15,1026.95,0.0,9.95,3.2,8488.0,1.0,19.0,En Operación
2018-07-10 20:05:00,0.15,1026.95,0.0,9.95,3.2,8489.0,1.0,19.0,En Operación
2018-07-10 20:10:00,0.15,1026.92,0.0,9.95,4.21,8490.0,1.0,19.0,En Operación
2018-07-10 20:15:00,0.15,1026.9,0.0,9.95,5.22,8491.0,1.0,19.0,En Operación
2018-07-10 20:20:00,0.15,1026.88,0.0,9.95,6.24,8492.0,1.0,19.0,En Operación
2018-07-10 20:25:00,0.15,1026.85,0.0,9.95,7.25,8493.0,1.0,19.0,En Operación
2018-07-10 20:30:00,0.15,1026.85,0.0,9.95,7.25,8494.0,1.0,19.0,En Operación
2018-07-10 20:35:00,0.15,1026.85,0.0,9.95,7.25,8495.0,1.0,19.0,En Operación
2018-07-10 20:40:00,0.15,1026.85,0.0,9.94,6.65,8496.0,1.0,19.0,En Operación
2018-07-10 20:45:00,0.15,1026.85,0.0,9.93,6.05,8497.0,1.0,19.0,En Operación
2018-07-10 20:50:00,0.15,1026.85,0.0,9.91,5.45,8498.0,1.0,19.0,En Operación
2018-07-10 20:55:00,0.15,1026.85,0.0,9.9,4.85,8499.0,1.0,19.0,En Operación
2018-07-10 21:00:00,0.15,1026.85,0.0,9.9,4.85,8500.0,1.0,19.0,En Operación
2018-07-10 21:05:00,0.15,1026.85,0.0,9.9,4.85,8501.0,1.0,19.0,En Operación
2018-07-10 21:10:00,0.15,1026.81,0.0,9.86,4.64,8502.0,1.0,19.0,En Operación
2018-07-10 21:15:00,0.15,1026.78,0.0,9.82,4.42,8503.0,1.0,19.0,En Operación
2018-07-10 21:20:00,0.15,1026.74,0.0,9.79,4.21,8504.0,1.0,19.0,En Operación
2018-07-10 21:25:00,0.15,1026.7,0.0,9.75,4.0,8505.0,1.0,19.0,En Operación
2018-07-10 21:30:00,0.15,1026.7,0.0,9.75,4.0,8506.0,1.0,19.0,En Operación
2018-07-10 21:35:00,0.15,1026.7,0.0,9.75,4.0,8507.0,1.0,19.0,En Operación
2018-07-10 21:40:00,0.15,1026.69,0.0,9.76,4.0,8508.0,1.0,19.0,En Operación
2018-07-10 21:45:00,0.15,1026.68,0.0,9.78,4.0,8509.0,1.0,19.0,En Operación
2018-07-10 21:50:00,0.15,1026.66,0.0,9.79,4.0,8510.0,1.0,19.0,En Operación
2018-07-10 21:55:00,0.15,1026.65,0.0,9.8,4.0,8511.0,1.0,19.0,En Operación
2018-07-10 22:00:00,0.15,1026.65,0.0,9.8,4.0,8512.0,1.0,19.0,En Operación
2018-07-10 22:05:00,0.15,1026.65,0.0,9.8,4.0,8513.0,1.0,19.0,En Operación
2018-07-10 22:10:00,0.15,1026.65,0.0,9.83,4.4,8514.0,1.0,19.0,En Operación
2018-07-10 22:15:00,0.15,1026.65,0.0,9.85,4.8,8515.0,1.0,19.0,En Operación
2018-07-10 22:20:00,0.15,1026.65,0.0,9.88,5.2,8516.0,1.0,19.0,En Operación
2018-07-10 22:25:00,0.15,1026.65,0.0,9.9,5.6,8517.0,1.0,19.0,En Operación
2018-07-10 22:30:00,0.15,1026.65,0.0,9.9,5.6,8518.0,1.0,19.0,En Operación
2018-07-10 22:35:00,0.15,1026.65,0.0,9.9,5.6,8519.0,1.0,19.0,En Operación
2018-07-10 22:40:00,0.15,1026.66,0.0,9.89,5.4,8520.0,1.0,19.0,En Operación
2018-07-10 22:45:00,0.15,1026.68,0.0,9.88,5.2,8521.0,1.0,19.0,En Operación
2018-07-10 22:50:00,0.15,1026.69,0.0,9.86,5.0,8522.0,1.0,19.0,En Operación
2018-07-10 22:55:00,0.15,1026.7,0.0,9.85,4.8,8523.0,1.0,19.0,En Operación
2018-07-10 23:00:00,0.15,1026.7,0.0,9.85,4.8,8524.0,1.0,19.0,En Operación
2018-07-10 23:05:00,0.15,1026.7,0.0,9.85,4.8,8525.0,1.0,19.0,En Operación
2018-07-10 23:10:00,0.15,1026.7,0.0,9.91,6.62,8526.0,1.0,19.0,En Operación
2018-07-10 23:15:00,0.15,1026.7,0.0,9.98,8.45,8527.0,1.0,19.0,En Operación
2018-07-10 23:20:00,0.15,1026.7,0.0,10.04,10.27,8528.0,1.0,19.0,En Operación
2018-07-10 23:25:00,0.15,1026.7,0.0,10.1,12.1,8529.0,1.0,19.0,En Operación
2018-07-10 23:30:00,0.15,1026.7,0.0,10.1,12.1,8530.0,1.0,19.0,En Operación
2018-07-10 23:35:00,0.15,1026.7,0.0,10.1,12.1,8531.0,1.0,19.0,En Operación
2018-07-10 23:40:00,0.15,1026.7,0.0,10.11,11.9,8532.0,1.0,19.0,En Operación
2018-07-10 23:45:00,0.15,1026.7,0.0,10.12,11.7,8533.0,1.0,19.0,En Operación
2018-07-10 23:50:00,0.15,1026.7,0.0,10.14,11.5,8534.0,1.0,19.0,En Operación
2018-07-10 23:55:00,0.15,1026.7,0.0,10.15,11.3,8535.0,1.0,19.0,En Operación
2018-07-11 00:00:00,0.15,1026.7,0.0,10.15,11.3,8536.0,1.0,19.0,En Operación
2018-07-11 00:05:00,0.15,1026.7,0.0,10.15,11.3,8537.0,1.0,19.0,En Operación
2018-07-11 00:10:00,0.11,1026.71,0.0,10.11,9.69,8538.0,1.0,19.0,En Operación
2018-07-11 00:15:00,0.08,1026.72,0.0,10.07,8.07,8539.0,1.0,19.0,En Operación
2018-07-11 00:20:00,0.04,1026.74,0.0,10.04,6.46,8540.0,1.0,19.0,En Operación
2018-07-11 00:25:00,0.0,1026.75,0.0,10.0,4.85,8541.0,1.0,19.0,En Operación
2018-07-11 00:30:00,0.0,1026.75,0.0,10.0,4.85,8542.0,1.0,19.0,En Operación
2018-07-11 00:35:00,0.0,1026.75,0.0,10.0,4.85,8543.0,1.0,19.0,En Operación
2018-07-11 00:40:00,0.0,1026.76,0.0,9.96,5.45,8544.0,1.0,19.0,En Operación
2018-07-11 00:45:00,0.0,1026.78,0.0,9.93,6.05,8545.0,1.0,19.0,En Operación
2018-07-11 00:50:00,0.0,1026.79,0.0,9.89,6.65,8546.0,1.0,19.0,En Operación
2018-07-11 00:55:00,0.0,1026.8,0.0,9.85,7.25,8547.0,1.0,19.0,En Operación
2018-07-11 01:00:00,0.0,1026.8,0.0,9.85,7.25,8548.0,1.0,19.0,En Operación
2018-07-11 01:05:00,0.0,1026.8,0.0,9.85,7.25,8549.0,1.0,19.0,En Operación
2018-07-11 01:10:00,0.0,1026.78,0.0,9.85,6.85,8550.0,1.0,19.0,En Operación
2018-07-11 01:15:00,0.0,1026.75,0.0,9.85,6.45,8551.0,1.0,19.0,En Operación
2018-07-11 01:20:00,0.0,1026.72,0.0,9.85,6.05,8552.0,1.0,19.0,En Operación
2018-07-11 01:25:00,0.0,1026.7,0.0,9.85,5.65,8553.0,1.0,19.0,En Operación
2018-07-11 01:30:00,0.0,1026.7,0.0,9.85,5.65,8554.0,1.0,19.0,En Operación
2018-07-11 01:35:00,0.0,1026.7,0.0,9.85,5.65,8555.0,1.0,19.0,En Operación
2018-07-11 01:40:00,0.0,1026.65,0.0,9.84,5.65,8556.0,1.0,19.0,En Operación
2018-07-11 01:45:00,0.0,1026.6,0.0,9.82,5.65,8557.0,1.0,19.0,En Operación
2018-07-11 01:50:00,0.0,1026.55,0.0,9.81,5.65,8558.0,1.0,19.0,En Operación
2018-07-11 01:55:00,0.0,1026.5,0.0,9.8,5.65,8559.0,1.0,19.0,En Operación
2018-07-11 02:00:00,0.0,1026.5,0.0,9.8,5.65,8560.0,1.0,19.0,En Operación
2018-07-11 02:05:00,0.0,1026.5,0.0,9.8,5.65,8561.0,1.0,19.0,En Operación
2018-07-11 02:10:00,0.0,1026.42,0.0,9.78,6.05,8562.0,1.0,19.0,En Operación
2018-07-11 02:15:00,0.0,1026.35,0.0,9.75,6.45,8563.0,1.0,19.0,En Operación
2018-07-11 02:20:00,0.0,1026.28,0.0,9.72,6.85,8564.0,1.0,19.0,En Operación
2018-07-11 02:25:00,0.0,1026.2,0.0,9.7,7.25,8565.0,1.0,19.0,En Operación
2018-07-11 02:30:00,0.0,1026.2,0.0,9.7,7.25,8566.0,1.0,19.0,En Operación
2018-07-11 02:35:00,0.0,1026.2,0.0,9.7,7.25,8567.0,1.0,19.0,En Operación
2018-07-11 02:40:00,0.0,1026.18,0.0,9.71,7.65,8568.0,1.0,19.0,En Operación
2018-07-11 02:45:00,0.0,1026.15,0.0,9.72,8.05,8569.0,1.0,19.0,En Operación
2018-07-11 02:50:00,0.0,1026.12,0.0,9.74,8.45,8570.0,1.0,19.0,En Operación
2018-07-11 02:55:00,0.0,1026.1,0.0,9.75,8.85,8571.0,1.0,19.0,En Operación
2018-07-11 03:00:00,0.0,1026.1,0.0,9.75,8.85,8572.0,1.0,19.0,En Operación
2018-07-11 03:05:00,0.0,1026.1,0.0,9.75,8.85,8573.0,1.0,19.0,En Operación
2018-07-11 03:10:00,0.0,1026.01,0.0,9.71,7.64,8574.0,1.0,19.0,En Operación
2018-07-11 03:15:00,0.0,1025.92,0.0,9.68,6.42,8575.0,1.0,19.0,En Operación
2018-07-11 03:20:00,0.0,1025.84,0.0,9.64,5.21,8576.0,1.0,19.0,En Operación
2018-07-11 03:25:00,0.0,1025.75,0.0,9.6,4.0,8577.0,1.0,19.0,En Operación
2018-07-11 03:30:00,0.0,1025.75,0.0,9.6,4.0,8578.0,1.0,19.0,En Operación
2018-07-11 03:35:00,0.0,1025.75,0.0,9.6,4.0,8579.0,1.0,19.0,En Operación
2018-07-11 03:40:00,0.0,1025.72,0.0,9.6,4.0,8580.0,1.0,19.0,En Operación
2018-07-11 03:45:00,0.0,1025.7,0.0,9.6,4.0,8581.0,1.0,19.0,En Operación
2018-07-11 03:50:00,0.0,1025.68,0.0,9.6,4.0,8582.0,1.0,19.0,En Operación
2018-07-11 03:55:00,0.0,1025.65,0.0,9.6,4.0,8583.0,1.0,19.0,En Operación
2018-07-11 04:00:00,0.0,1025.65,0.0,9.6,4.0,8584.0,1.0,19.0,En Operación
2018-07-11 04:05:00,0.0,1025.65,0.0,9.6,4.0,8585.0,1.0,19.0,En Operación
2018-07-11 04:10:00,0.0,1025.53,0.0,9.57,3.8,8586.0,1.0,19.0,En Operación
2018-07-11 04:15:00,0.0,1025.4,0.0,9.55,3.6,8587.0,1.0,19.0,En Operación
2018-07-11 04:20:00,0.0,1025.28,0.0,9.52,3.4,8588.0,1.0,19.0,En Operación
2018-07-11 04:25:00,0.0,1025.15,0.0,9.5,3.2,8589.0,1.0,19.0,En Operación
2018-07-11 04:30:00,0.0,1025.15,0.0,9.5,3.2,8590.0,1.0,19.0,En Operación
2018-07-11 04:35:00,0.0,1025.15,0.0,9.5,3.2,8591.0,1.0,19.0,En Operación
2018-07-11 04:40:00,0.0,1025.12,0.0,9.5,3.8,8592.0,1.0,19.0,En Operación
2018-07-11 04:45:00,0.0,1025.1,0.0,9.5,4.4,8593.0,1.0,19.0,En Operación
2018-07-11 04:50:00,0.0,1025.08,0.0,9.5,5.0,8594.0,1.0,19.0,En Operación
2018-07-11 04:55:00,0.0,1025.05,0.0,9.5,5.6,8595.0,1.0,19.0,En Operación
2018-07-11 05:00:00,0.0,1025.05,0.0,9.5,5.6,8596.0,1.0,19.0,En Operación
2018-07-11 05:05:00,0.0,1025.05,0.0,9.5,5.6,8597.0,1.0,19.0,En Operación
2018-07-11 05:10:00,0.0,1025.0,0.0,9.54,5.41,8598.0,1.0,19.0,En Operación
2018-07-11 05:15:00,0.0,1024.95,0.0,9.57,5.22,8599.0,1.0,19.0,En Operación
2018-07-11 05:20:00,0.0,1024.9,0.0,9.61,5.04,8600.0,1.0,19.0,En Operación
2018-07-11 05:25:00,0.0,1024.85,0.0,9.65,4.85,8601.0,1.0,19.0,En Operación
2018-07-11 05:30:00,0.0,1024.85,0.0,9.65,4.85,8602.0,1.0,19.0,En Operación
2018-07-11 05:35:00,0.0,1024.85,0.0,9.65,4.85,8603.0,1.0,19.0,En Operación
2018-07-11 05:40:00,0.0,1024.86,0.0,9.68,6.26,8604.0,1.0,19.0,En Operación
2018-07-11 05:45:00,0.0,1024.88,0.0,9.7,7.68,8605.0,1.0,19.0,En Operación
2018-07-11 05:50:00,0.0,1024.89,0.0,9.72,9.09,8606.0,1.0,19.0,En Operación
2018-07-11 05:55:00,0.0,1024.9,0.0,9.75,10.5,8607.0,1.0,19.0,En Operación
2018-07-11 06:00:00,0.0,1024.9,0.0,9.75,10.5,8608.0,1.0,19.0,En Operación
2018-07-11 06:05:00,0.0,1024.9,0.0,9.75,10.5,8609.0,1.0,19.0,En Operación
2018-07-11 06:10:00,0.0,1024.95,0.0,9.76,9.09,8610.0,1.0,19.0,En Operación
2018-07-11 06:15:00,0.0,1025.0,0.0,9.78,7.68,8611.0,1.0,19.0,En Operación
2018-07-11 06:20:00,0.0,1025.05,0.0,9.79,6.26,8612.0,1.0,19.0,En Operación
2018-07-11 06:25:00,0.0,1025.1,0.0,9.8,4.85,8613.0,1.0,19.0,En Operación
2018-07-11 06:30:00,0.0,1025.1,0.0,9.8,4.85,8614.0,1.0,19.0,En Operación
2018-07-11 06:35:00,0.0,1025.1,0.0,9.8,4.85,8615.0,1.0,19.0,En Operación
2018-07-11 06:40:00,0.0,1025.11,0.0,9.78,5.45,8616.0,1.0,19.0,En Operación
2018-07-11 06:45:00,0.0,1025.12,0.0,9.75,6.05,8617.0,1.0,19.0,En Operación
2018-07-11 06:50:00,0.0,1025.14,0.0,9.72,6.65,8618.0,1.0,19.0,En Operación
2018-07-11 06:55:00,0.0,1025.15,0.0,9.7,7.25,8619.0,1.0,19.0,En Operación
2018-07-11 07:00:00,0.0,1025.15,0.0,9.7,7.25,8620.0,1.0,19.0,En Operación
2018-07-11 07:05:00,0.0,1025.15,0.0,9.7,7.25,8621.0,1.0,19.0,En Operación
2018-07-11 07:10:00,0.0,1025.28,0.0,9.51,5.44,8622.0,1.0,19.0,En Operación
2018-07-11 07:15:00,0.0,1025.4,0.0,9.32,3.62,8623.0,1.0,19.0,En Operación
2018-07-11 07:20:00,0.0,1025.53,0.0,9.14,1.81,8624.0,1.0,19.0,En Operación
2018-07-11 07:25:00,0.0,1025.65,0.0,8.95,0.0,8625.0,1.0,19.0,En Operación
2018-07-11 07:30:00,0.0,1025.65,0.0,8.95,0.0,8626.0,1.0,19.0,En Operación
2018-07-11 07:35:00,0.0,1025.65,0.0,8.95,0.0,8627.0,1.0,19.0,En Operación
2018-07-11 07:40:00,0.0,1025.7,0.0,8.92,0.0,8628.0,1.0,19.0,En Operación
2018-07-11 07:45:00,0.0,1025.75,0.0,8.9,0.0,8629.0,1.0,19.0,En Operación
2018-07-11 07:50:00,0.0,1025.8,0.0,8.88,0.0,8630.0,1.0,19.0,En Operación
2018-07-11 07:55:00,0.0,1025.85,0.0,8.85,0.0,8631.0,1.0,19.0,En Operación
2018-07-11 08:00:00,0.0,1025.85,0.0,8.85,0.0,8632.0,1.0,19.0,En Operación
2018-07-11 08:05:00,0.0,1025.85,0.0,8.85,0.0,8633.0,1.0,19.0,En Operación
2018-07-11 08:10:00,0.0,1025.96,0.0,8.71,0.6,8634.0,1.0,19.0,En Operación
2018-07-11 08:15:00,0.0,1026.07,0.0,8.57,1.2,8635.0,1.0,19.0,En Operación
2018-07-11 08:20:00,0.0,1026.19,0.0,8.44,1.8,8636.0,1.0,19.0,En Operación
2018-07-11 08:25:00,0.0,1026.3,0.0,8.3,2.4,8637.0,1.0,19.0,En Operación
2018-07-11 08:30:00,0.0,1026.3,0.0,8.3,2.4,8638.0,1.0,19.0,En Operación
2018-07-11 08:35:00,0.0,1026.3,0.0,8.3,2.4,8639.0,1.0,19.0,En Operación
2018-07-11 08:40:00,0.0,1026.34,0.0,8.33,3.4,8640.0,1.0,19.0,En Operación
2018-07-11 08:45:00,0.0,1026.38,0.0,8.35,4.4,8641.0,1.0,19.0,En Operación
2018-07-11 08:50:00,0.0,1026.41,0.0,8.38,5.4,8642.0,1.0,19.0,En Operación
2018-07-11 08:55:00,0.0,1026.45,0.0,8.4,6.4,8643.0,1.0,19.0,En Operación
2018-07-11 09:00:00,0.0,1026.45,0.0,8.4,6.4,8644.0,1.0,19.0,En Operación
2018-07-11 09:05:00,0.0,1026.45,0.0,8.4,6.4,8645.0,1.0,19.0,En Operación
2018-07-11 09:10:00,0.0,1026.55,0.0,8.68,5.8,8646.0,1.0,19.0,En Operación
2018-07-11 09:15:00,0.0,1026.65,0.0,8.95,5.2,8647.0,1.0,19.0,En Operación
2018-07-11 09:20:00,0.0,1026.75,0.0,9.22,4.6,8648.0,1.0,19.0,En Operación
2018-07-11 09:25:00,0.0,1026.85,0.0,9.5,4.0,8649.0,1.0,19.0,En Operación
2018-07-11 09:30:00,0.0,1026.85,0.0,9.5,4.0,8650.0,1.0,19.0,En Operación
2018-07-11 09:35:00,0.0,1026.85,0.0,9.5,4.0,8651.0,1.0,19.0,En Operación
2018-07-11 09:40:00,0.0,1026.88,0.0,9.78,3.8,8652.0,1.0,19.0,En Operación
2018-07-11 09:45:00,0.0,1026.9,0.0,10.05,3.6,8653.0,1.0,19.0,En Operación
2018-07-11 09:50:00,0.0,1026.92,0.0,10.32,3.4,8654.0,1.0,19.0,En Operación
2018-07-11 09:55:00,0.0,1026.95,0.0,10.6,3.2,8655.0,1.0,19.0,En Operación
2018-07-11 10:00:00,0.0,1026.95,0.0,10.6,3.2,8656.0,1.0,19.0,En Operación
2018-07-11 10:05:00,0.0,1026.95,0.0,10.6,3.2,8657.0,1.0,19.0,En Operación
2018-07-11 10:10:00,0.0,1027.03,0.0,10.84,3.4,8658.0,1.0,19.0,En Operación
2018-07-11 10:15:00,0.0,1027.1,0.0,11.08,3.6,8659.0,1.0,19.0,En Operación
2018-07-11 10:20:00,0.0,1027.18,0.0,11.31,3.8,8660.0,1.0,19.0,En Operación
2018-07-11 10:25:00,0.0,1027.25,0.0,11.55,4.0,8661.0,1.0,19.0,En Operación
2018-07-11 10:30:00,0.0,1027.25,0.0,11.55,4.0,8662.0,1.0,19.0,En Operación
2018-07-11 10:35:00,0.0,1027.25,0.0,11.55,4.0,8663.0,1.0,19.0,En Operación
2018-07-11 10:40:00,0.0,1027.21,0.0,11.68,4.4,8664.0,1.0,19.0,En Operación
2018-07-11 10:45:00,0.0,1027.18,0.0,11.8,4.8,8665.0,1.0,19.0,En Operación
2018-07-11 10:50:00,0.0,1027.14,0.0,11.92,5.2,8666.0,1.0,19.0,En Operación
2018-07-11 10:55:00,0.0,1027.1,0.0,12.05,5.6,8667.0,1.0,19.0,En Operación
2018-07-11 11:00:00,0.0,1027.1,0.0,12.05,5.6,8668.0,1.0,19.0,En Operación
2018-07-11 11:05:00,0.0,1027.1,0.0,12.05,5.6,8669.0,1.0,19.0,En Operación
2018-07-11 11:10:00,0.0,1027.1,0.0,12.08,6.2,8670.0,1.0,19.0,En Operación
2018-07-11 11:15:00,0.0,1027.1,0.0,12.1,6.8,8671.0,1.0,19.0,En Operación
2018-07-11 11:20:00,0.0,1027.1,0.0,12.12,7.4,8672.0,1.0,19.0,En Operación
2018-07-11 11:25:00,0.0,1027.1,0.0,12.15,8.0,8673.0,1.0,19.0,En Operación
2018-07-11 11:30:00,0.0,1027.1,0.0,12.15,8.0,8674.0,1.0,19.0,En Operación
2018-07-11 11:35:00,0.0,1027.1,0.0,12.15,8.0,8675.0,1.0,19.0,En Operación
2018-07-11 11:40:00,0.0,1027.07,0.0,12.21,7.0,8676.0,1.0,19.0,En Operación
2018-07-11 11:45:00,0.0,1027.05,0.0,12.28,6.0,8677.0,1.0,19.0,En Operación
2018-07-11 11:50:00,0.0,1027.03,0.0,12.34,5.0,8678.0,1.0,19.0,En Operación
2018-07-11 11:55:00,0.0,1027.0,0.0,12.4,4.0,8679.0,1.0,19.0,En Operación
2018-07-11 12:00:00,0.0,1027.0,0.0,12.4,4.0,8680.0,1.0,19.0,En Operación
2018-07-11 12:05:00,0.0,1027.0,0.0,12.4,4.0,8681.0,1.0,19.0,En Operación
2018-07-11 12:10:00,0.0,1026.9,0.0,12.48,3.6,8682.0,1.0,19.0,En Operación
2018-07-11 12:15:00,0.0,1026.8,0.0,12.55,3.2,8683.0,1.0,19.0,En Operación
2018-07-11 12:20:00,0.0,1026.7,0.0,12.62,2.8,8684.0,1.0,19.0,En Operación
2018-07-11 12:25:00,0.0,1026.6,0.0,12.7,2.4,8685.0,1.0,19.0,En Operación
2018-07-11 12:30:00,0.0,1026.6,0.0,12.7,2.4,8686.0,1.0,19.0,En Operación
2018-07-11 12:35:00,0.0,1026.6,0.0,12.7,2.4,8687.0,1.0,19.0,En Operación
2018-07-11 12:40:00,0.0,1026.56,0.0,12.8,2.4,8688.0,1.0,19.0,En Operación
2018-07-11 12:45:00,0.0,1026.53,0.0,12.9,2.4,8689.0,1.0,19.0,En Operación
2018-07-11 12:50:00,0.0,1026.49,0.0,13.0,2.4,8690.0,1.0,19.0,En Operación
2018-07-11 12:55:00,0.0,1026.45,0.0,13.1,2.4,8691.0,1.0,19.0,En Operación
2018-07-11 13:00:00,0.0,1026.45,0.0,13.1,2.4,8692.0,1.0,19.0,En Operación
2018-07-11 13:05:00,0.0,1026.45,0.0,13.1,2.4,8693.0,1.0,19.0,En Operación
2018-07-11 13:10:00,0.0,1026.26,0.0,13.28,2.4,8694.0,1.0,19.0,En Operación
2018-07-11 13:15:00,0.0,1026.08,0.0,13.45,2.4,8695.0,1.0,19.0,En Operación
2018-07-11 13:20:00,0.0,1025.89,0.0,13.62,2.4,8696.0,1.0,19.0,En Operación
2018-07-11 13:25:00,0.0,1025.7,0.0,13.8,2.4,8697.0,1.0,19.0,En Operación
2018-07-11 13:30:00,0.0,1025.7,0.0,13.8,2.4,8698.0,1.0,19.0,En Operación
2018-07-11 13:35:00,0.0,1025.7,0.0,13.8,2.4,8699.0,1.0,19.0,En Operación
2018-07-11 13:40:00,0.0,1025.64,0.0,13.82,2.4,8700.0,1.0,19.0,En Operación
2018-07-11 13:45:00,0.0,1025.58,0.0,13.85,2.4,8701.0,1.0,19.0,En Operación
2018-07-11 13:50:00,0.0,1025.51,0.0,13.88,2.4,8702.0,1.0,19.0,En Operación
2018-07-11 13:55:00,0.0,1025.45,0.0,13.9,2.4,8703.0,1.0,19.0,En Operación
2018-07-11 14:00:00,0.0,1025.45,0.0,13.9,2.4,8704.0,1.0,19.0,En Operación
2018-07-11 14:05:00,0.0,1025.45,0.0,13.9,2.4,8705.0,1.0,19.0,En Operación
2018-07-11 14:10:00,0.0,1025.26,0.0,13.78,2.6,8706.0,1.0,19.0,En Operación
2018-07-11 14:15:00,0.0,1025.08,0.0,13.65,2.8,8707.0,1.0,19.0,En Operación
2018-07-11 14:20:00,0.0,1024.89,0.0,13.52,3.0,8708.0,1.0,19.0,En Operación
2018-07-11 14:25:00,0.0,1024.7,0.0,13.4,3.2,8709.0,1.0,19.0,En Operación
2018-07-11 14:30:00,0.0,1024.7,0.0,13.4,3.2,8710.0,1.0,19.0,En Operación
2018-07-11 14:35:00,0.0,1024.7,0.0,13.4,3.2,8711.0,1.0,19.0,En Operación
2018-07-11 14:40:00,0.0,1024.66,0.0,13.45,3.2,8712.0,1.0,19.0,En Operación
2018-07-11 14:45:00,0.0,1024.62,0.0,13.5,3.2,8713.0,1.0,19.0,En Operación
2018-07-11 14:50:00,0.0,1024.59,0.0,13.55,3.2,8714.0,1.0,19.0,En Operación
2018-07-11 14:55:00,0.0,1024.55,0.0,13.6,3.2,8715.0,1.0,19.0,En Operación
2018-07-11 15:00:00,0.0,1024.55,0.0,13.6,3.2,8716.0,1.0,19.0,En Operación
2018-07-11 15:05:00,0.0,1024.55,0.0,13.6,3.2,8717.0,1.0,19.0,En Operación
2018-07-11 15:10:00,0.0,1024.41,0.0,13.7,4.0,8718.0,1.0,19.0,En Operación
2018-07-11 15:15:00,0.0,1024.28,0.0,13.8,4.8,8719.0,1.0,19.0,En Operación
2018-07-11 15:20:00,0.0,1024.14,0.0,13.9,5.6,8720.0,1.0,19.0,En Operación
2018-07-11 15:25:00,0.0,1024.0,0.0,14.0,6.4,8721.0,1.0,19.0,En Operación
2018-07-11 15:30:00,0.0,1024.0,0.0,14.0,6.4,8722.0,1.0,19.0,En Operación
2018-07-11 15:35:00,0.0,1024.0,0.0,14.0,6.4,8723.0,1.0,19.0,En Operación
2018-07-11 15:40:00,0.0,1023.92,0.0,14.01,5.6,8724.0,1.0,19.0,En Operación
2018-07-11 15:45:00,0.0,1023.85,0.0,14.02,4.8,8725.0,1.0,19.0,En Operación
2018-07-11 15:50:00,0.0,1023.78,0.0,14.04,4.0,8726.0,1.0,19.0,En Operación
2018-07-11 15:55:00,0.0,1023.7,0.0,14.05,3.2,8727.0,1.0,19.0,En Operación
2018-07-11 16:00:00,0.0,1023.7,0.0,14.05,3.2,8728.0,1.0,19.0,En Operación
2018-07-11 16:05:00,0.0,1023.7,0.0,14.05,3.2,8729.0,1.0,19.0,En Operación
2018-07-11 16:10:00,0.0,1023.38,0.0,14.16,4.0,8730.0,1.0,19.0,En Operación
2018-07-11 16:15:00,0.0,1023.05,0.0,14.28,4.8,8731.0,1.0,19.0,En Operación
2018-07-11 16:20:00,0.0,1022.72,0.0,14.39,5.6,8732.0,1.0,19.0,En Operación
2018-07-11 16:25:00,0.0,1022.4,0.0,14.5,6.4,8733.0,1.0,19.0,En Operación
2018-07-11 16:30:00,0.0,1022.4,0.0,14.5,6.4,8734.0,1.0,19.0,En Operación
2018-07-11 16:35:00,0.0,1022.4,0.0,14.5,6.4,8735.0,1.0,19.0,En Operación
2018-07-11 16:40:00,0.0,1022.56,0.0,14.45,5.6,8736.0,1.0,19.0,En Operación
2018-07-11 16:45:00,0.0,1022.72,0.0,14.4,4.8,8737.0,1.0,19.0,En Operación
2018-07-11 16:50:00,0.0,1022.89,0.0,14.35,4.0,8738.0,1.0,19.0,En Operación
2018-07-11 16:55:00,0.0,1023.05,0.0,14.3,3.2,8739.0,1.0,19.0,En Operación
2018-07-11 17:00:00,0.0,1023.05,0.0,14.3,3.2,8740.0,1.0,19.0,En Operación
2018-07-11 17:05:00,0.0,1023.05,0.0,14.3,3.2,8741.0,1.0,19.0,En Operación
2018-07-11 17:10:00,0.0,1022.97,0.0,14.12,3.61,8742.0,1.0,19.0,En Operación
2018-07-11 17:15:00,0.0,1022.9,0.0,13.95,4.03,8743.0,1.0,19.0,En Operación
2018-07-11 17:20:00,0.0,1022.82,0.0,13.78,4.44,8744.0,1.0,19.0,En Operación
2018-07-11 17:25:00,0.0,1022.75,0.0,13.6,4.85,8745.0,1.0,19.0,En Operación
2018-07-11 17:30:00,0.0,1022.75,0.0,13.6,4.85,8746.0,1.0,19.0,En Operación
2018-07-11 17:35:00,0.0,1022.75,0.0,13.6,4.85,8747.0,1.0,19.0,En Operación
2018-07-11 17:40:00,0.0,1022.74,0.0,13.54,4.85,8748.0,1.0,19.0,En Operación
2018-07-11 17:45:00,0.0,1022.72,0.0,13.48,4.85,8749.0,1.0,19.0,En Operación
2018-07-11 17:50:00,0.0,1022.71,0.0,13.41,4.85,8750.0,1.0,19.0,En Operación
2018-07-11 17:55:00,0.0,1022.7,0.0,13.35,4.85,8751.0,1.0,19.0,En Operación
2018-07-11 18:00:00,0.0,1022.7,0.0,13.35,4.85,8752.0,1.0,19.0,En Operación
2018-07-11 18:05:00,0.0,1022.7,0.0,13.35,4.85,8753.0,1.0,19.0,En Operación
2018-07-11 18:10:00,0.0,1022.69,0.0,13.16,4.85,8754.0,1.0,19.0,En Operación
2018-07-11 18:15:00,0.0,1022.68,0.0,12.98,4.85,8755.0,1.0,19.0,En Operación
2018-07-11 18:20:00,0.0,1022.66,0.0,12.79,4.85,8756.0,1.0,19.0,En Operación
2018-07-11 18:25:00,0.0,1022.65,0.0,12.6,4.85,8757.0,1.0,19.0,En Operación
2018-07-11 18:30:00,0.0,1022.65,0.0,12.6,4.85,8758.0,1.0,19.0,En Operación
2018-07-11 18:35:00,0.0,1022.65,0.0,12.6,4.85,8759.0,1.0,19.0,En Operación
2018-07-11 18:40:00,0.0,1022.65,0.0,12.59,4.85,8760.0,1.0,19.0,En Operación
2018-07-11 18:45:00,0.0,1022.65,0.0,12.58,4.85,8761.0,1.0,19.0,En Operación
2018-07-11 18:50:00,0.0,1022.65,0.0,12.56,4.85,8762.0,1.0,19.0,En Operación
2018-07-11 18:55:00,0.0,1022.65,0.0,12.55,4.85,8763.0,1.0,19.0,En Operación
2018-07-11 19:00:00,0.0,1022.65,0.0,12.55,4.85,8764.0,1.0,19.0,En Operación
2018-07-11 19:05:00,0.0,1022.65,0.0,12.55,4.85,8765.0,1.0,19.0,En Operación
2018-07-11 19:10:00,0.0,1022.66,0.0,12.56,4.64,8766.0,1.0,19.0,En Operación
2018-07-11 19:15:00,0.0,1022.68,0.0,12.58,4.42,8767.0,1.0,19.0,En Operación
2018-07-11 19:20:00,0.0,1022.69,0.0,12.59,4.21,8768.0,1.0,19.0,En Operación
2018-07-11 19:25:00,0.0,1022.7,0.0,12.6,4.0,8769.0,1.0,19.0,En Operación
2018-07-11 19:30:00,0.0,1022.7,0.0,12.6,4.0,8770.0,1.0,19.0,En Operación
2018-07-11 19:35:00,0.0,1022.7,0.0,12.6,4.0,8771.0,1.0,19.0,En Operación
2018-07-11 19:40:00,0.0,1022.7,0.0,12.6,4.0,8772.0,1.0,19.0,En Operación
2018-07-11 19:45:00,0.0,1022.7,0.0,12.6,4.0,8773.0,1.0,19.0,En Operación
2018-07-11 19:50:00,0.0,1022.7,0.0,12.6,4.0,8774.0,1.0,19.0,En Operación
2018-07-11 19:55:00,0.0,1022.7,0.0,12.6,4.0,8775.0,1.0,19.0,En Operación
2018-07-11 20:00:00,0.0,1022.7,0.0,12.6,4.0,8776.0,1.0,19.0,En Operación
2018-07-11 20:05:00,0.0,1022.7,0.0,12.6,4.0,8777.0,1.0,19.0,En Operación
2018-07-11 20:10:00,0.0,1022.72,0.0,12.51,3.6,8778.0,1.0,19.0,En Operación
2018-07-11 20:15:00,0.0,1022.75,0.0,12.42,3.2,8779.0,1.0,19.0,En Operación
2018-07-11 20:20:00,0.0,1022.78,0.0,12.34,2.8,8780.0,1.0,19.0,En Operación
2018-07-11 20:25:00,0.0,1022.8,0.0,12.25,2.4,8781.0,1.0,19.0,En Operación
2018-07-11 20:30:00,0.0,1022.8,0.0,12.25,2.4,8782.0,1.0,19.0,En Operación
2018-07-11 20:35:00,0.0,1022.8,0.0,12.25,2.4,8783.0,1.0,19.0,En Operación
2018-07-11 20:40:00,0.0,1022.82,0.0,12.24,2.4,8784.0,1.0,19.0,En Operación
2018-07-11 20:45:00,0.0,1022.85,0.0,12.22,2.4,8785.0,1.0,19.0,En Operación
2018-07-11 20:50:00,0.0,1022.88,0.0,12.21,2.4,8786.0,1.0,19.0,En Operación
2018-07-11 20:55:00,0.0,1022.9,0.0,12.2,2.4,8787.0,1.0,19.0,En Operación
2018-07-11 21:00:00,0.0,1022.9,0.0,12.2,2.4,8788.0,1.0,19.0,En Operación
2018-07-11 21:05:00,0.0,1022.9,0.0,12.2,2.4,8789.0,1.0,19.0,En Operación
2018-07-11 21:10:00,0.0,1022.9,0.0,12.11,2.6,8790.0,1.0,19.0,En Operación
2018-07-11 21:15:00,0.0,1022.9,0.0,12.02,2.8,8791.0,1.0,19.0,En Operación
2018-07-11 21:20:00,0.0,1022.9,0.0,11.94,3.0,8792.0,1.0,19.0,En Operación
2018-07-11 21:25:00,0.0,1022.9,0.0,11.85,3.2,8793.0,1.0,19.0,En Operación
2018-07-11 21:30:00,0.0,1022.9,0.0,11.85,3.2,8794.0,1.0,19.0,En Operación
2018-07-11 21:35:00,0.0,1022.9,0.0,11.85,3.2,8795.0,1.0,19.0,En Operación
2018-07-11 21:40:00,0.0,1022.89,0.0,11.8,3.2,8796.0,1.0,19.0,En Operación
2018-07-11 21:45:00,0.0,1022.88,0.0,11.75,3.2,8797.0,1.0,19.0,En Operación
2018-07-11 21:50:00,0.0,1022.86,0.0,11.7,3.2,8798.0,1.0,19.0,En Operación
2018-07-11 21:55:00,0.0,1022.85,0.0,11.65,3.2,8799.0,1.0,19.0,En Operación
2018-07-11 22:00:00,0.0,1022.85,0.0,11.65,3.2,8800.0,1.0,19.0,En Operación
2018-07-11 22:05:00,0.0,1022.85,0.0,11.65,3.2,8801.0,1.0,19.0,En Operación
2018-07-11 22:10:00,0.0,1022.79,0.0,11.59,3.2,8802.0,1.0,19.0,En Operación
2018-07-11 22:15:00,0.0,1022.72,0.0,11.52,3.2,8803.0,1.0,19.0,En Operación
2018-07-11 22:20:00,0.0,1022.66,0.0,11.46,3.2,8804.0,1.0,19.0,En Operación
2018-07-11 22:25:00,0.0,1022.6,0.0,11.4,3.2,8805.0,1.0,19.0,En Operación
2018-07-11 22:30:00,0.0,1022.6,0.0,11.4,3.2,8806.0,1.0,19.0,En Operación
2018-07-11 22:35:00,0.0,1022.6,0.0,11.4,3.2,8807.0,1.0,19.0,En Operación
2018-07-11 22:40:00,0.0,1022.61,0.0,11.4,4.0,8808.0,1.0,19.0,En Operación
2018-07-11 22:45:00,0.0,1022.62,0.0,11.4,4.8,8809.0,1.0,19.0,En Operación
2018-07-11 22:50:00,0.0,1022.64,0.0,11.4,5.6,8810.0,1.0,19.0,En Operación
2018-07-11 22:55:00,0.0,1022.65,0.0,11.4,6.4,8811.0,1.0,19.0,En Operación
2018-07-11 23:00:00,0.0,1022.65,0.0,11.4,6.4,8812.0,1.0,19.0,En Operación
2018-07-11 23:05:00,0.0,1022.65,0.0,11.4,6.4,8813.0,1.0,19.0,En Operación
2018-07-11 23:10:00,0.0,1022.68,0.0,11.5,6.4,8814.0,1.0,19.0,En Operación
2018-07-11 23:15:00,0.0,1022.7,0.0,11.6,6.4,8815.0,1.0,19.0,En Operación
2018-07-11 23:20:00,0.0,1022.72,0.0,11.7,6.4,8816.0,1.0,19.0,En Operación
2018-07-11 23:25:00,0.0,1022.75,0.0,11.8,6.4,8817.0,1.0,19.0,En Operación
2018-07-11 23:30:00,0.0,1022.75,0.0,11.8,6.4,8818.0,1.0,19.0,En Operación
2018-07-11 23:35:00,0.0,1022.75,0.0,11.8,6.4,8819.0,1.0,19.0,En Operación
2018-07-11 23:40:00,0.0,1022.76,0.0,11.79,6.2,8820.0,1.0,19.0,En Operación
2018-07-11 23:45:00,0.0,1022.78,0.0,11.78,6.0,8821.0,1.0,19.0,En Operación
2018-07-11 23:50:00,0.0,1022.79,0.0,11.76,5.8,8822.0,1.0,19.0,En Operación
2018-07-11 23:55:00,0.0,1022.8,0.0,11.75,5.6,8823.0,1.0,19.0,En Operación
2018-07-12 00:00:00,0.0,1022.8,0.0,11.75,5.6,8824.0,1.0,19.0,En Operación
2018-07-12 00:05:00,0.0,1022.8,0.0,11.75,5.6,8825.0,1.0,19.0,En Operación
2018-07-12 00:10:00,0.0,1022.85,0.0,11.72,6.41,8826.0,1.0,19.0,En Operación
2018-07-12 00:15:00,0.0,1022.9,0.0,11.7,7.22,8827.0,1.0,19.0,En Operación
2018-07-12 00:20:00,0.0,1022.95,0.0,11.68,8.04,8828.0,1.0,19.0,En Operación
2018-07-12 00:25:00,0.0,1023.0,0.0,11.65,8.85,8829.0,1.0,19.0,En Operación
2018-07-12 00:30:00,0.0,1023.0,0.0,11.65,8.85,8830.0,1.0,19.0,En Operación
2018-07-12 00:35:00,0.0,1023.0,0.0,11.65,8.85,8831.0,1.0,19.0,En Operación
2018-07-12 00:40:00,0.0,1022.99,0.0,11.65,8.05,8832.0,1.0,19.0,En Operación
2018-07-12 00:45:00,0.0,1022.98,0.0,11.65,7.25,8833.0,1.0,19.0,En Operación
2018-07-12 00:50:00,0.0,1022.96,0.0,11.65,6.45,8834.0,1.0,19.0,En Operación
2018-07-12 00:55:00,0.0,1022.95,0.0,11.65,5.65,8835.0,1.0,19.0,En Operación
2018-07-12 01:00:00,0.0,1022.95,0.0,11.65,5.65,8836.0,1.0,19.0,En Operación
2018-07-12 01:05:00,0.0,1022.95,0.0,11.65,5.65,8837.0,1.0,19.0,En Operación
2018-07-12 01:10:00,0.0,1022.84,0.0,11.58,6.45,8838.0,1.0,19.0,En Operación
2018-07-12 01:15:00,0.0,1022.72,0.0,11.5,7.25,8839.0,1.0,19.0,En Operación
2018-07-12 01:20:00,0.0,1022.61,0.0,11.42,8.05,8840.0,1.0,19.0,En Operación
2018-07-12 01:25:00,0.0,1022.5,0.0,11.35,8.85,8841.0,1.0,19.0,En Operación
2018-07-12 01:30:00,0.0,1022.5,0.0,11.35,8.85,8842.0,1.0,19.0,En Operación
2018-07-12 01:35:00,0.0,1022.5,0.0,11.35,8.85,8843.0,1.0,19.0,En Operación
2018-07-12 01:40:00,0.0,1022.46,0.0,11.35,8.44,8844.0,1.0,19.0,En Operación
2018-07-12 01:45:00,0.0,1022.42,0.0,11.35,8.02,8845.0,1.0,19.0,En Operación
2018-07-12 01:50:00,0.0,1022.39,0.0,11.35,7.61,8846.0,1.0,19.0,En Operación
2018-07-12 01:55:00,0.0,1022.35,0.0,11.35,7.2,8847.0,1.0,19.0,En Operación
2018-07-12 02:00:00,0.0,1022.35,0.0,11.35,7.2,8848.0,1.0,19.0,En Operación
2018-07-12 02:05:00,0.0,1022.35,0.0,11.35,7.2,8849.0,1.0,19.0,En Operación
2018-07-12 02:10:00,0.0,1022.2,0.0,11.34,8.41,8850.0,1.0,19.0,En Operación
2018-07-12 02:15:00,0.0,1022.05,0.0,11.32,9.62,8851.0,1.0,19.0,En Operación
2018-07-12 02:20:00,0.0,1021.9,0.0,11.31,10.84,8852.0,1.0,19.0,En Operación
2018-07-12 02:25:00,0.0,1021.75,0.0,11.3,12.05,8853.0,1.0,19.0,En Operación
2018-07-12 02:30:00,0.0,1021.75,0.0,11.3,12.05,8854.0,1.0,19.0,En Operación
2018-07-12 02:35:00,0.0,1021.75,0.0,11.3,12.05,8855.0,1.0,19.0,En Operación
2018-07-12 02:40:00,0.0,1021.74,0.0,11.28,10.04,8856.0,1.0,19.0,En Operación
2018-07-12 02:45:00,0.0,1021.72,0.0,11.25,8.02,8857.0,1.0,19.0,En Operación
2018-07-12 02:50:00,0.0,1021.71,0.0,11.22,6.01,8858.0,1.0,19.0,En Operación
2018-07-12 02:55:00,0.0,1021.7,0.0,11.2,4.0,8859.0,1.0,19.0,En Operación
2018-07-12 03:00:00,0.0,1021.7,0.0,11.2,4.0,8860.0,1.0,19.0,En Operación
2018-07-12 03:05:00,0.0,1021.7,0.0,11.2,4.0,8861.0,1.0,19.0,En Operación
2018-07-12 03:10:00,0.0,1021.51,0.0,11.14,6.02,8862.0,1.0,19.0,En Operación
2018-07-12 03:15:00,0.0,1021.32,0.0,11.08,8.05,8863.0,1.0,19.0,En Operación
2018-07-12 03:20:00,0.0,1021.14,0.0,11.01,10.07,8864.0,1.0,19.0,En Operación
2018-07-12 03:25:00,0.0,1020.95,0.0,10.95,12.1,8865.0,1.0,19.0,En Operación
2018-07-12 03:30:00,0.0,1020.95,0.0,10.95,12.1,8866.0,1.0,19.0,En Operación
2018-07-12 03:35:00,0.0,1020.95,0.0,10.95,12.1,8867.0,1.0,19.0,En Operación
2018-07-12 03:40:00,0.0,1020.94,0.0,10.94,10.69,8868.0,1.0,19.0,En Operación
2018-07-12 03:45:00,0.0,1020.92,0.0,10.92,9.28,8869.0,1.0,19.0,En Operación
2018-07-12 03:50:00,0.0,1020.91,0.0,10.91,7.86,8870.0,1.0,19.0,En Operación
2018-07-12 03:55:00,0.0,1020.9,0.0,10.9,6.45,8871.0,1.0,19.0,En Operación
2018-07-12 04:00:00,0.0,1020.9,0.0,10.9,6.45,8872.0,1.0,19.0,En Operación
2018-07-12 04:05:00,0.0,1020.9,0.0,10.9,6.45,8873.0,1.0,19.0,En Operación
2018-07-12 04:10:00,0.0,1020.79,0.0,10.84,6.45,8874.0,1.0,19.0,En Operación
2018-07-12 04:15:00,0.0,1020.68,0.0,10.78,6.45,8875.0,1.0,19.0,En Operación
2018-07-12 04:20:00,0.0,1020.56,0.0,10.71,6.45,8876.0,1.0,19.0,En Operación
2018-07-12 04:25:00,0.0,1020.45,0.0,10.65,6.45,8877.0,1.0,19.0,En Operación
2018-07-12 04:30:00,0.0,1020.45,0.0,10.65,6.45,8878.0,1.0,19.0,En Operación
2018-07-12 04:35:00,0.0,1020.45,0.0,10.65,6.45,8879.0,1.0,19.0,En Operación
2018-07-12 04:40:00,0.0,1020.4,0.0,10.65,7.86,8880.0,1.0,19.0,En Operación
2018-07-12 04:45:00,0.0,1020.35,0.0,10.65,9.28,8881.0,1.0,19.0,En Operación
2018-07-12 04:50:00,0.0,1020.3,0.0,10.65,10.69,8882.0,1.0,19.0,En Operación
2018-07-12 04:55:00,0.0,1020.25,0.0,10.65,12.1,8883.0,1.0,19.0,En Operación
2018-07-12 05:00:00,0.0,1020.25,0.0,10.65,12.1,8884.0,1.0,19.0,En Operación
2018-07-12 05:05:00,0.0,1020.25,0.0,10.65,12.1,8885.0,1.0,19.0,En Operación
2018-07-12 05:10:00,0.0,1020.15,0.0,10.65,12.1,8886.0,1.0,19.0,En Operación
2018-07-12 05:15:00,0.0,1020.05,0.0,10.65,12.1,8887.0,1.0,19.0,En Operación
2018-07-12 05:20:00,0.0,1019.95,0.0,10.65,12.1,8888.0,1.0,19.0,En Operación
2018-07-12 05:25:00,0.0,1019.85,0.0,10.65,12.1,8889.0,1.0,19.0,En Operación
2018-07-12 05:30:00,0.0,1019.85,0.0,10.65,12.1,8890.0,1.0,19.0,En Operación
2018-07-12 05:35:00,0.0,1019.85,0.0,10.65,12.1,8891.0,1.0,19.0,En Operación
2018-07-12 05:40:00,0.0,1019.85,0.0,10.66,12.9,8892.0,1.0,19.0,En Operación
2018-07-12 05:45:00,0.0,1019.85,0.0,10.68,13.7,8893.0,1.0,19.0,En Operación
2018-07-12 05:50:00,0.0,1019.85,0.0,10.69,14.5,8894.0,1.0,19.0,En Operación
2018-07-12 05:55:00,0.0,1019.85,0.0,10.7,15.3,8895.0,1.0,19.0,En Operación
2018-07-12 06:00:00,0.0,1019.85,0.0,10.7,15.3,8896.0,1.0,19.0,En Operación
2018-07-12 06:05:00,0.0,1019.85,0.0,10.7,15.3,8897.0,1.0,19.0,En Operación
2018-07-12 06:10:00,0.0,1019.84,0.0,10.68,15.1,8898.0,1.0,19.0,En Operación
2018-07-12 06:15:00,0.0,1019.82,0.0,10.65,14.9,8899.0,1.0,19.0,En Operación
2018-07-12 06:20:00,0.0,1019.81,0.0,10.62,14.7,8900.0,1.0,19.0,En Operación
2018-07-12 06:25:00,0.0,1019.8,0.0,10.6,14.5,8901.0,1.0,19.0,En Operación
2018-07-12 06:30:00,0.0,1019.8,0.0,10.6,14.5,8902.0,1.0,19.0,En Operación
2018-07-12 06:35:00,0.0,1019.8,0.0,10.6,14.5,8903.0,1.0,19.0,En Operación
2018-07-12 06:40:00,0.0,1019.82,0.0,10.59,12.49,8904.0,1.0,19.0,En Operación
2018-07-12 06:45:00,0.0,1019.85,0.0,10.58,10.48,8905.0,1.0,19.0,En Operación
2018-07-12 06:50:00,0.0,1019.88,0.0,10.56,8.46,8906.0,1.0,19.0,En Operación
2018-07-12 06:55:00,0.0,1019.9,0.0,10.55,6.45,8907.0,1.0,19.0,En Operación
2018-07-12 07:00:00,0.0,1019.9,0.0,10.55,6.45,8908.0,1.0,19.0,En Operación
2018-07-12 07:05:00,0.0,1019.9,0.0,10.55,6.45,8909.0,1.0,19.0,En Operación
2018-07-12 07:10:00,0.0,1019.98,0.0,10.52,6.65,8910.0,1.0,19.0,En Operación
2018-07-12 07:15:00,0.0,1020.05,0.0,10.5,6.85,8911.0,1.0,19.0,En Operación
2018-07-12 07:20:00,0.0,1020.12,0.0,10.48,7.05,8912.0,1.0,19.0,En Operación
2018-07-12 07:25:00,0.0,1020.2,0.0,10.45,7.25,8913.0,1.0,19.0,En Operación
2018-07-12 07:30:00,0.0,1020.2,0.0,10.45,7.25,8914.0,1.0,19.0,En Operación
2018-07-12 07:35:00,0.0,1020.2,0.0,10.45,7.25,8915.0,1.0,19.0,En Operación
2018-07-12 07:40:00,0.0,1020.09,0.0,10.41,7.65,8916.0,1.0,19.0,En Operación
2018-07-12 07:45:00,0.0,1019.98,0.0,10.38,8.05,8917.0,1.0,19.0,En Operación
2018-07-12 07:50:00,0.0,1019.86,0.0,10.34,8.45,8918.0,1.0,19.0,En Operación
2018-07-12 07:55:00,0.0,1019.75,0.0,10.3,8.85,8919.0,1.0,19.0,En Operación
2018-07-12 08:00:00,0.0,1019.75,0.0,10.3,8.85,8920.0,1.0,19.0,En Operación
2018-07-12 08:05:00,0.0,1019.75,0.0,10.3,8.85,8921.0,1.0,19.0,En Operación
2018-07-12 08:10:00,0.0,1019.7,0.0,10.23,8.45,8922.0,1.0,19.0,En Operación
2018-07-12 08:15:00,0.0,1019.65,0.0,10.15,8.05,8923.0,1.0,19.0,En Operación
2018-07-12 08:20:00,0.0,1019.6,0.0,10.07,7.65,8924.0,1.0,19.0,En Operación
2018-07-12 08:25:00,0.0,1019.55,0.0,10.0,7.25,8925.0,1.0,19.0,En Operación
2018-07-12 08:30:00,0.0,1019.55,0.0,10.0,7.25,8926.0,1.0,19.0,En Operación
2018-07-12 08:35:00,0.0,1019.55,0.0,10.0,7.25,8927.0,1.0,19.0,En Operación
2018-07-12 08:40:00,0.0,1019.58,0.0,10.02,8.05,8928.0,1.0,19.0,En Operación
2018-07-12 08:45:00,0.0,1019.6,0.0,10.05,8.85,8929.0,1.0,19.0,En Operación
2018-07-12 08:50:00,0.0,1019.62,0.0,10.07,9.65,8930.0,1.0,19.0,En Operación
2018-07-12 08:55:00,0.0,1019.65,0.0,10.1,10.45,8931.0,1.0,19.0,En Operación
2018-07-12 09:00:00,0.0,1019.65,0.0,10.1,10.45,8932.0,1.0,19.0,En Operación
2018-07-12 09:05:00,0.0,1019.65,0.0,10.1,10.45,8933.0,1.0,19.0,En Operación
2018-07-12 09:10:00,0.0,1019.68,0.0,10.18,9.05,8934.0,1.0,19.0,En Operación
2018-07-12 09:15:00,0.0,1019.7,0.0,10.25,7.65,8935.0,1.0,19.0,En Operación
2018-07-12 09:20:00,0.0,1019.72,0.0,10.32,6.25,8936.0,1.0,19.0,En Operación
2018-07-12 09:25:00,0.0,1019.75,0.0,10.4,4.85,8937.0,1.0,19.0,En Operación
2018-07-12 09:30:00,0.0,1019.75,0.0,10.4,4.85,8938.0,1.0,19.0,En Operación
2018-07-12 09:35:00,0.0,1019.75,0.0,10.4,4.85,8939.0,1.0,19.0,En Operación
2018-07-12 09:40:00,0.02,1019.72,0.0,10.58,5.05,8940.0,1.0,19.0,En Operación
2018-07-12 09:45:00,0.05,1019.7,0.0,10.75,5.25,8941.0,1.0,19.0,En Operación
2018-07-12 09:50:00,0.08,1019.68,0.0,10.92,5.45,8942.0,1.0,19.0,En Operación
2018-07-12 09:55:00,0.1,1019.65,0.0,11.1,5.65,8943.0,1.0,19.0,En Operación
2018-07-12 10:00:00,0.1,1019.65,0.0,11.1,5.65,8944.0,1.0,19.0,En Operación
2018-07-12 10:05:00,0.1,1019.65,0.0,11.1,5.65,8945.0,1.0,19.0,En Operación
2018-07-12 10:10:00,0.1,1019.56,0.0,11.3,6.05,8946.0,1.0,19.0,En Operación
2018-07-12 10:15:00,0.1,1019.47,0.0,11.5,6.45,8947.0,1.0,19.0,En Operación
2018-07-12 10:20:00,0.1,1019.39,0.0,11.7,6.85,8948.0,1.0,19.0,En Operación
2018-07-12 10:25:00,0.1,1019.3,0.0,11.9,7.25,8949.0,1.0,19.0,En Operación
2018-07-12 10:30:00,0.1,1019.3,0.0,11.9,7.25,8950.0,1.0,19.0,En Operación
2018-07-12 10:35:00,0.1,1019.3,0.0,11.9,7.25,8951.0,1.0,19.0,En Operación
2018-07-12 10:40:00,0.1,1019.2,0.0,12.04,8.65,8952.0,1.0,19.0,En Operación
2018-07-12 10:45:00,0.1,1019.1,0.0,12.18,10.05,8953.0,1.0,19.0,En Operación
2018-07-12 10:50:00,0.1,1019.0,0.0,12.31,11.45,8954.0,1.0,19.0,En Operación
2018-07-12 10:55:00,0.1,1018.9,0.0,12.45,12.85,8955.0,1.0,19.0,En Operación
2018-07-12 11:00:00,0.1,1018.9,0.0,12.45,12.85,8956.0,1.0,19.0,En Operación
2018-07-12 11:05:00,0.1,1018.9,0.0,12.45,12.85,8957.0,1.0,19.0,En Operación
2018-07-12 11:10:00,0.1,1018.94,0.0,12.62,11.45,8958.0,1.0,19.0,En Operación
2018-07-12 11:15:00,0.1,1018.97,0.0,12.8,10.05,8959.0,1.0,19.0,En Operación
2018-07-12 11:20:00,0.1,1019.01,0.0,12.98,8.65,8960.0,1.0,19.0,En Operación
2018-07-12 11:25:00,0.1,1019.05,0.0,13.15,7.25,8961.0,1.0,19.0,En Operación
2018-07-12 11:30:00,0.1,1019.05,0.0,13.15,7.25,8962.0,1.0,19.0,En Operación
2018-07-12 11:35:00,0.1,1019.05,0.0,13.15,7.25,8963.0,1.0,19.0,En Operación
2018-07-12 11:40:00,0.1,1018.97,0.0,13.32,8.46,8964.0,1.0,19.0,En Operación
2018-07-12 11:45:00,0.1,1018.9,0.0,13.5,9.68,8965.0,1.0,19.0,En Operación
2018-07-12 11:50:00,0.1,1018.82,0.0,13.68,10.89,8966.0,1.0,19.0,En Operación
2018-07-12 11:55:00,0.1,1018.75,0.0,13.85,12.1,8967.0,1.0,19.0,En Operación
2018-07-12 12:00:00,0.1,1018.75,0.0,13.85,12.1,8968.0,1.0,19.0,En Operación
2018-07-12 12:05:00,0.1,1018.75,0.0,13.85,12.1,8969.0,1.0,19.0,En Operación
2018-07-12 12:10:00,0.1,1018.62,0.0,14.2,12.1,8970.0,1.0,19.0,En Operación
2018-07-12 12:15:00,0.1,1018.5,0.0,14.55,12.1,8971.0,1.0,19.0,En Operación
2018-07-12 12:20:00,0.1,1018.38,0.0,14.9,12.1,8972.0,1.0,19.0,En Operación
2018-07-12 12:25:00,0.1,1018.25,0.0,15.25,12.1,8973.0,1.0,19.0,En Operación
2018-07-12 12:30:00,0.1,1018.25,0.0,15.25,12.1,8974.0,1.0,19.0,En Operación
2018-07-12 12:35:00,0.1,1018.25,0.0,15.25,12.1,8975.0,1.0,19.0,En Operación
2018-07-12 12:40:00,0.1,1018.18,0.0,15.26,11.5,8976.0,1.0,19.0,En Operación
2018-07-12 12:45:00,0.1,1018.1,0.0,15.28,10.9,8977.0,1.0,19.0,En Operación
2018-07-12 12:50:00,0.1,1018.03,0.0,15.29,10.3,8978.0,1.0,19.0,En Operación
2018-07-12 12:55:00,0.1,1017.95,0.0,15.3,9.7,8979.0,1.0,19.0,En Operación
2018-07-12 13:00:00,0.1,1017.95,0.0,15.3,9.7,8980.0,1.0,19.0,En Operación
2018-07-12 13:05:00,0.1,1017.95,0.0,15.3,9.7,8981.0,1.0,19.0,En Operación
2018-07-12 13:10:00,0.1,1017.71,0.0,15.34,9.49,8982.0,1.0,19.0,En Operación
2018-07-12 13:15:00,0.1,1017.48,0.0,15.38,9.27,8983.0,1.0,19.0,En Operación
2018-07-12 13:20:00,0.1,1017.24,0.0,15.41,9.06,8984.0,1.0,19.0,En Operación
2018-07-12 13:25:00,0.1,1017.0,0.0,15.45,8.85,8985.0,1.0,19.0,En Operación
2018-07-12 13:30:00,0.1,1017.0,0.0,15.45,8.85,8986.0,1.0,19.0,En Operación
2018-07-12 13:35:00,0.1,1017.0,0.0,15.45,8.85,8987.0,1.0,19.0,En Operación
2018-07-12 13:40:00,0.1,1016.99,0.0,15.45,7.85,8988.0,1.0,19.0,En Operación
2018-07-12 13:45:00,0.1,1016.98,0.0,15.45,6.85,8989.0,1.0,19.0,En Operación
2018-07-12 13:50:00,0.1,1016.96,0.0,15.45,5.85,8990.0,1.0,19.0,En Operación
2018-07-12 13:55:00,0.1,1016.95,0.0,15.45,4.85,8991.0,1.0,19.0,En Operación
2018-07-12 14:00:00,0.1,1016.95,0.0,15.45,4.85,8992.0,1.0,19.0,En Operación
2018-07-12 14:05:00,0.1,1016.95,0.0,15.45,4.85,8993.0,1.0,19.0,En Operación
2018-07-12 14:10:00,0.1,1016.79,0.0,15.51,4.85,8994.0,1.0,19.0,En Operación
2018-07-12 14:15:00,0.1,1016.62,0.0,15.58,4.85,8995.0,1.0,19.0,En Operación
2018-07-12 14:20:00,0.1,1016.46,0.0,15.64,4.85,8996.0,1.0,19.0,En Operación
2018-07-12 14:25:00,0.1,1016.3,0.0,15.7,4.85,8997.0,1.0,19.0,En Operación
2018-07-12 14:30:00,0.1,1016.3,0.0,15.7,4.85,8998.0,1.0,19.0,En Operación
2018-07-12 14:35:00,0.1,1016.3,0.0,15.7,4.85,8999.0,1.0,19.0,En Operación
2018-07-12 14:40:00,0.1,1016.32,0.0,15.72,5.85,9000.0,1.0,19.0,En Operación
2018-07-12 14:45:00,0.1,1016.35,0.0,15.75,6.85,9001.0,1.0,19.0,En Operación
2018-07-12 14:50:00,0.1,1016.38,0.0,15.78,7.85,9002.0,1.0,19.0,En Operación
2018-07-12 14:55:00,0.1,1016.4,0.0,15.8,8.85,9003.0,1.0,19.0,En Operación
2018-07-12 15:00:00,0.1,1016.4,0.0,15.8,8.85,9004.0,1.0,19.0,En Operación
2018-07-12 15:05:00,0.1,1016.4,0.0,15.8,8.85,9005.0,1.0,19.0,En Operación
2018-07-12 15:10:00,0.1,1016.3,0.0,15.74,7.64,9006.0,1.0,19.0,En Operación
2018-07-12 15:15:00,0.1,1016.2,0.0,15.68,6.42,9007.0,1.0,19.0,En Operación
2018-07-12 15:20:00,0.1,1016.1,0.0,15.61,5.21,9008.0,1.0,19.0,En Operación
2018-07-12 15:25:00,0.1,1016.0,0.0,15.55,4.0,9009.0,1.0,19.0,En Operación
2018-07-12 15:30:00,0.1,1016.0,0.0,15.55,4.0,9010.0,1.0,19.0,En Operación
2018-07-12 15:35:00,0.1,1016.0,0.0,15.55,4.0,9011.0,1.0,19.0,En Operación
2018-07-12 15:40:00,0.1,1015.99,0.0,15.59,4.0,9012.0,1.0,19.0,En Operación
2018-07-12 15:45:00,0.1,1015.98,0.0,15.62,4.0,9013.0,1.0,19.0,En Operación
2018-07-12 15:50:00,0.1,1015.96,0.0,15.66,4.0,9014.0,1.0,19.0,En Operación
2018-07-12 15:55:00,0.1,1015.95,0.0,15.7,4.0,9015.0,1.0,19.0,En Operación
2018-07-12 16:00:00,0.1,1015.95,0.0,15.7,4.0,9016.0,1.0,19.0,En Operación
2018-07-12 16:05:00,0.1,1015.95,0.0,15.7,4.0,9017.0,1.0,19.0,En Operación
2018-07-12 16:10:00,0.1,1015.94,0.0,15.79,4.0,9018.0,1.0,19.0,En Operación
2018-07-12 16:15:00,0.1,1015.92,0.0,15.88,4.0,9019.0,1.0,19.0,En Operación
2018-07-12 16:20:00,0.1,1015.91,0.0,15.96,4.0,9020.0,1.0,19.0,En Operación
2018-07-12 16:25:00,0.1,1015.9,0.0,16.05,4.0,9021.0,1.0,19.0,En Operación
2018-07-12 16:30:00,0.1,1015.9,0.0,16.05,4.0,9022.0,1.0,19.0,En Operación
2018-07-12 16:35:00,0.1,1015.9,0.0,16.05,4.0,9023.0,1.0,19.0,En Operación
2018-07-12 16:40:00,0.1,1015.84,0.0,16.01,4.0,9024.0,1.0,19.0,En Operación
2018-07-12 16:45:00,0.1,1015.78,0.0,15.98,4.0,9025.0,1.0,19.0,En Operación
2018-07-12 16:50:00,0.1,1015.71,0.0,15.94,4.0,9026.0,1.0,19.0,En Operación
2018-07-12 16:55:00,0.1,1015.65,0.0,15.9,4.0,9027.0,1.0,19.0,En Operación
2018-07-12 17:00:00,0.1,1015.65,0.0,15.9,4.0,9028.0,1.0,19.0,En Operación
2018-07-12 17:05:00,0.1,1015.65,0.0,15.9,4.0,9029.0,1.0,19.0,En Operación
2018-07-12 17:10:00,0.1,1015.6,0.0,15.71,3.8,9030.0,1.0,19.0,En Operación
2018-07-12 17:15:00,0.1,1015.55,0.0,15.52,3.6,9031.0,1.0,19.0,En Operación
2018-07-12 17:20:00,0.1,1015.5,0.0,15.34,3.4,9032.0,1.0,19.0,En Operación
2018-07-12 17:25:00,0.1,1015.45,0.0,15.15,3.2,9033.0,1.0,19.0,En Operación
2018-07-12 17:30:00,0.1,1015.45,0.0,15.15,3.2,9034.0,1.0,19.0,En Operación
2018-07-12 17:35:00,0.1,1015.45,0.0,15.15,3.2,9035.0,1.0,19.0,En Operación
2018-07-12 17:40:00,0.1,1015.38,0.0,15.1,3.2,9036.0,1.0,19.0,En Operación
2018-07-12 17:45:00,0.1,1015.3,0.0,15.05,3.2,9037.0,1.0,19.0,En Operación
2018-07-12 17:50:00,0.1,1015.22,0.0,15.0,3.2,9038.0,1.0,19.0,En Operación
2018-07-12 17:55:00,0.1,1015.15,0.0,14.95,3.2,9039.0,1.0,19.0,En Operación
2018-07-12 18:00:00,0.1,1015.15,0.0,14.95,3.2,9040.0,1.0,19.0,En Operación
2018-07-12 18:05:00,0.1,1015.15,0.0,14.95,3.2,9041.0,1.0,19.0,En Operación
2018-07-12 18:10:00,0.1,1015.02,0.0,14.74,4.2,9042.0,1.0,19.0,En Operación
2018-07-12 18:15:00,0.1,1014.9,0.0,14.52,5.2,9043.0,1.0,19.0,En Operación
2018-07-12 18:20:00,0.1,1014.78,0.0,14.31,6.2,9044.0,1.0,19.0,En Operación
2018-07-12 18:25:00,0.1,1014.65,0.0,14.1,7.2,9045.0,1.0,19.0,En Operación
2018-07-12 18:30:00,0.1,1014.65,0.0,14.1,7.2,9046.0,1.0,19.0,En Operación
2018-07-12 18:35:00,0.1,1014.65,0.0,14.1,7.2,9047.0,1.0,19.0,En Operación
2018-07-12 18:40:00,0.1,1014.72,0.0,14.05,6.8,9048.0,1.0,19.0,En Operación
2018-07-12 18:45:00,0.1,1014.8,0.0,14.0,6.4,9049.0,1.0,19.0,En Operación
2018-07-12 18:50:00,0.1,1014.88,0.0,13.95,6.0,9050.0,1.0,19.0,En Operación
2018-07-12 18:55:00,0.1,1014.95,0.0,13.9,5.6,9051.0,1.0,19.0,En Operación
2018-07-12 19:00:00,0.1,1014.95,0.0,13.9,5.6,9052.0,1.0,19.0,En Operación
2018-07-12 19:05:00,0.1,1014.95,0.0,13.9,5.6,9053.0,1.0,19.0,En Operación
2018-07-12 19:10:00,0.1,1014.99,0.0,13.69,4.6,9054.0,1.0,19.0,En Operación
2018-07-12 19:15:00,0.1,1015.03,0.0,13.48,3.6,9055.0,1.0,19.0,En Operación
2018-07-12 19:20:00,0.1,1015.06,0.0,13.26,2.6,9056.0,1.0,19.0,En Operación
2018-07-12 19:25:00,0.1,1015.1,0.0,13.05,1.6,9057.0,1.0,19.0,En Operación
2018-07-12 19:30:00,0.1,1015.1,0.0,13.05,1.6,9058.0,1.0,19.0,En Operación
2018-07-12 19:35:00,0.1,1015.1,0.0,13.05,1.6,9059.0,1.0,19.0,En Operación
2018-07-12 19:40:00,0.1,1015.12,0.0,13.04,1.6,9060.0,1.0,19.0,En Operación
2018-07-12 19:45:00,0.1,1015.15,0.0,13.02,1.6,9061.0,1.0,19.0,En Operación
2018-07-12 19:50:00,0.1,1015.18,0.0,13.01,1.6,9062.0,1.0,19.0,En Operación
2018-07-12 19:55:00,0.1,1015.2,0.0,13.0,1.6,9063.0,1.0,19.0,En Operación
2018-07-12 20:00:00,0.1,1015.2,0.0,13.0,1.6,9064.0,1.0,19.0,En Operación
2018-07-12 20:05:00,0.1,1015.2,0.0,13.0,1.6,9065.0,1.0,19.0,En Operación
2018-07-12 20:10:00,0.1,1015.22,0.0,12.84,1.2,9066.0,1.0,19.0,En Operación
2018-07-12 20:15:00,0.1,1015.25,0.0,12.68,0.8,9067.0,1.0,19.0,En Operación
2018-07-12 20:20:00,0.1,1015.28,0.0,12.51,0.4,9068.0,1.0,19.0,En Operación
2018-07-12 20:25:00,0.1,1015.3,0.0,12.35,0.0,9069.0,1.0,19.0,En Operación
2018-07-12 20:30:00,0.1,1015.3,0.0,12.35,0.0,9070.0,1.0,19.0,En Operación
2018-07-12 20:35:00,0.1,1015.3,0.0,12.35,0.0,9071.0,1.0,19.0,En Operación
2018-07-12 20:40:00,0.1,1015.34,0.0,12.34,0.0,9072.0,1.0,19.0,En Operación
2018-07-12 20:45:00,0.1,1015.38,0.0,12.32,0.0,9073.0,1.0,19.0,En Operación
2018-07-12 20:50:00,0.1,1015.41,0.0,12.31,0.0,9074.0,1.0,19.0,En Operación
2018-07-12 20:55:00,0.1,1015.45,0.0,12.3,0.0,9075.0,1.0,19.0,En Operación
2018-07-12 21:00:00,0.1,1015.45,0.0,12.3,0.0,9076.0,1.0,19.0,En Operación
2018-07-12 21:05:00,0.1,1015.45,0.0,12.3,0.0,9077.0,1.0,19.0,En Operación
2018-07-12 21:10:00,0.1,1015.48,0.0,12.29,0.4,9078.0,1.0,19.0,En Operación
2018-07-12 21:15:00,0.1,1015.5,0.0,12.28,0.8,,,,
2018-07-12 21:20:00,0.1,1015.52,0.0,12.26,1.2,,,,
2018-07-12 21:25:00,0.1,1015.55,0.0,12.25,1.6,,,,
2018-07-12 21:30:00,0.1,1015.55,0.0,12.25,1.6,,,,
2018-07-12 21:35:00,0.1,1015.55,0.0,12.25,1.6,,,,
2018-07-12 21:40:00,0.1,1015.61,0.0,12.24,1.4,,,,
2018-07-12 21:45:00,0.1,1015.68,0.0,12.22,1.2,,,,
2018-07-12 21:50:00,0.1,1015.74,0.0,12.21,1.0,9086.0,1.0,19.0,En Operación
2018-07-12 21:55:00,0.1,1015.8,0.0,12.2,0.8,9087.0,1.0,19.0,En Operación
2018-07-12 22:00:00,0.1,1015.8,0.0,12.2,0.8,9088.0,1.0,19.0,En Operación
2018-07-12 22:05:00,0.1,1015.8,0.0,12.2,0.8,9089.0,1.0,19.0,En Operación
2018-07-12 22:10:00,0.1,1015.75,0.0,12.2,1.0,9090.0,1.0,19.0,En Operación
2018-07-12 22:15:00,0.1,1015.7,0.0,12.2,1.2,9091.0,1.0,19.0,En Operación
2018-07-12 22:20:00,0.1,1015.65,0.0,12.2,1.4,9092.0,1.0,19.0,En Operación
2018-07-12 22:25:00,0.1,1015.6,0.0,12.2,1.6,9093.0,1.0,19.0,En Operación
2018-07-12 22:30:00,0.1,1015.6,0.0,12.2,1.6,9094.0,1.0,19.0,En Operación
2018-07-12 22:35:00,0.1,1015.6,0.0,12.2,1.6,9095.0,1.0,19.0,En Operación
2018-07-12 22:40:00,0.1,1015.6,0.0,12.21,2.2,9096.0,1.0,19.0,En Operación
2018-07-12 22:45:00,0.1,1015.6,0.0,12.22,2.8,9097.0,1.0,19.0,En Operación
2018-07-12 22:50:00,0.1,1015.6,0.0,12.24,3.4,9098.0,1.0,19.0,En Operación
2018-07-12 22:55:00,0.1,1015.6,0.0,12.25,4.0,9099.0,1.0,19.0,En Operación
2018-07-12 23:00:00,0.1,1015.6,0.0,12.25,4.0,9100.0,1.0,19.0,En Operación
2018-07-12 23:05:00,0.1,1015.6,0.0,12.25,4.0,9101.0,1.0,19.0,En Operación
2018-07-12 23:10:00,0.1,1015.64,0.0,12.35,3.8,9102.0,1.0,19.0,En Operación
2018-07-12 23:15:00,0.1,1015.68,0.0,12.45,3.6,9103.0,1.0,19.0,En Operación
2018-07-12 23:20:00,0.1,1015.71,0.0,12.55,3.4,9104.0,1.0,19.0,En Operación
2018-07-12 23:25:00,0.1,1015.75,0.0,12.65,3.2,9105.0,1.0,19.0,En Operación
2018-07-12 23:30:00,0.1,1015.75,0.0,12.65,3.2,9106.0,1.0,19.0,En Operación
2018-07-12 23:35:00,0.1,1015.75,0.0,12.65,3.2,9107.0,1.0,19.0,En Operación
2018-07-12 23:40:00,0.1,1015.8,0.0,12.64,2.8,9108.0,1.0,19.0,En Operación
2018-07-12 23:45:00,0.1,1015.85,0.0,12.62,2.4,9109.0,1.0,19.0,En Operación
2018-07-12 23:50:00,0.1,1015.9,0.0,12.61,2.0,9110.0,1.0,19.0,En Operación
2018-07-12 23:55:00,0.1,1015.95,0.0,12.6,1.6,9111.0,1.0,19.0,En Operación
2018-07-13 00:00:00,0.1,1015.95,0.0,12.6,1.6,9112.0,1.0,19.0,En Operación
2018-07-13 00:05:00,0.1,1015.95,0.0,12.6,1.6,9113.0,1.0,19.0,En Operación
2018-07-13 00:10:00,0.1,1015.99,0.0,12.6,2.0,9114.0,1.0,19.0,En Operación
2018-07-13 00:15:00,0.1,1016.03,0.0,12.6,2.4,9115.0,1.0,19.0,En Operación
2018-07-13 00:20:00,0.1,1016.06,0.0,12.6,2.8,9116.0,1.0,19.0,En Operación
2018-07-13 00:25:00,0.1,1016.1,0.0,12.6,3.2,9117.0,1.0,19.0,En Operación
2018-07-13 00:30:00,0.1,1016.1,0.0,12.6,3.2,9118.0,1.0,19.0,En Operación
2018-07-13 00:35:00,0.1,1016.1,0.0,12.6,3.2,9119.0,1.0,19.0,En Operación
2018-07-13 00:40:00,0.1,1016.16,0.0,12.6,3.2,9120.0,1.0,19.0,En Operación
2018-07-13 00:45:00,0.1,1016.22,0.0,12.6,3.2,9121.0,1.0,19.0,En Operación
2018-07-13 00:50:00,0.1,1016.29,0.0,12.6,3.2,9122.0,1.0,19.0,En Operación
2018-07-13 00:55:00,0.1,1016.35,0.0,12.6,3.2,9123.0,1.0,19.0,En Operación
2018-07-13 01:00:00,0.1,1016.35,0.0,12.6,3.2,9124.0,1.0,19.0,En Operación
2018-07-13 01:05:00,0.1,1016.35,0.0,12.6,3.2,9125.0,1.0,19.0,En Operación
2018-07-13 01:10:00,0.08,1016.4,0.0,12.5,3.2,9126.0,1.0,19.0,En Operación
2018-07-13 01:15:00,0.05,1016.45,0.0,12.4,3.2,9127.0,1.0,19.0,En Operación
2018-07-13 01:20:00,0.02,1016.5,0.0,12.3,3.2,9128.0,1.0,19.0,En Operación
2018-07-13 01:25:00,0.0,1016.55,0.0,12.2,3.2,9129.0,1.0,19.0,En Operación
2018-07-13 01:30:00,0.0,1016.55,0.0,12.2,3.2,9130.0,1.0,19.0,En Operación
2018-07-13 01:35:00,0.0,1016.55,0.0,12.2,3.2,9131.0,1.0,19.0,En Operación
2018-07-13 01:40:00,0.0,1016.42,0.0,12.2,3.2,9132.0,1.0,19.0,En Operación
2018-07-13 01:45:00,0.0,1016.3,0.0,12.2,3.2,9133.0,1.0,19.0,En Operación
2018-07-13 01:50:00,0.0,1016.18,0.0,12.2,3.2,9134.0,1.0,19.0,En Operación
2018-07-13 01:55:00,0.0,1016.05,0.0,12.2,3.2,9135.0,1.0,19.0,En Operación
2018-07-13 02:00:00,0.0,1016.05,0.0,12.2,3.2,9136.0,1.0,19.0,En Operación
2018-07-13 02:05:00,0.0,1016.05,0.0,12.2,3.2,9137.0,1.0,19.0,En Operación
2018-07-13 02:10:00,0.0,1015.99,0.0,12.11,2.6,9138.0,1.0,19.0,En Operación
2018-07-13 02:15:00,0.0,1015.92,0.0,12.02,2.0,9139.0,1.0,19.0,En Operación
2018-07-13 02:20:00,0.0,1015.86,0.0,11.94,1.4,9140.0,1.0,19.0,En Operación
2018-07-13 02:25:00,0.0,1015.8,0.0,11.85,0.8,9141.0,1.0,19.0,En Operación
2018-07-13 02:30:00,0.0,1015.8,0.0,11.85,0.8,9142.0,1.0,19.0,En Operación
2018-07-13 02:35:00,0.0,1015.8,0.0,11.85,0.8,9143.0,1.0,19.0,En Operación
2018-07-13 02:40:00,0.0,1015.78,0.0,11.86,0.8,9144.0,1.0,19.0,En Operación
2018-07-13 02:45:00,0.0,1015.75,0.0,11.88,0.8,9145.0,1.0,19.0,En Operación
2018-07-13 02:50:00,0.0,1015.72,0.0,11.89,0.8,9146.0,1.0,19.0,En Operación
2018-07-13 02:55:00,0.0,1015.7,0.0,11.9,0.8,9147.0,1.0,19.0,En Operación
2018-07-13 03:00:00,0.0,1015.7,0.0,11.9,0.8,9148.0,1.0,19.0,En Operación
2018-07-13 03:05:00,0.0,1015.7,0.0,11.9,0.8,9149.0,1.0,19.0,En Operación
2018-07-13 03:10:00,0.0,1015.71,0.0,11.92,1.2,9150.0,1.0,19.0,En Operación
2018-07-13 03:15:00,0.0,1015.72,0.0,11.95,1.6,9151.0,1.0,19.0,En Operación
2018-07-13 03:20:00,0.0,1015.74,0.0,11.98,2.0,9152.0,1.0,19.0,En Operación
2018-07-13 03:25:00,0.0,1015.75,0.0,12.0,2.4,9153.0,1.0,19.0,En Operación
2018-07-13 03:30:00,0.0,1015.75,0.0,12.0,2.4,9154.0,1.0,19.0,En Operación
2018-07-13 03:35:00,0.0,1015.75,0.0,12.0,2.4,9155.0,1.0,19.0,En Operación
2018-07-13 03:40:00,0.0,1015.71,0.0,12.0,2.4,9156.0,1.0,19.0,En Operación
2018-07-13 03:45:00,0.0,1015.68,0.0,12.0,2.4,9157.0,1.0,19.0,En Operación
2018-07-13 03:50:00,0.0,1015.64,0.0,12.0,2.4,9158.0,1.0,19.0,En Operación
2018-07-13 03:55:00,0.0,1015.6,0.0,12.0,2.4,9159.0,1.0,19.0,En Operación
2018-07-13 04:00:00,0.0,1015.6,0.0,12.0,2.4,9160.0,1.0,19.0,En Operación
2018-07-13 04:05:00,0.0,1015.6,0.0,12.0,2.4,9161.0,1.0,19.0,En Operación
2018-07-13 04:10:00,0.0,1015.51,0.0,11.86,2.4,9162.0,1.0,19.0,En Operación
2018-07-13 04:15:00,0.0,1015.42,0.0,11.72,2.4,9163.0,1.0,19.0,En Operación
2018-07-13 04:20:00,0.0,1015.34,0.0,11.59,2.4,9164.0,1.0,19.0,En Operación
2018-07-13 04:25:00,0.0,1015.25,0.0,11.45,2.4,9165.0,1.0,19.0,En Operación
2018-07-13 04:30:00,0.0,1015.25,0.0,11.45,2.4,9166.0,1.0,19.0,En Operación
2018-07-13 04:35:00,0.0,1015.25,0.0,11.45,2.4,9167.0,1.0,19.0,En Operación
2018-07-13 04:40:00,0.0,1015.18,0.0,11.45,2.4,9168.0,1.0,19.0,En Operación
2018-07-13 04:45:00,0.0,1015.1,0.0,11.45,2.4,9169.0,1.0,19.0,En Operación
2018-07-13 04:50:00,0.0,1015.03,0.0,11.45,2.4,9170.0,1.0,19.0,En Operación
2018-07-13 04:55:00,0.0,1014.95,0.0,11.45,2.4,9171.0,1.0,19.0,En Operación
2018-07-13 05:00:00,0.0,1014.95,0.0,11.45,2.4,9172.0,1.0,19.0,En Operación
2018-07-13 05:05:00,0.0,1014.95,0.0,11.45,2.4,9173.0,1.0,19.0,En Operación
2018-07-13 05:10:00,0.0,1014.98,0.0,11.52,2.4,9174.0,1.0,19.0,En Operación
2018-07-13 05:15:00,0.0,1015.0,0.0,11.6,2.4,9175.0,1.0,19.0,En Operación
2018-07-13 05:20:00,0.0,1015.02,0.0,11.68,2.4,9176.0,1.0,19.0,En Operación
2018-07-13 05:25:00,0.0,1015.05,0.0,11.75,2.4,9177.0,1.0,19.0,En Operación
2018-07-13 05:30:00,0.0,1015.05,0.0,11.75,2.4,9178.0,1.0,19.0,En Operación
2018-07-13 05:35:00,0.0,1015.05,0.0,11.75,2.4,9179.0,1.0,19.0,En Operación
2018-07-13 05:40:00,0.0,1014.99,0.0,11.74,2.2,9180.0,1.0,19.0,En Operación
2018-07-13 05:45:00,0.0,1014.92,0.0,11.72,2.0,9181.0,1.0,19.0,En Operación
2018-07-13 05:50:00,0.0,1014.86,0.0,11.71,1.8,9182.0,1.0,19.0,En Operación
2018-07-13 05:55:00,0.0,1014.8,0.0,11.7,1.6,9183.0,1.0,19.0,En Operación
2018-07-13 06:00:00,0.0,1014.8,0.0,11.7,1.6,9184.0,1.0,19.0,En Operación
2018-07-13 06:05:00,0.0,1014.8,0.0,11.7,1.6,9185.0,1.0,19.0,En Operación
2018-07-13 06:10:00,0.0,1014.79,0.0,11.71,1.8,9186.0,1.0,19.0,En Operación
2018-07-13 06:15:00,0.0,1014.78,0.0,11.72,2.0,9187.0,1.0,19.0,En Operación
2018-07-13 06:20:00,0.0,1014.76,0.0,11.74,2.2,9188.0,1.0,19.0,En Operación
2018-07-13 06:25:00,0.0,1014.75,0.0,11.75,2.4,9189.0,1.0,19.0,En Operación
2018-07-13 06:30:00,0.0,1014.75,0.0,11.75,2.4,9190.0,1.0,19.0,En Operación
2018-07-13 06:35:00,0.0,1014.75,0.0,11.75,2.4,9191.0,1.0,19.0,En Operación
2018-07-13 06:40:00,0.0,1014.78,0.0,11.78,2.4,9192.0,1.0,19.0,En Operación
2018-07-13 06:45:00,0.0,1014.8,0.0,11.8,2.4,9193.0,1.0,19.0,En Operación
2018-07-13 06:50:00,0.0,1014.82,0.0,11.82,2.4,9194.0,1.0,19.0,En Operación
2018-07-13 06:55:00,0.0,1014.85,0.0,11.85,2.4,9195.0,1.0,19.0,En Operación
2018-07-13 07:00:00,0.0,1014.85,0.0,11.85,2.4,9196.0,1.0,19.0,En Operación
2018-07-13 07:05:00,0.0,1014.85,0.0,11.85,2.4,9197.0,1.0,19.0,En Operación
2018-07-13 07:10:00,0.0,1014.9,0.0,11.81,2.6,9198.0,1.0,19.0,En Operación
2018-07-13 07:15:00,0.0,1014.95,0.0,11.77,2.8,9199.0,1.0,19.0,En Operación
2018-07-13 07:20:00,0.0,1015.0,0.0,11.74,3.0,9200.0,1.0,19.0,En Operación
2018-07-13 07:25:00,0.0,1015.05,0.0,11.7,3.2,9201.0,1.0,19.0,En Operación
2018-07-13 07:30:00,0.0,1015.05,0.0,11.7,3.2,9202.0,1.0,19.0,En Operación
2018-07-13 07:35:00,0.0,1015.05,0.0,11.7,3.2,9203.0,1.0,19.0,En Operación
2018-07-13 07:40:00,0.0,1015.06,0.0,11.72,3.0,9204.0,1.0,19.0,En Operación
2018-07-13 07:45:00,0.0,1015.08,0.0,11.75,2.8,9205.0,1.0,19.0,En Operación
2018-07-13 07:50:00,0.0,1015.09,0.0,11.78,2.6,9206.0,1.0,19.0,En Operación
2018-07-13 07:55:00,0.0,1015.1,0.0,11.8,2.4,9207.0,1.0,19.0,En Operación
2018-07-13 08:00:00,0.0,1015.1,0.0,11.8,2.4,9208.0,1.0,19.0,En Operación
2018-07-13 08:05:00,0.0,1015.1,0.0,11.8,2.4,9209.0,1.0,19.0,En Operación
2018-07-13 08:10:00,0.0,1015.21,0.0,11.88,2.6,9210.0,1.0,19.0,En Operación
2018-07-13 08:15:00,0.0,1015.32,0.0,11.95,2.8,9211.0,1.0,19.0,En Operación
2018-07-13 08:20:00,0.0,1015.44,0.0,12.02,3.0,9212.0,1.0,19.0,En Operación
2018-07-13 08:25:00,0.0,1015.55,0.0,12.1,3.2,9213.0,1.0,19.0,En Operación
2018-07-13 08:30:00,0.0,1015.55,0.0,12.1,3.2,9214.0,1.0,19.0,En Operación
2018-07-13 08:35:00,0.0,1015.55,0.0,12.1,3.2,9215.0,1.0,19.0,En Operación
2018-07-13 08:40:00,0.0,1015.55,0.0,12.11,3.2,9216.0,1.0,19.0,En Operación
2018-07-13 08:45:00,0.0,1015.55,0.0,12.12,3.2,9217.0,1.0,19.0,En Operación
2018-07-13 08:50:00,0.0,1015.55,0.0,12.14,3.2,9218.0,1.0,19.0,En Operación
2018-07-13 08:55:00,0.0,1015.55,0.0,12.15,3.2,9219.0,1.0,19.0,En Operación
2018-07-13 09:00:00,0.0,1015.55,0.0,12.15,3.2,9220.0,1.0,19.0,En Operación
2018-07-13 09:05:00,0.0,1015.55,0.0,12.15,3.2,9221.0,1.0,19.0,En Operación
2018-07-13 09:10:00,0.0,1015.52,0.0,12.18,3.0,9222.0,1.0,19.0,En Operación
2018-07-13 09:15:00,0.0,1015.5,0.0,12.2,2.8,9223.0,1.0,19.0,En Operación
2018-07-13 09:20:00,0.0,1015.48,0.0,12.22,2.6,9224.0,1.0,19.0,En Operación
2018-07-13 09:25:00,0.0,1015.45,0.0,12.25,2.4,9225.0,1.0,19.0,En Operación
2018-07-13 09:30:00,0.0,1015.45,0.0,12.25,2.4,9226.0,1.0,19.0,En Operación
2018-07-13 09:35:00,0.0,1015.45,0.0,12.25,2.4,9227.0,1.0,19.0,En Operación
2018-07-13 09:40:00,0.0,1015.45,0.0,12.32,2.4,9228.0,1.0,19.0,En Operación
2018-07-13 09:45:00,0.0,1015.45,0.0,12.4,2.4,9229.0,1.0,19.0,En Operación
2018-07-13 09:50:00,0.0,1015.45,0.0,12.48,2.4,9230.0,1.0,19.0,En Operación
2018-07-13 09:55:00,0.0,1015.45,0.0,12.55,2.4,9231.0,1.0,19.0,En Operación
2018-07-13 10:00:00,0.0,1015.45,0.0,12.55,2.4,9232.0,1.0,19.0,En Operación
2018-07-13 10:05:00,0.0,1015.45,0.0,12.55,2.4,9233.0,1.0,19.0,En Operación
2018-07-13 10:10:00,0.0,1015.44,0.0,12.75,2.2,9234.0,1.0,19.0,En Operación
2018-07-13 10:15:00,0.0,1015.42,0.0,12.95,2.0,9235.0,1.0,19.0,En Operación
2018-07-13 10:20:00,0.0,1015.41,0.0,13.15,1.8,9236.0,1.0,19.0,En Operación
2018-07-13 10:25:00,0.0,1015.4,0.0,13.35,1.6,9237.0,1.0,19.0,En Operación
2018-07-13 10:30:00,0.0,1015.4,0.0,13.35,1.6,9238.0,1.0,19.0,En Operación
2018-07-13 10:35:00,0.0,1015.4,0.0,13.35,1.6,9239.0,1.0,19.0,En Operación
2018-07-13 10:40:00,0.0,1015.46,0.0,13.49,1.2,9240.0,1.0,19.0,En Operación
2018-07-13 10:45:00,0.0,1015.52,0.0,13.62,0.8,9241.0,1.0,19.0,En Operación
2018-07-13 10:50:00,0.0,1015.59,0.0,13.76,0.4,9242.0,1.0,19.0,En Operación
2018-07-13 10:55:00,0.0,1015.65,0.0,13.9,0.0,9243.0,1.0,19.0,En Operación
2018-07-13 11:00:00,0.0,1015.65,0.0,13.9,0.0,9244.0,1.0,19.0,En Operación
2018-07-13 11:05:00,0.0,1015.65,0.0,13.9,0.0,9245.0,1.0,19.0,En Operación
2018-07-13 11:10:00,0.0,1015.62,0.0,14.12,0.2,9246.0,1.0,19.0,En Operación
2018-07-13 11:15:00,0.0,1015.6,0.0,14.35,0.4,9247.0,1.0,19.0,En Operación
2018-07-13 11:20:00,0.0,1015.58,0.0,14.58,0.6,9248.0,1.0,19.0,En Operación
2018-07-13 11:25:00,0.0,1015.55,0.0,14.8,0.8,9249.0,1.0,19.0,En Operación
2018-07-13 11:30:00,0.0,1015.55,0.0,14.8,0.8,9250.0,1.0,19.0,En Operación
2018-07-13 11:35:00,0.0,1015.55,0.0,14.8,0.8,9251.0,1.0,19.0,En Operación
2018-07-13 11:40:00,0.0,1015.5,0.0,14.86,0.6,9252.0,1.0,19.0,En Operación
2018-07-13 11:45:00,0.0,1015.45,0.0,14.92,0.4,9253.0,1.0,19.0,En Operación
2018-07-13 11:50:00,0.0,1015.4,0.0,14.99,0.2,9254.0,1.0,19.0,En Operación
2018-07-13 11:55:00,0.0,1015.35,0.0,15.05,0.0,9255.0,1.0,19.0,En Operación
2018-07-13 12:00:00,0.0,1015.35,0.0,15.05,0.0,9256.0,1.0,19.0,En Operación
2018-07-13 12:05:00,0.0,1015.35,0.0,15.05,0.0,9257.0,1.0,19.0,En Operación
2018-07-13 12:10:00,0.0,1015.29,0.0,15.38,1.0,9258.0,1.0,19.0,En Operación
2018-07-13 12:15:00,0.0,1015.22,0.0,15.7,2.0,9259.0,1.0,19.0,En Operación
2018-07-13 12:20:00,0.0,1015.16,0.0,16.03,3.0,9260.0,1.0,19.0,En Operación
2018-07-13 12:25:00,0.0,1015.1,0.0,16.35,4.0,9261.0,1.0,19.0,En Operación
2018-07-13 12:30:00,0.0,1015.1,0.0,16.35,4.0,9262.0,1.0,19.0,En Operación
2018-07-13 12:35:00,0.0,1015.1,0.0,16.35,4.0,9263.0,1.0,19.0,En Operación
2018-07-13 12:40:00,0.0,1015.11,0.0,16.36,3.8,9264.0,1.0,19.0,En Operación
2018-07-13 12:45:00,0.0,1015.12,0.0,16.38,3.6,9265.0,1.0,19.0,En Operación
2018-07-13 12:50:00,0.0,1015.14,0.0,16.39,3.4,9266.0,1.0,19.0,En Operación
2018-07-13 12:55:00,0.0,1015.15,0.0,16.4,3.2,9267.0,1.0,19.0,En Operación
2018-07-13 13:00:00,0.0,1015.15,0.0,16.4,3.2,9268.0,1.0,19.0,En Operación
2018-07-13 13:05:00,0.0,1015.15,0.0,16.4,3.2,9269.0,1.0,19.0,En Operación
2018-07-13 13:10:00,0.0,1015.0,0.0,16.17,2.4,9270.0,1.0,19.0,En Operación
2018-07-13 13:15:00,0.0,1014.85,0.0,15.95,1.6,9271.0,1.0,19.0,En Operación
2018-07-13 13:20:00,0.0,1014.7,0.0,15.72,0.8,9272.0,1.0,19.0,En Operación
2018-07-13 13:25:00,0.0,1014.55,0.0,15.5,0.0,9273.0,1.0,19.0,En Operación
2018-07-13 13:30:00,0.0,1014.55,0.0,15.5,0.0,9274.0,1.0,19.0,En Operación
2018-07-13 13:35:00,0.0,1014.55,0.0,15.5,0.0,9275.0,1.0,19.0,En Operación
2018-07-13 13:40:00,0.0,1014.58,0.0,15.45,0.0,9276.0,1.0,19.0,En Operación
2018-07-13 13:45:00,0.0,1014.6,0.0,15.4,0.0,9277.0,1.0,19.0,En Operación
2018-07-13 13:50:00,0.0,1014.62,0.0,15.35,0.0,9278.0,1.0,19.0,En Operación
2018-07-13 13:55:00,0.0,1014.65,0.0,15.3,0.0,9279.0,1.0,19.0,En Operación
2018-07-13 14:00:00,0.0,1014.65,0.0,15.3,0.0,9280.0,1.0,19.0,En Operación
2018-07-13 14:05:00,0.0,1014.65,0.0,15.3,0.0,9281.0,1.0,19.0,En Operación
2018-07-13 14:10:00,0.0,1014.4,0.0,15.41,0.2,9282.0,1.0,19.0,En Operación
2018-07-13 14:15:00,0.0,1014.15,0.0,15.52,0.4,9283.0,1.0,19.0,En Operación
2018-07-13 14:20:00,0.0,1013.9,0.0,15.64,0.6,9284.0,1.0,19.0,En Operación
2018-07-13 14:25:00,0.0,1013.65,0.0,15.75,0.8,9285.0,1.0,19.0,En Operación
2018-07-13 14:30:00,0.0,1013.65,0.0,15.75,0.8,9286.0,1.0,19.0,En Operación
2018-07-13 14:35:00,0.0,1013.65,0.0,15.75,0.8,9287.0,1.0,19.0,En Operación
2018-07-13 14:40:00,0.0,1013.64,0.0,15.8,0.8,9288.0,1.0,19.0,En Operación
2018-07-13 14:45:00,0.0,1013.62,0.0,15.85,0.8,9289.0,1.0,19.0,En Operación
2018-07-13 14:50:00,0.0,1013.61,0.0,15.9,0.8,9290.0,1.0,19.0,En Operación
2018-07-13 14:55:00,0.0,1013.6,0.0,15.95,0.8,9291.0,1.0,19.0,En Operación
2018-07-13 15:00:00,0.0,1013.6,0.0,15.95,0.8,9292.0,1.0,19.0,En Operación
2018-07-13 15:05:00,0.0,1013.6,0.0,15.95,0.8,9293.0,1.0,19.0,En Operación
2018-07-13 15:10:00,0.0,1013.51,0.0,15.95,1.0,9294.0,1.0,19.0,En Operación
2018-07-13 15:15:00,0.0,1013.42,0.0,15.95,1.2,9295.0,1.0,19.0,En Operación
2018-07-13 15:20:00,0.0,1013.34,0.0,15.95,1.4,9296.0,1.0,19.0,En Operación
2018-07-13 15:25:00,0.0,1013.25,0.0,15.95,1.6,9297.0,1.0,19.0,En Operación
2018-07-13 15:30:00,0.0,1013.25,0.0,15.95,1.6,9298.0,1.0,19.0,En Operación
2018-07-13 15:35:00,0.0,1013.25,0.0,15.95,1.6,9299.0,1.0,19.0,En Operación
2018-07-13 15:40:00,0.0,1013.21,0.0,15.9,1.6,9300.0,1.0,19.0,En Operación
2018-07-13 15:45:00,0.0,1013.18,0.0,15.85,1.6,9301.0,1.0,19.0,En Operación
2018-07-13 15:50:00,0.0,1013.14,0.0,15.8,1.6,9302.0,1.0,19.0,En Operación
2018-07-13 15:55:00,0.0,1013.1,0.0,15.75,1.6,9303.0,1.0,19.0,En Operación
2018-07-13 16:00:00,0.0,1013.1,0.0,15.75,1.6,9304.0,1.0,19.0,En Operación
2018-07-13 16:05:00,0.0,1013.1,0.0,15.75,1.6,9305.0,1.0,19.0,En Operación
2018-07-13 16:10:00,0.0,1013.1,0.0,15.76,1.6,9306.0,1.0,19.0,En Operación
2018-07-13 16:15:00,0.0,1013.1,0.0,15.78,1.6,9307.0,1.0,19.0,En Operación
2018-07-13 16:20:00,0.0,1013.1,0.0,15.79,1.6,9308.0,1.0,19.0,En Operación
2018-07-13 16:25:00,0.0,1013.1,0.0,15.8,1.6,9309.0,1.0,19.0,En Operación
2018-07-13 16:30:00,0.0,1013.1,0.0,15.8,1.6,9310.0,1.0,19.0,En Operación
2018-07-13 16:35:00,0.0,1013.1,0.0,15.8,1.6,9311.0,1.0,19.0,En Operación
2018-07-13 16:40:00,0.0,1013.14,0.0,15.68,1.6,9312.0,1.0,19.0,En Operación
2018-07-13 16:45:00,0.0,1013.18,0.0,15.55,1.6,9313.0,1.0,19.0,En Operación
2018-07-13 16:50:00,0.0,1013.21,0.0,15.42,1.6,9314.0,1.0,19.0,En Operación
2018-07-13 16:55:00,0.0,1013.25,0.0,15.3,1.6,9315.0,1.0,19.0,En Operación
2018-07-13 17:00:00,0.0,1013.25,0.0,15.3,1.6,9316.0,1.0,19.0,En Operación
2018-07-13 17:05:00,0.0,1013.25,0.0,15.3,1.6,9317.0,1.0,19.0,En Operación
2018-07-13 17:10:00,0.0,1013.18,0.0,15.3,1.6,9318.0,1.0,19.0,En Operación
2018-07-13 17:15:00,0.0,1013.1,0.0,15.3,1.6,9319.0,1.0,19.0,En Operación
2018-07-13 17:20:00,0.0,1013.03,0.0,15.3,1.6,9320.0,1.0,19.0,En Operación
2018-07-13 17:25:00,0.0,1012.95,0.0,15.3,1.6,9321.0,1.0,19.0,En Operación
2018-07-13 17:30:00,0.0,1012.95,0.0,15.3,1.6,9322.0,1.0,19.0,En Operación
2018-07-13 17:35:00,0.0,1012.95,0.0,15.3,1.6,9323.0,1.0,19.0,En Operación
2018-07-13 17:40:00,0.0,1013.01,0.0,15.25,1.6,9324.0,1.0,19.0,En Operación
2018-07-13 17:45:00,0.0,1013.08,0.0,15.2,1.6,9325.0,1.0,19.0,En Operación
2018-07-13 17:50:00,0.0,1013.14,0.0,15.15,1.6,9326.0,1.0,19.0,En Operación
2018-07-13 17:55:00,0.0,1013.2,0.0,15.1,1.6,9327.0,1.0,19.0,En Operación
2018-07-13 18:00:00,0.0,1013.2,0.0,15.1,1.6,9328.0,1.0,19.0,En Operación
2018-07-13 18:05:00,0.0,1013.2,0.0,15.1,1.6,9329.0,1.0,19.0,En Operación
2018-07-13 18:10:00,0.0,1013.19,0.0,15.08,1.6,9330.0,1.0,19.0,En Operación
2018-07-13 18:15:00,0.0,1013.18,0.0,15.05,1.6,9331.0,1.0,19.0,En Operación
2018-07-13 18:20:00,0.0,1013.16,0.0,15.02,1.6,9332.0,1.0,19.0,En Operación
2018-07-13 18:25:00,0.0,1013.15,0.0,15.0,1.6,9333.0,1.0,19.0,En Operación
2018-07-13 18:30:00,0.0,1013.15,0.0,15.0,1.6,9334.0,1.0,19.0,En Operación
2018-07-13 18:35:00,0.0,1013.15,0.0,15.0,1.6,9335.0,1.0,19.0,En Operación
2018-07-13 18:40:00,0.0,1013.15,0.0,14.99,1.6,9336.0,1.0,19.0,En Operación
2018-07-13 18:45:00,0.0,1013.15,0.0,14.98,1.6,9337.0,1.0,19.0,En Operación
2018-07-13 18:50:00,0.0,1013.15,0.0,14.96,1.6,9338.0,1.0,19.0,En Operación
2018-07-13 18:55:00,0.0,1013.15,0.0,14.95,1.6,9339.0,1.0,19.0,En Operación
2018-07-13 19:00:00,0.0,1013.15,0.0,14.95,1.6,9340.0,1.0,19.0,En Operación
2018-07-13 19:05:00,0.0,1013.15,0.0,14.95,1.6,9341.0,1.0,19.0,En Operación
2018-07-13 19:10:00,0.0,1013.1,0.0,14.91,1.6,9342.0,1.0,19.0,En Operación
2018-07-13 19:15:00,0.0,1013.05,0.0,14.88,1.6,9343.0,1.0,19.0,En Operación
2018-07-13 19:20:00,0.0,1013.0,0.0,14.84,1.6,9344.0,1.0,19.0,En Operación
2018-07-13 19:25:00,0.0,1012.95,0.0,14.8,1.6,9345.0,1.0,19.0,En Operación
2018-07-13 19:30:00,0.0,1012.95,0.0,14.8,1.6,9346.0,1.0,19.0,En Operación
2018-07-13 19:35:00,0.0,1012.95,0.0,14.8,1.6,9347.0,1.0,19.0,En Operación
2018-07-13 19:40:00,0.0,1012.95,0.0,14.8,1.6,9348.0,1.0,19.0,En Operación
2018-07-13 19:45:00,0.0,1012.95,0.0,14.8,1.6,9349.0,1.0,19.0,En Operación
2018-07-13 19:50:00,0.0,1012.95,0.0,14.8,1.6,9350.0,1.0,19.0,En Operación
2018-07-13 19:55:00,0.0,1012.95,0.0,14.8,1.6,9351.0,1.0,19.0,En Operación
2018-07-13 20:00:00,0.0,1012.95,0.0,14.8,1.6,9352.0,1.0,19.0,En Operación
2018-07-13 20:05:00,0.0,1012.95,0.0,14.8,1.6,9353.0,1.0,19.0,En Operación
2018-07-13 20:10:00,0.0,1012.91,0.0,14.8,1.6,9354.0,1.0,19.0,En Operación
2018-07-13 20:15:00,0.0,1012.88,0.0,14.8,1.6,9355.0,1.0,19.0,En Operación
2018-07-13 20:20:00,0.0,1012.84,0.0,14.8,1.6,9356.0,1.0,19.0,En Operación
2018-07-13 20:25:00,0.0,1012.8,0.0,14.8,1.6,9357.0,1.0,19.0,En Operación
2018-07-13 20:30:00,0.0,1012.8,0.0,14.8,1.6,9358.0,1.0,19.0,En Operación
2018-07-13 20:35:00,0.0,1012.8,0.0,14.8,1.6,9359.0,1.0,19.0,En Operación
2018-07-13 20:40:00,0.0,1012.84,0.0,14.8,1.6,9360.0,1.0,19.0,En Operación
2018-07-13 20:45:00,0.0,1012.88,0.0,14.8,1.6,9361.0,1.0,19.0,En Operación
2018-07-13 20:50:00,0.0,1012.91,0.0,14.8,1.6,9362.0,1.0,19.0,En Operación
2018-07-13 20:55:00,0.0,1012.95,0.0,14.8,1.6,9363.0,1.0,19.0,En Operación
2018-07-13 21:00:00,0.0,1012.95,0.0,14.8,1.6,9364.0,1.0,19.0,En Operación
2018-07-13 21:05:00,0.0,1012.95,0.0,14.8,1.6,9365.0,1.0,19.0,En Operación
2018-07-13 21:10:00,0.0,1012.92,0.0,14.82,1.6,9366.0,1.0,19.0,En Operación
2018-07-13 21:15:00,0.0,1012.9,0.0,14.85,1.6,9367.0,1.0,19.0,En Operación
2018-07-13 21:20:00,0.0,1012.88,0.0,14.88,1.6,9368.0,1.0,19.0,En Operación
2018-07-13 21:25:00,0.0,1012.85,0.0,14.9,1.6,9369.0,1.0,19.0,En Operación
2018-07-13 21:30:00,0.0,1012.85,0.0,14.9,1.6,9370.0,1.0,19.0,En Operación
2018-07-13 21:35:00,0.0,1012.85,0.0,14.9,1.6,9371.0,1.0,19.0,En Operación
2018-07-13 21:40:00,0.0,1012.81,0.0,14.89,1.6,9372.0,1.0,19.0,En Operación
2018-07-13 21:45:00,0.0,1012.78,0.0,14.88,1.6,9373.0,1.0,19.0,En Operación
2018-07-13 21:50:00,0.0,1012.74,0.0,14.86,1.6,9374.0,1.0,19.0,En Operación
2018-07-13 21:55:00,0.0,1012.7,0.0,14.85,1.6,9375.0,1.0,19.0,En Operación
2018-07-13 22:00:00,0.0,1012.7,0.0,14.85,1.6,9376.0,1.0,19.0,En Operación
2018-07-13 22:05:00,0.0,1012.7,0.0,14.85,1.6,9377.0,1.0,19.0,En Operación
2018-07-13 22:10:00,0.0,1012.71,0.0,14.85,1.6,9378.0,1.0,19.0,En Operación
2018-07-13 22:15:00,0.0,1012.72,0.0,14.85,1.6,9379.0,1.0,19.0,En Operación
2018-07-13 22:20:00,0.0,1012.74,0.0,14.85,1.6,9380.0,1.0,19.0,En Operación
2018-07-13 22:25:00,0.0,1012.75,0.0,14.85,1.6,9381.0,1.0,19.0,En Operación
2018-07-13 22:30:00,0.0,1012.75,0.0,14.85,1.6,9382.0,1.0,19.0,En Operación
2018-07-13 22:35:00,0.0,1012.75,0.0,14.85,1.6,9383.0,1.0,19.0,En Operación
2018-07-13 22:40:00,0.0,1012.74,0.0,14.84,2.2,9384.0,1.0,19.0,En Operación
2018-07-13 22:45:00,0.0,1012.72,0.0,14.82,2.8,9385.0,1.0,19.0,En Operación
2018-07-13 22:50:00,0.0,1012.71,0.0,14.81,3.4,9386.0,1.0,19.0,En Operación
2018-07-13 22:55:00,0.0,1012.7,0.0,14.8,4.0,9387.0,1.0,19.0,En Operación
2018-07-13 23:00:00,0.0,1012.7,0.0,14.8,4.0,9388.0,1.0,19.0,En Operación
2018-07-13 23:05:00,0.0,1012.7,0.0,14.8,4.0,9389.0,1.0,19.0,En Operación
2018-07-13 23:10:00,0.0,1012.7,0.0,14.79,4.0,9390.0,1.0,19.0,En Operación
2018-07-13 23:15:00,0.0,1012.7,0.0,14.78,4.0,9391.0,1.0,19.0,En Operación
2018-07-13 23:20:00,0.0,1012.7,0.0,14.76,4.0,9392.0,1.0,19.0,En Operación
2018-07-13 23:25:00,0.0,1012.7,0.0,14.75,4.0,9393.0,1.0,19.0,En Operación
2018-07-13 23:30:00,0.0,1012.7,0.0,14.75,4.0,9394.0,1.0,19.0,En Operación
2018-07-13 23:35:00,0.0,1012.7,0.0,14.75,4.0,9395.0,1.0,19.0,En Operación
2018-07-13 23:40:00,0.0,1012.68,0.0,14.7,4.2,9396.0,1.0,19.0,En Operación
2018-07-13 23:45:00,0.0,1012.65,0.0,14.65,4.4,9397.0,1.0,19.0,En Operación
2018-07-13 23:50:00,0.0,1012.62,0.0,14.6,4.6,9398.0,1.0,19.0,En Operación
2018-07-13 23:55:00,0.0,1012.6,0.0,14.55,4.8,9399.0,1.0,19.0,En Operación
2018-07-14 00:00:00,0.0,1012.6,0.0,14.55,4.8,9400.0,1.0,19.0,En Operación
2018-07-14 00:05:00,0.0,1012.6,0.0,14.55,4.8,9401.0,1.0,19.0,En Operación
2018-07-14 00:10:00,0.0,1012.61,0.0,14.54,4.0,9402.0,1.0,19.0,En Operación
2018-07-14 00:15:00,0.0,1012.62,0.0,14.52,3.2,9403.0,1.0,19.0,En Operación
2018-07-14 00:20:00,0.0,1012.64,0.0,14.51,2.4,9404.0,1.0,19.0,En Operación
2018-07-14 00:25:00,0.0,1012.65,0.0,14.5,1.6,9405.0,1.0,19.0,En Operación
2018-07-14 00:30:00,0.0,1012.65,0.0,14.5,1.6,9406.0,1.0,19.0,En Operación
2018-07-14 00:35:00,0.0,1012.65,0.0,14.5,1.6,9407.0,1.0,19.0,En Operación
2018-07-14 00:40:00,0.0,1012.61,0.0,14.49,1.6,9408.0,1.0,19.0,En Operación
2018-07-14 00:45:00,0.0,1012.58,0.0,14.48,1.6,9409.0,1.0,19.0,En Operación
2018-07-14 00:50:00,0.0,1012.54,0.0,14.46,1.6,9410.0,1.0,19.0,En Operación
2018-07-14 00:55:00,0.0,1012.5,0.0,14.45,1.6,9411.0,1.0,19.0,En Operación
2018-07-14 01:00:00,0.0,1012.5,0.0,14.45,1.6,9412.0,1.0,19.0,En Operación
2018-07-14 01:05:00,0.0,1012.5,0.0,14.45,1.6,9413.0,1.0,19.0,En Operación
2018-07-14 01:10:00,0.0,1012.46,0.0,14.45,2.6,9414.0,1.0,19.0,En Operación
2018-07-14 01:15:00,0.0,1012.42,0.0,14.45,3.6,9415.0,1.0,19.0,En Operación
2018-07-14 01:20:00,0.0,1012.39,0.0,14.45,4.6,9416.0,1.0,19.0,En Operación
2018-07-14 01:25:00,0.0,1012.35,0.0,14.45,5.6,9417.0,1.0,19.0,En Operación
2018-07-14 01:30:00,0.0,1012.35,0.0,14.45,5.6,9418.0,1.0,19.0,En Operación
2018-07-14 01:35:00,0.0,1012.35,0.0,14.45,5.6,9419.0,1.0,19.0,En Operación
2018-07-14 01:40:00,0.0,1012.32,0.0,14.48,6.21,9420.0,1.0,19.0,En Operación
2018-07-14 01:45:00,0.0,1012.3,0.0,14.5,6.82,9421.0,1.0,19.0,En Operación
2018-07-14 01:50:00,0.0,1012.28,0.0,14.52,7.44,9422.0,1.0,19.0,En Operación
2018-07-14 01:55:00,0.0,1012.25,0.0,14.55,8.05,9423.0,1.0,19.0,En Operación
2018-07-14 02:00:00,0.0,1012.25,0.0,14.55,8.05,,,,
2018-07-14 02:05:00,0.0,1012.25,0.0,14.55,8.05,,,,
2018-07-14 02:10:00,0.0,1012.22,0.0,14.59,6.44,,,,
2018-07-14 02:15:00,0.0,1012.2,0.0,14.62,4.82,,,,
2018-07-14 02:20:00,0.0,1012.18,0.0,14.66,3.21,,,,
2018-07-14 02:25:00,0.0,1012.15,0.0,14.7,1.6,,,,
2018-07-14 02:30:00,0.0,1012.15,0.0,14.7,1.6,9430.0,1.0,19.0,En Operación
2018-07-14 02:35:00,0.0,1012.15,0.0,14.7,1.6,9431.0,1.0,19.0,En Operación
2018-07-14 02:40:00,0.0,1012.09,0.0,14.66,2.2,9432.0,1.0,19.0,En Operación
2018-07-14 02:45:00,0.0,1012.02,0.0,14.62,2.8,9433.0,1.0,19.0,En Operación
2018-07-14 02:50:00,0.0,1011.96,0.0,14.59,3.4,9434.0,1.0,19.0,En Operación
2018-07-14 02:55:00,0.0,1011.9,0.0,14.55,4.0,9435.0,1.0,19.0,En Operación
2018-07-14 03:00:00,0.0,1011.9,0.0,14.55,4.0,9436.0,1.0,19.0,En Operación
2018-07-14 03:05:00,0.0,1011.9,0.0,14.55,4.0,9437.0,1.0,19.0,En Operación
2018-07-14 03:10:00,0.0,1011.88,0.0,14.52,3.6,9438.0,1.0,19.0,En Operación
2018-07-14 03:15:00,0.0,1011.85,0.0,14.5,3.2,9439.0,1.0,19.0,En Operación
2018-07-14 03:20:00,0.0,1011.82,0.0,14.48,2.8,9440.0,1.0,19.0,En Operación
2018-07-14 03:25:00,0.0,1011.8,0.0,14.45,2.4,9441.0,1.0,19.0,En Operación
2018-07-14 03:30:00,0.0,1011.8,0.0,14.45,2.4,9442.0,1.0,19.0,En Operación
2018-07-14 03:35:00,0.0,1011.8,0.0,14.45,2.4,9443.0,1.0,19.0,En Operación
2018-07-14 03:40:00,0.0,1011.74,0.0,14.45,2.8,9444.0,1.0,19.0,En Operación
2018-07-14 03:45:00,0.0,1011.68,0.0,14.45,3.2,9445.0,1.0,19.0,En Operación
2018-07-14 03:50:00,0.0,1011.61,0.0,14.45,3.6,9446.0,1.0,19.0,En Operación
2018-07-14 03:55:00,0.0,1011.55,0.0,14.45,4.0,9447.0,1.0,19.0,En Operación
2018-07-14 04:00:00,0.0,1011.55,0.0,14.45,4.0,9448.0,1.0,19.0,En Operación
2018-07-14 04:05:00,0.0,1011.55,0.0,14.45,4.0,9449.0,1.0,19.0,En Operación
2018-07-14 04:10:00,0.0,1011.5,0.0,14.45,3.4,9450.0,1.0,19.0,En Operación
2018-07-14 04:15:00,0.0,1011.45,0.0,14.45,2.8,9451.0,1.0,19.0,En Operación
2018-07-14 04:20:00,0.0,1011.4,0.0,14.45,2.2,9452.0,1.0,19.0,En Operación
2018-07-14 04:25:00,0.0,1011.35,0.0,14.45,1.6,9453.0,1.0,19.0,En Operación
2018-07-14 04:30:00,0.0,1011.35,0.0,14.45,1.6,9454.0,1.0,19.0,En Operación
2018-07-14 04:35:00,0.0,1011.35,0.0,14.45,1.6,9455.0,1.0,19.0,En Operación
2018-07-14 04:40:00,0.0,1011.32,0.0,14.44,1.6,9456.0,1.0,19.0,En Operación
2018-07-14 04:45:00,0.0,1011.3,0.0,14.42,1.6,9457.0,1.0,19.0,En Operación
2018-07-14 04:50:00,0.0,1011.28,0.0,14.41,1.6,9458.0,1.0,19.0,En Operación
2018-07-14 04:55:00,0.0,1011.25,0.0,14.4,1.6,9459.0,1.0,19.0,En Operación
2018-07-14 05:00:00,0.0,1011.25,0.0,14.4,1.6,9460.0,1.0,19.0,En Operación
2018-07-14 05:05:00,0.0,1011.25,0.0,14.4,1.6,9461.0,1.0,19.0,En Operación
2018-07-14 05:10:00,0.0,1011.2,0.0,14.39,2.6,9462.0,1.0,19.0,En Operación
2018-07-14 05:15:00,0.0,1011.15,0.0,14.38,3.6,9463.0,1.0,19.0,En Operación
2018-07-14 05:20:00,0.0,1011.1,0.0,14.36,4.6,9464.0,1.0,19.0,En Operación
2018-07-14 05:25:00,0.0,1011.05,0.0,14.35,5.6,9465.0,1.0,19.0,En Operación
2018-07-14 05:30:00,0.0,1011.05,0.0,14.35,5.6,9466.0,1.0,19.0,En Operación
2018-07-14 05:35:00,0.0,1011.05,0.0,14.35,5.6,9467.0,1.0,19.0,En Operación
2018-07-14 05:40:00,0.0,1011.04,0.0,14.34,5.0,9468.0,1.0,19.0,En Operación
2018-07-14 05:45:00,0.0,1011.02,0.0,14.32,4.4,9469.0,1.0,19.0,En Operación
2018-07-14 05:50:00,0.0,1011.01,0.0,14.31,3.8,9470.0,1.0,19.0,En Operación
2018-07-14 05:55:00,0.0,1011.0,0.0,14.3,3.2,9471.0,1.0,19.0,En Operación
2018-07-14 06:00:00,0.0,1011.0,0.0,14.3,3.2,9472.0,1.0,19.0,En Operación
2018-07-14 06:05:00,0.0,1011.0,0.0,14.3,3.2,9473.0,1.0,19.0,En Operación
2018-07-14 06:10:00,0.0,1011.02,0.0,14.31,2.8,9474.0,1.0,19.0,En Operación
2018-07-14 06:15:00,0.0,1011.05,0.0,14.32,2.4,9475.0,1.0,19.0,En Operación
2018-07-14 06:20:00,0.0,1011.08,0.0,14.34,2.0,9476.0,1.0,19.0,En Operación
2018-07-14 06:25:00,0.0,1011.1,0.0,14.35,1.6,9477.0,1.0,19.0,En Operación
2018-07-14 06:30:00,0.0,1011.1,0.0,14.35,1.6,9478.0,1.0,19.0,En Operación
2018-07-14 06:35:00,0.0,1011.1,0.0,14.35,1.6,9479.0,1.0,19.0,En Operación
2018-07-14 06:40:00,0.0,1011.11,0.0,14.34,2.0,9480.0,1.0,19.0,En Operación
2018-07-14 06:45:00,0.0,1011.12,0.0,14.32,2.4,9481.0,1.0,19.0,En Operación
2018-07-14 06:50:00,0.0,1011.14,0.0,14.31,2.8,9482.0,1.0,19.0,En Operación
2018-07-14 06:55:00,0.0,1011.15,0.0,14.3,3.2,9483.0,1.0,19.0,En Operación
2018-07-14 07:00:00,0.0,1011.15,0.0,14.3,3.2,9484.0,1.0,19.0,En Operación
2018-07-14 07:05:00,0.0,1011.15,0.0,14.3,3.2,9485.0,1.0,19.0,En Operación
2018-07-14 07:10:00,0.0,1011.16,0.0,14.3,2.8,9486.0,1.0,19.0,En Operación
2018-07-14 07:15:00,0.0,1011.18,0.0,14.3,2.4,9487.0,1.0,19.0,En Operación
2018-07-14 07:20:00,0.0,1011.19,0.0,14.3,2.0,9488.0,1.0,19.0,En Operación
2018-07-14 07:25:00,0.0,1011.2,0.0,14.3,1.6,9489.0,1.0,19.0,En Operación
2018-07-14 07:30:00,0.0,1011.2,0.0,14.3,1.6,9490.0,1.0,19.0,En Operación
2018-07-14 07:35:00,0.0,1011.2,0.0,14.3,1.6,9491.0,1.0,19.0,En Operación
2018-07-14 07:40:00,0.0,1011.2,0.0,14.29,1.6,9492.0,1.0,19.0,En Operación
2018-07-14 07:45:00,0.0,1011.2,0.0,14.28,1.6,9493.0,1.0,19.0,En Operación
2018-07-14 07:50:00,0.0,1011.2,0.0,14.26,1.6,9494.0,1.0,19.0,En Operación
2018-07-14 07:55:00,0.0,1011.2,0.0,14.25,1.6,9495.0,1.0,19.0,En Operación
2018-07-14 08:00:00,0.0,1011.2,0.0,14.25,1.6,9496.0,1.0,19.0,En Operación
2018-07-14 08:05:00,0.0,1011.2,0.0,14.25,1.6,9497.0,1.0,19.0,En Operación
2018-07-14 08:10:00,0.0,1011.2,0.0,14.25,2.0,9498.0,1.0,19.0,En Operación
2018-07-14 08:15:00,0.0,1011.2,0.0,14.25,2.4,9499.0,1.0,19.0,En Operación
2018-07-14 08:20:00,0.0,1011.2,0.0,14.25,2.8,9500.0,1.0,19.0,En Operación
2018-07-14 08:25:00,0.0,1011.2,0.0,14.25,3.2,9501.0,1.0,19.0,En Operación
2018-07-14 08:30:00,0.0,1011.2,0.0,14.25,3.2,9502.0,1.0,19.0,En Operación
2018-07-14 08:35:00,0.0,1011.2,0.0,14.25,3.2,9503.0,1.0,19.0,En Operación
2018-07-14 08:40:00,0.0,1011.19,0.0,14.26,3.6,9504.0,1.0,19.0,En Operación
2018-07-14 08:45:00,0.0,1011.18,0.0,14.28,4.0,9505.0,1.0,19.0,En Operación
2018-07-14 08:50:00,0.0,1011.16,0.0,14.29,4.4,9506.0,1.0,19.0,En Operación
2018-07-14 08:55:00,0.0,1011.15,0.0,14.3,4.8,9507.0,1.0,19.0,En Operación
2018-07-14 09:00:00,0.0,1011.15,0.0,14.3,4.8,9508.0,1.0,19.0,En Operación
2018-07-14 09:05:00,0.0,1011.15,0.0,14.3,4.8,9509.0,1.0,19.0,En Operación
2018-07-14 09:10:00,0.0,1011.16,0.0,14.35,4.8,9510.0,1.0,19.0,En Operación
2018-07-14 09:15:00,0.0,1011.18,0.0,14.4,4.8,9511.0,1.0,19.0,En Operación
2018-07-14 09:20:00,0.0,1011.19,0.0,14.45,4.8,9512.0,1.0,19.0,En Operación
2018-07-14 09:25:00,0.0,1011.2,0.0,14.5,4.8,9513.0,1.0,19.0,En Operación
2018-07-14 09:30:00,0.0,1011.2,0.0,14.5,4.8,9514.0,1.0,19.0,En Operación
2018-07-14 09:35:00,0.0,1011.2,0.0,14.5,4.8,9515.0,1.0,19.0,En Operación
2018-07-14 09:40:00,0.0,1011.16,0.0,14.54,4.0,9516.0,1.0,19.0,En Operación
2018-07-14 09:45:00,0.0,1011.12,0.0,14.58,3.2,9517.0,1.0,19.0,En Operación
2018-07-14 09:50:00,0.0,1011.09,0.0,14.61,2.4,9518.0,1.0,19.0,En Operación
2018-07-14 09:55:00,0.0,1011.05,0.0,14.65,1.6,9519.0,1.0,19.0,En Operación
2018-07-14 10:00:00,0.0,1011.05,0.0,14.65,1.6,9520.0,1.0,19.0,En Operación
2018-07-14 10:05:00,0.0,1011.05,0.0,14.65,1.6,9521.0,1.0,19.0,En Operación
2018-07-14 10:10:00,0.0,1011.02,0.0,14.76,2.0,9522.0,1.0,19.0,En Operación
2018-07-14 10:15:00,0.0,1011.0,0.0,14.88,2.4,9523.0,1.0,19.0,En Operación
2018-07-14 10:20:00,0.0,1010.98,0.0,14.99,2.8,9524.0,1.0,19.0,En Operación
2018-07-14 10:25:00,0.0,1010.95,0.0,15.1,3.2,9525.0,1.0,19.0,En Operación
2018-07-14 10:30:00,0.0,1010.95,0.0,15.1,3.2,9526.0,1.0,19.0,En Operación
2018-07-14 10:35:00,0.0,1010.95,0.0,15.1,3.2,9527.0,1.0,19.0,En Operación
2018-07-14 10:40:00,0.0,1010.94,0.0,15.12,5.21,9528.0,1.0,19.0,En Operación
2018-07-14 10:45:00,0.0,1010.92,0.0,15.15,7.22,9529.0,1.0,19.0,En Operación
2018-07-14 10:50:00,0.0,1010.91,0.0,15.18,9.24,9530.0,1.0,19.0,En Operación
2018-07-14 10:55:00,0.0,1010.9,0.0,15.2,11.25,9531.0,1.0,19.0,En Operación
2018-07-14 11:00:00,0.0,1010.9,0.0,15.2,11.25,9532.0,1.0,19.0,En Operación
2018-07-14 11:05:00,0.0,1010.9,0.0,15.2,11.25,9533.0,1.0,19.0,En Operación
2018-07-14 11:10:00,0.0,1010.88,0.0,15.21,8.84,9534.0,1.0,19.0,En Operación
2018-07-14 11:15:00,0.0,1010.85,0.0,15.22,6.42,9535.0,1.0,19.0,En Operación
2018-07-14 11:20:00,0.0,1010.82,0.0,15.24,4.01,9536.0,1.0,19.0,En Operación
2018-07-14 11:25:00,0.0,1010.8,0.0,15.25,1.6,9537.0,1.0,19.0,En Operación
2018-07-14 11:30:00,0.0,1010.8,0.0,15.25,1.6,9538.0,1.0,19.0,En Operación
2018-07-14 11:35:00,0.0,1010.8,0.0,15.25,1.6,9539.0,1.0,19.0,En Operación
2018-07-14 11:40:00,0.0,1010.74,0.0,15.31,1.6,9540.0,1.0,19.0,En Operación
2018-07-14 11:45:00,0.0,1010.68,0.0,15.38,1.6,9541.0,1.0,19.0,En Operación
2018-07-14 11:50:00,0.0,1010.61,0.0,15.44,1.6,9542.0,1.0,19.0,En Operación
2018-07-14 11:55:00,0.0,1010.55,0.0,15.5,1.6,9543.0,1.0,19.0,En Operación
2018-07-14 12:00:00,0.0,1010.55,0.0,15.5,1.6,9544.0,1.0,19.0,En Operación
2018-07-14 12:05:00,0.0,1010.55,0.0,15.5,1.6,9545.0,1.0,19.0,En Operación
2018-07-14 12:10:00,0.0,1010.47,0.0,15.61,1.6,9546.0,1.0,19.0,En Operación
2018-07-14 12:15:00,0.0,1010.4,0.0,15.72,1.6,9547.0,1.0,19.0,En Operación
2018-07-14 12:20:00,0.0,1010.32,0.0,15.84,1.6,9548.0,1.0,19.0,En Operación
2018-07-14 12:25:00,0.0,1010.25,0.0,15.95,1.6,9549.0,1.0,19.0,En Operación
2018-07-14 12:30:00,0.0,1010.25,0.0,15.95,1.6,9550.0,1.0,19.0,En Operación
2018-07-14 12:35:00,0.0,1010.25,0.0,15.95,1.6,9551.0,1.0,19.0,En Operación
2018-07-14 12:40:00,0.0,1010.19,0.0,16.09,1.6,9552.0,1.0,19.0,En Operación
2018-07-14 12:45:00,0.0,1010.12,0.0,16.23,1.6,9553.0,1.0,19.0,En Operación
2018-07-14 12:50:00,0.0,1010.06,0.0,16.36,1.6,9554.0,1.0,19.0,En Operación
2018-07-14 12:55:00,0.0,1010.0,0.0,16.5,1.6,9555.0,1.0,19.0,En Operación
2018-07-14 13:00:00,0.0,1010.0,0.0,16.5,1.6,9556.0,1.0,19.0,En Operación
2018-07-14 13:05:00,0.0,1010.0,0.0,16.5,1.6,9557.0,1.0,19.0,En Operación
2018-07-14 13:10:00,0.0,1009.92,0.0,16.64,1.6,9558.0,1.0,19.0,En Operación
2018-07-14 13:15:00,0.0,1009.85,0.0,16.77,1.6,9559.0,1.0,19.0,En Operación
2018-07-14 13:20:00,0.0,1009.78,0.0,16.91,1.6,9560.0,1.0,19.0,En Operación
2018-07-14 13:25:00,0.0,1009.7,0.0,17.05,1.6,9561.0,1.0,19.0,En Operación
2018-07-14 13:30:00,0.0,1009.7,0.0,17.05,1.6,9562.0,1.0,19.0,En Operación
2018-07-14 13:35:00,0.0,1009.7,0.0,17.05,1.6,9563.0,1.0,19.0,En Operación
2018-07-14 13:40:00,0.0,1009.64,0.0,17.16,1.6,9564.0,1.0,19.0,En Operación
2018-07-14 13:45:00,0.0,1009.58,0.0,17.27,1.6,9565.0,1.0,19.0,En Operación
2018-07-14 13:50:00,0.0,1009.51,0.0,17.39,1.6,9566.0,1.0,19.0,En Operación
2018-07-14 13:55:00,0.0,1009.45,0.0,17.5,1.6,9567.0,1.0,19.0,En Operación
2018-07-14 14:00:00,0.0,1009.45,0.0,17.5,1.6,9568.0,1.0,19.0,En Operación
2018-07-14 14:05:00,0.0,1009.45,0.0,17.5,1.6,9569.0,1.0,19.0,En Operación
2018-07-14 14:10:00,0.0,1009.4,0.0,17.52,1.6,9570.0,1.0,19.0,En Operación
2018-07-14 14:15:00,0.0,1009.35,0.0,17.55,1.6,9571.0,1.0,19.0,En Operación
2018-07-14 14:20:00,0.0,1009.3,0.0,17.58,1.6,9572.0,1.0,19.0,En Operación
2018-07-14 14:25:00,0.0,1009.25,0.0,17.6,1.6,9573.0,1.0,19.0,En Operación
2018-07-14 14:30:00,0.0,1009.25,0.0,17.6,1.6,9574.0,1.0,19.0,En Operación
2018-07-14 14:35:00,0.0,1009.25,0.0,17.6,1.6,9575.0,1.0,19.0,En Operación
2018-07-14 14:40:00,0.0,1009.21,0.0,17.46,1.6,9576.0,1.0,19.0,En Operación
2018-07-14 14:45:00,0.0,1009.18,0.0,17.33,1.6,9577.0,1.0,19.0,En Operación
2018-07-14 14:50:00,0.0,1009.14,0.0,17.19,1.6,9578.0,1.0,19.0,En Operación
2018-07-14 14:55:00,0.0,1009.1,0.0,17.05,1.6,9579.0,1.0,19.0,En Operación
2018-07-14 15:00:00,0.0,1009.1,0.0,17.05,1.6,9580.0,1.0,19.0,En Operación
2018-07-14 15:05:00,0.0,1009.1,0.0,17.05,1.6,9581.0,1.0,19.0,En Operación
2018-07-14 15:10:00,0.0,1009.06,0.0,17.05,1.6,9582.0,1.0,19.0,En Operación
2018-07-14 15:15:00,0.0,1009.03,0.0,17.05,1.6,9583.0,1.0,19.0,En Operación
2018-07-14 15:20:00,0.0,1008.99,0.0,17.05,1.6,9584.0,1.0,19.0,En Operación
2018-07-14 15:25:00,0.0,1008.95,0.0,17.05,1.6,9585.0,1.0,19.0,En Operación
2018-07-14 15:30:00,0.0,1008.95,0.0,17.05,1.6,9586.0,1.0,19.0,En Operación
2018-07-14 15:35:00,0.0,1008.95,0.0,17.05,1.6,9587.0,1.0,19.0,En Operación
2018-07-14 15:40:00,0.0,1008.92,0.0,17.05,1.6,9588.0,1.0,19.0,En Operación
2018-07-14 15:45:00,0.0,1008.9,0.0,17.05,1.6,9589.0,1.0,19.0,En Operación
2018-07-14 15:50:00,0.0,1008.88,0.0,17.05,1.6,9590.0,1.0,19.0,En Operación
2018-07-14 15:55:00,0.0,1008.85,0.0,17.05,1.6,9591.0,1.0,19.0,En Operación
2018-07-14 16:00:00,0.0,1008.85,0.0,17.05,1.6,9592.0,1.0,19.0,En Operación
2018-07-14 16:05:00,0.0,1008.85,0.0,17.05,1.6,9593.0,1.0,19.0,En Operación
2018-07-14 16:10:00,0.0,1008.82,0.0,17.09,1.6,9594.0,1.0,19.0,En Operación
2018-07-14 16:15:00,0.0,1008.8,0.0,17.12,1.6,9595.0,1.0,19.0,En Operación
2018-07-14 16:20:00,0.0,1008.78,0.0,17.16,1.6,9596.0,1.0,19.0,En Operación
2018-07-14 16:25:00,0.0,1008.75,0.0,17.2,1.6,9597.0,1.0,19.0,En Operación
2018-07-14 16:30:00,0.0,1008.75,0.0,17.2,1.6,9598.0,1.0,19.0,En Operación
2018-07-14 16:35:00,0.0,1008.75,0.0,17.2,1.6,9599.0,1.0,19.0,En Operación
2018-07-14 16:40:00,0.0,1008.74,0.0,17.29,1.6,9600.0,1.0,19.0,En Operación
2018-07-14 16:45:00,0.0,1008.72,0.0,17.38,1.6,9601.0,1.0,19.0,En Operación
2018-07-14 16:50:00,0.0,1008.71,0.0,17.46,1.6,9602.0,1.0,19.0,En Operación
2018-07-14 16:55:00,0.0,1008.7,0.0,17.55,1.6,9603.0,1.0,19.0,En Operación
2018-07-14 17:00:00,0.0,1008.7,0.0,17.55,1.6,9604.0,1.0,19.0,En Operación
2018-07-14 17:05:00,0.0,1008.7,0.0,17.55,1.6,9605.0,1.0,19.0,En Operación
2018-07-14 17:10:00,0.0,1008.72,0.0,17.49,1.6,9606.0,1.0,19.0,En Operación
2018-07-14 17:15:00,0.0,1008.75,0.0,17.42,1.6,9607.0,1.0,19.0,En Operación
2018-07-14 17:20:00,0.0,1008.78,0.0,17.36,1.6,9608.0,1.0,19.0,En Operación
2018-07-14 17:25:00,0.0,1008.8,0.0,17.3,1.6,9609.0,1.0,19.0,En Operación
2018-07-14 17:30:00,0.0,1008.8,0.0,17.3,1.6,9610.0,1.0,19.0,En Operación
2018-07-14 17:35:00,0.0,1008.8,0.0,17.3,1.6,9611.0,1.0,19.0,En Operación
2018-07-14 17:40:00,0.0,1008.79,0.0,17.23,1.6,9612.0,1.0,19.0,En Operación
2018-07-14 17:45:00,0.0,1008.78,0.0,17.15,1.6,9613.0,1.0,19.0,En Operación
2018-07-14 17:50:00,0.0,1008.76,0.0,17.08,1.6,9614.0,1.0,19.0,En Operación
2018-07-14 17:55:00,0.0,1008.75,0.0,17.0,1.6,9615.0,1.0,19.0,En Operación
2018-07-14 18:00:00,0.0,1008.75,0.0,17.0,1.6,9616.0,1.0,19.0,En Operación
2018-07-14 18:05:00,0.0,1008.75,0.0,17.0,1.6,9617.0,1.0,19.0,En Operación
2018-07-14 18:10:00,0.0,1008.78,0.0,16.88,1.6,9618.0,1.0,19.0,En Operación
2018-07-14 18:15:00,0.0,1008.8,0.0,16.75,1.6,9619.0,1.0,19.0,En Operación
2018-07-14 18:20:00,0.0,1008.82,0.0,16.62,1.6,9620.0,1.0,19.0,En Operación
2018-07-14 18:25:00,0.0,1008.85,0.0,16.5,1.6,9621.0,1.0,19.0,En Operación
2018-07-14 18:30:00,0.0,1008.85,0.0,16.5,1.6,9622.0,1.0,19.0,En Operación
2018-07-14 18:35:00,0.0,1008.85,0.0,16.5,1.6,9623.0,1.0,19.0,En Operación
2018-07-14 18:40:00,0.0,1008.9,0.0,16.46,1.6,9624.0,1.0,19.0,En Operación
2018-07-14 18:45:00,0.0,1008.95,0.0,16.42,1.6,9625.0,1.0,19.0,En Operación
2018-07-14 18:50:00,0.0,1009.0,0.0,16.39,1.6,9626.0,1.0,19.0,En Operación
2018-07-14 18:55:00,0.0,1009.05,0.0,16.35,1.6,9627.0,1.0,19.0,En Operación
2018-07-14 19:00:00,0.0,1009.05,0.0,16.35,1.6,9628.0,1.0,19.0,En Operación
2018-07-14 19:05:00,0.0,1009.05,0.0,16.35,1.6,9629.0,1.0,19.0,En Operación
2018-07-14 19:10:00,0.0,1009.08,0.0,16.39,1.6,9630.0,1.0,19.0,En Operación
2018-07-14 19:15:00,0.0,1009.1,0.0,16.42,1.6,9631.0,1.0,19.0,En Operación
2018-07-14 19:20:00,0.0,1009.12,0.0,16.46,1.6,9632.0,1.0,19.0,En Operación
2018-07-14 19:25:00,0.0,1009.15,0.0,16.5,1.6,9633.0,1.0,19.0,En Operación
2018-07-14 19:30:00,0.0,1009.15,0.0,16.5,1.6,9634.0,1.0,19.0,En Operación
2018-07-14 19:35:00,0.0,1009.15,0.0,16.5,1.6,9635.0,1.0,19.0,En Operación
2018-07-14 19:40:00,0.0,1009.2,0.0,16.48,1.6,9636.0,1.0,19.0,En Operación
2018-07-14 19:45:00,0.0,1009.25,0.0,16.45,1.6,9637.0,1.0,19.0,En Operación
2018-07-14 19:50:00,0.0,1009.3,0.0,16.42,1.6,9638.0,1.0,19.0,En Operación
2018-07-14 19:55:00,0.0,1009.35,0.0,16.4,1.6,9639.0,1.0,19.0,En Operación
2018-07-14 20:00:00,0.0,1009.35,0.0,16.4,1.6,9640.0,1.0,19.0,En Operación
2018-07-14 20:05:00,0.0,1009.35,0.0,16.4,1.6,9641.0,1.0,19.0,En Operación
2018-07-14 20:10:00,0.0,1009.38,0.0,16.35,1.6,9642.0,1.0,19.0,En Operación
2018-07-14 20:15:00,0.0,1009.4,0.0,16.3,1.6,9643.0,1.0,19.0,En Operación
2018-07-14 20:20:00,0.0,1009.42,0.0,16.25,1.6,9644.0,1.0,19.0,En Operación
2018-07-14 20:25:00,0.0,1009.45,0.0,16.2,1.6,9645.0,1.0,19.0,En Operación
2018-07-14 20:30:00,0.0,1009.45,0.0,16.2,1.6,9646.0,1.0,19.0,En Operación
2018-07-14 20:35:00,0.0,1009.45,0.0,16.2,1.6,9647.0,1.0,19.0,En Operación
2018-07-14 20:40:00,0.0,1009.49,0.0,16.14,1.6,9648.0,1.0,19.0,En Operación
2018-07-14 20:45:00,0.0,1009.53,0.0,16.08,1.6,9649.0,1.0,19.0,En Operación
2018-07-14 20:50:00,0.0,1009.56,0.0,16.01,1.6,9650.0,1.0,19.0,En Operación
2018-07-14 20:55:00,0.0,1009.6,0.0,15.95,1.6,9651.0,1.0,19.0,En Operación
2018-07-14 21:00:00,0.0,1009.6,0.0,15.95,1.6,9652.0,1.0,19.0,En Operación
2018-07-14 21:05:00,0.0,1009.6,0.0,15.95,1.6,9653.0,1.0,19.0,En Operación
2018-07-14 21:10:00,0.0,1009.68,0.0,15.92,1.6,9654.0,1.0,19.0,En Operación
2018-07-14 21:15:00,0.0,1009.75,0.0,15.9,1.6,9655.0,1.0,19.0,En Operación
2018-07-14 21:20:00,0.0,1009.82,0.0,15.88,1.6,9656.0,1.0,19.0,En Operación
2018-07-14 21:25:00,0.0,1009.9,0.0,15.85,1.6,9657.0,1.0,19.0,En Operación
2018-07-14 21:30:00,0.0,1009.9,0.0,15.85,1.6,9658.0,1.0,19.0,En Operación
2018-07-14 21:35:00,0.0,1009.9,0.0,15.85,1.6,9659.0,1.0,19.0,En Operación
2018-07-14 21:40:00,0.0,1009.92,0.0,15.84,1.6,9660.0,1.0,19.0,En Operación
2018-07-14 21:45:00,0.0,1009.95,0.0,15.82,1.6,9661.0,1.0,19.0,En Operación
2018-07-14 21:50:00,0.0,1009.98,0.0,15.81,1.6,9662.0,1.0,19.0,En Operación
2018-07-14 21:55:00,0.0,1010.0,0.0,15.8,1.6,9663.0,1.0,19.0,En Operación
2018-07-14 22:00:00,0.0,1010.0,0.0,15.8,1.6,9664.0,1.0,19.0,En Operación
2018-07-14 22:05:00,0.0,1010.0,0.0,15.8,1.6,9665.0,1.0,19.0,En Operación
2018-07-14 22:10:00,0.0,1010.06,0.0,15.79,1.6,9666.0,1.0,19.0,En Operación
2018-07-14 22:15:00,0.0,1010.12,0.0,15.78,1.6,9667.0,1.0,19.0,En Operación
2018-07-14 22:20:00,0.0,1010.19,0.0,15.76,1.6,9668.0,1.0,19.0,En Operación
2018-07-14 22:25:00,0.0,1010.25,0.0,15.75,1.6,9669.0,1.0,19.0,En Operación
2018-07-14 22:30:00,0.0,1010.25,0.0,15.75,1.6,9670.0,1.0,19.0,En Operación
2018-07-14 22:35:00,0.0,1010.25,0.0,15.75,1.6,9671.0,1.0,19.0,En Operación
2018-07-14 22:40:00,0.0,1010.31,0.0,15.76,1.6,9672.0,1.0,19.0,En Operación
2018-07-14 22:45:00,0.0,1010.38,0.0,15.78,1.6,9673.0,1.0,19.0,En Operación
2018-07-14 22:50:00,0.0,1010.44,0.0,15.79,1.6,9674.0,1.0,19.0,En Operación
2018-07-14 22:55:00,0.0,1010.5,0.0,15.8,1.6,9675.0,1.0,19.0,En Operación
2018-07-14 23:00:00,0.0,1010.5,0.0,15.8,1.6,9676.0,1.0,19.0,En Operación
2018-07-14 23:05:00,0.0,1010.5,0.0,15.8,1.6,9677.0,1.0,19.0,En Operación
2018-07-14 23:10:00,0.0,1010.56,0.0,15.85,1.6,9678.0,1.0,19.0,En Operación
2018-07-14 23:15:00,0.0,1010.62,0.0,15.9,1.6,9679.0,1.0,19.0,En Operación
2018-07-14 23:20:00,0.0,1010.69,0.0,15.95,1.6,9680.0,1.0,19.0,En Operación
2018-07-14 23:25:00,0.0,1010.75,0.0,16.0,1.6,9681.0,1.0,19.0,En Operación
2018-07-14 23:30:00,0.0,1010.75,0.0,16.0,1.6,9682.0,1.0,19.0,En Operación
2018-07-14 23:35:00,0.0,1010.75,0.0,16.0,1.6,9683.0,1.0,19.0,En Operación
2018-07-14 23:40:00,0.0,1010.78,0.0,15.94,1.6,9684.0,1.0,19.0,En Operación
2018-07-14 23:45:00,0.0,1010.8,0.0,15.88,1.6,9685.0,1.0,19.0,En Operación
2018-07-14 23:50:00,0.0,1010.82,0.0,15.81,1.6,9686.0,1.0,19.0,En Operación
2018-07-14 23:55:00,0.0,1010.85,0.0,15.75,1.6,9687.0,1.0,19.0,En Operación
2018-07-15 00:00:00,0.0,1010.85,0.0,15.75,1.6,9688.0,1.0,19.0,En Operación
2018-07-15 00:05:00,0.0,1010.85,0.0,15.75,1.6,9689.0,1.0,19.0,En Operación
2018-07-15 00:10:00,0.0,1010.89,0.0,15.74,1.6,9690.0,1.0,19.0,En Operación
2018-07-15 00:15:00,0.0,1010.92,0.0,15.72,1.6,9691.0,1.0,19.0,En Operación
2018-07-15 00:20:00,0.0,1010.96,0.0,15.71,1.6,9692.0,1.0,19.0,En Operación
2018-07-15 00:25:00,0.0,1011.0,0.0,15.7,1.6,9693.0,1.0,19.0,En Operación
2018-07-15 00:30:00,0.0,1011.0,0.0,15.7,1.6,9694.0,1.0,19.0,En Operación
2018-07-15 00:35:00,0.0,1011.0,0.0,15.7,1.6,9695.0,1.0,19.0,En Operación
2018-07-15 00:40:00,0.0,1011.04,0.0,15.7,1.6,9696.0,1.0,19.0,En Operación
2018-07-15 00:45:00,0.0,1011.08,0.0,15.7,1.6,9697.0,1.0,19.0,En Operación
2018-07-15 00:50:00,0.0,1011.11,0.0,15.7,1.6,9698.0,1.0,19.0,En Operación
2018-07-15 00:55:00,0.0,1011.15,0.0,15.7,1.6,9699.0,1.0,19.0,En Operación
2018-07-15 01:00:00,0.0,1011.15,0.0,15.7,1.6,9700.0,1.0,19.0,En Operación
2018-07-15 01:05:00,0.0,1011.15,0.0,15.7,1.6,9701.0,1.0,19.0,En Operación
2018-07-15 01:10:00,0.0,1011.19,0.0,15.71,1.6,9702.0,1.0,19.0,En Operación
2018-07-15 01:15:00,0.0,1011.22,0.0,15.72,1.6,9703.0,1.0,19.0,En Operación
2018-07-15 01:20:00,0.0,1011.26,0.0,15.74,1.6,9704.0,1.0,19.0,En Operación
2018-07-15 01:25:00,0.0,1011.3,0.0,15.75,1.6,9705.0,1.0,19.0,En Operación
2018-07-15 01:30:00,0.0,1011.3,0.0,15.75,1.6,9706.0,1.0,19.0,En Operación
2018-07-15 01:35:00,0.0,1011.3,0.0,15.75,1.6,9707.0,1.0,19.0,En Operación
2018-07-15 01:40:00,0.0,1011.31,0.0,15.71,1.6,9708.0,1.0,19.0,En Operación
2018-07-15 01:45:00,0.0,1011.32,0.0,15.68,1.6,9709.0,1.0,19.0,En Operación
2018-07-15 01:50:00,0.0,1011.34,0.0,15.64,1.6,9710.0,1.0,19.0,En Operación
2018-07-15 01:55:00,0.0,1011.35,0.0,15.6,1.6,9711.0,1.0,19.0,En Operación
2018-07-15 02:00:00,0.0,1011.35,0.0,15.6,1.6,9712.0,1.0,19.0,En Operación
2018-07-15 02:05:00,0.0,1011.35,0.0,15.6,1.6,9713.0,1.0,19.0,En Operación
2018-07-15 02:10:00,0.0,1011.36,0.0,15.54,1.6,9714.0,1.0,19.0,En Operación
2018-07-15 02:15:00,0.0,1011.38,0.0,15.48,1.6,9715.0,1.0,19.0,En Operación
2018-07-15 02:20:00,0.0,1011.39,0.0,15.41,1.6,9716.0,1.0,19.0,En Operación
2018-07-15 02:25:00,0.0,1011.4,0.0,15.35,1.6,9717.0,1.0,19.0,En Operación
2018-07-15 02:30:00,0.0,1011.4,0.0,15.35,1.6,9718.0,1.0,19.0,En Operación
2018-07-15 02:35:00,0.0,1011.4,0.0,15.35,1.6,9719.0,1.0,19.0,En Operación
2018-07-15 02:40:00,0.0,1011.4,0.0,15.3,1.6,9720.0,1.0,19.0,En Operación
2018-07-15 02:45:00,0.0,1011.4,0.0,15.25,1.6,9721.0,1.0,19.0,En Operación
2018-07-15 02:50:00,0.0,1011.4,0.0,15.2,1.6,9722.0,1.0,19.0,En Operación
2018-07-15 02:55:00,0.0,1011.4,0.0,15.15,1.6,9723.0,1.0,19.0,En Operación
2018-07-15 03:00:00,0.0,1011.4,0.0,15.15,1.6,9724.0,1.0,19.0,En Operación
2018-07-15 03:05:00,0.0,1011.4,0.0,15.15,1.6,9725.0,1.0,19.0,En Operación
2018-07-15 03:10:00,0.0,1011.41,0.0,15.1,1.6,9726.0,1.0,19.0,En Operación
2018-07-15 03:15:00,0.0,1011.42,0.0,15.05,1.6,9727.0,1.0,19.0,En Operación
2018-07-15 03:20:00,0.0,1011.44,0.0,15.0,1.6,9728.0,1.0,19.0,En Operación
2018-07-15 03:25:00,0.0,1011.45,0.0,14.95,1.6,9729.0,1.0,19.0,En Operación
2018-07-15 03:30:00,0.0,1011.45,0.0,14.95,1.6,9730.0,1.0,19.0,En Operación
2018-07-15 03:35:00,0.0,1011.45,0.0,14.95,1.6,9731.0,1.0,19.0,En Operación
2018-07-15 03:40:00,0.0,1011.49,0.0,14.89,1.6,9732.0,1.0,19.0,En Operación
2018-07-15 03:45:00,0.0,1011.53,0.0,14.82,1.6,9733.0,1.0,19.0,En Operación
2018-07-15 03:50:00,0.0,1011.56,0.0,14.76,1.6,9734.0,1.0,19.0,En Operación
2018-07-15 03:55:00,0.0,1011.6,0.0,14.7,1.6,9735.0,1.0,19.0,En Operación
2018-07-15 04:00:00,0.0,1011.6,0.0,14.7,1.6,9736.0,1.0,19.0,En Operación
2018-07-15 04:05:00,0.0,1011.6,0.0,14.7,1.6,9737.0,1.0,19.0,En Operación
2018-07-15 04:10:00,0.0,1011.64,0.0,14.68,1.6,9738.0,1.0,19.0,En Operación
2018-07-15 04:15:00,0.0,1011.68,0.0,14.65,1.6,9739.0,1.0,19.0,En Operación
2018-07-15 04:20:00,0.0,1011.71,0.0,14.62,1.6,9740.0,1.0,19.0,En Operación
2018-07-15 04:25:00,0.0,1011.75,0.0,14.6,1.6,9741.0,1.0,19.0,En Operación
2018-07-15 04:30:00,0.0,1011.75,0.0,14.6,1.6,9742.0,1.0,19.0,En Operación
2018-07-15 04:35:00,0.0,1011.75,0.0,14.6,1.6,9743.0,1.0,19.0,En Operación
2018-07-15 04:40:00,0.0,1011.74,0.0,14.56,1.8,9744.0,1.0,19.0,En Operación
2018-07-15 04:45:00,0.0,1011.72,0.0,14.52,2.0,9745.0,1.0,19.0,En Operación
2018-07-15 04:50:00,0.0,1011.71,0.0,14.49,2.2,9746.0,1.0,19.0,En Operación
2018-07-15 04:55:00,0.0,1011.7,0.0,14.45,2.4,9747.0,1.0,19.0,En Operación
2018-07-15 05:00:00,0.0,1011.7,0.0,14.45,2.4,9748.0,1.0,19.0,En Operación
2018-07-15 05:05:00,0.0,1011.7,0.0,14.45,2.4,9749.0,1.0,19.0,En Operación
2018-07-15 05:10:00,0.0,1011.71,0.0,14.42,2.2,9750.0,1.0,19.0,En Operación
2018-07-15 05:15:00,0.0,1011.72,0.0,14.4,2.0,9751.0,1.0,19.0,En Operación
2018-07-15 05:20:00,0.0,1011.74,0.0,14.38,1.8,9752.0,1.0,19.0,En Operación
2018-07-15 05:25:00,0.0,1011.75,0.0,14.35,1.6,9753.0,1.0,19.0,En Operación
2018-07-15 05:30:00,0.0,1011.75,0.0,14.35,1.6,9754.0,1.0,19.0,En Operación
2018-07-15 05:35:00,0.0,1011.75,0.0,14.35,1.6,9755.0,1.0,19.0,En Operación
2018-07-15 05:40:00,0.0,1011.78,0.0,14.29,1.6,9756.0,1.0,19.0,En Operación
2018-07-15 05:45:00,0.0,1011.8,0.0,14.22,1.6,9757.0,1.0,19.0,En Operación
2018-07-15 05:50:00,0.0,1011.82,0.0,14.16,1.6,9758.0,1.0,19.0,En Operación
2018-07-15 05:55:00,0.0,1011.85,0.0,14.1,1.6,9759.0,1.0,19.0,En Operación
2018-07-15 06:00:00,0.0,1011.85,0.0,14.1,1.6,9760.0,1.0,19.0,En Operación
2018-07-15 06:05:00,0.0,1011.85,0.0,14.1,1.6,9761.0,1.0,19.0,En Operación
2018-07-15 06:10:00,0.0,1011.89,0.0,14.08,1.6,9762.0,1.0,19.0,En Operación
2018-07-15 06:15:00,0.0,1011.92,0.0,14.05,1.6,9763.0,1.0,19.0,En Operación
2018-07-15 06:20:00,0.0,1011.96,0.0,14.02,1.6,9764.0,1.0,19.0,En Operación
2018-07-15 06:25:00,0.0,1012.0,0.0,14.0,1.6,9765.0,1.0,19.0,En Operación
2018-07-15 06:30:00,0.0,1012.0,0.0,14.0,1.6,9766.0,1.0,19.0,En Operación
2018-07-15 06:35:00,0.0,1012.0,0.0,14.0,1.6,9767.0,1.0,19.0,En Operación
2018-07-15 06:40:00,0.0,1012.05,0.0,13.98,1.6,9768.0,1.0,19.0,En Operación
2018-07-15 06:45:00,0.0,1012.1,0.0,13.95,1.6,9769.0,1.0,19.0,En Operación
2018-07-15 06:50:00,0.0,1012.15,0.0,13.92,1.6,9770.0,1.0,19.0,En Operación
2018-07-15 06:55:00,0.0,1012.2,0.0,13.9,1.6,9771.0,1.0,19.0,En Operación
2018-07-15 07:00:00,0.0,1012.2,0.0,13.9,1.6,9772.0,1.0,19.0,En Operación
2018-07-15 07:05:00,0.0,1012.2,0.0,13.9,1.6,9773.0,1.0,19.0,En Operación
2018-07-15 07:10:00,0.0,1012.28,0.0,13.88,1.6,9774.0,1.0,19.0,En Operación
2018-07-15 07:15:00,0.0,1012.35,0.0,13.85,1.6,9775.0,1.0,19.0,En Operación
2018-07-15 07:20:00,0.0,1012.42,0.0,13.82,1.6,9776.0,1.0,19.0,En Operación
2018-07-15 07:25:00,0.0,1012.5,0.0,13.8,1.6,9777.0,1.0,19.0,En Operación
2018-07-15 07:30:00,0.0,1012.5,0.0,13.8,1.6,9778.0,1.0,19.0,En Operación
2018-07-15 07:35:00,0.0,1012.5,0.0,13.8,1.6,9779.0,1.0,19.0,En Operación
2018-07-15 07:40:00,0.0,1012.54,0.0,13.79,1.6,9780.0,1.0,19.0,En Operación
2018-07-15 07:45:00,0.0,1012.58,0.0,13.78,1.6,9781.0,1.0,19.0,En Operación
2018-07-15 07:50:00,0.0,1012.61,0.0,13.76,1.6,9782.0,1.0,19.0,En Operación
2018-07-15 07:55:00,0.0,1012.65,0.0,13.75,1.6,9783.0,1.0,19.0,En Operación
2018-07-15 08:00:00,0.0,1012.65,0.0,13.75,1.6,9784.0,1.0,19.0,En Operación
2018-07-15 08:05:00,0.0,1012.65,0.0,13.75,1.6,9785.0,1.0,19.0,En Operación
2018-07-15 08:10:00,0.0,1012.72,0.0,13.72,1.8,9786.0,1.0,19.0,En Operación
2018-07-15 08:15:00,0.0,1012.8,0.0,13.7,2.0,9787.0,1.0,19.0,En Operación
2018-07-15 08:20:00,0.0,1012.88,0.0,13.68,2.2,9788.0,1.0,19.0,En Operación
2018-07-15 08:25:00,0.0,1012.95,0.0,13.65,2.4,9789.0,1.0,19.0,En Operación
2018-07-15 08:30:00,0.0,1012.95,0.0,13.65,2.4,9790.0,1.0,19.0,En Operación
2018-07-15 08:35:00,0.0,1012.95,0.0,13.65,2.4,9791.0,1.0,19.0,En Operación
2018-07-15 08:40:00,0.0,1013.03,0.0,13.66,3.0,9792.0,1.0,19.0,En Operación
2018-07-15 08:45:00,0.0,1013.1,0.0,13.68,3.6,9793.0,1.0,19.0,En Operación
2018-07-15 08:50:00,0.0,1013.18,0.0,13.69,4.2,9794.0,1.0,19.0,En Operación
2018-07-15 08:55:00,0.0,1013.25,0.0,13.7,4.8,9795.0,1.0,19.0,En Operación
2018-07-15 09:00:00,0.0,1013.25,0.0,13.7,4.8,9796.0,1.0,19.0,En Operación
2018-07-15 09:05:00,0.0,1013.25,0.0,13.7,4.8,9797.0,1.0,19.0,En Operación
2018-07-15 09:10:00,0.0,1013.3,0.0,13.72,4.0,9798.0,1.0,19.0,En Operación
2018-07-15 09:15:00,0.0,1013.35,0.0,13.75,3.2,9799.0,1.0,19.0,En Operación
2018-07-15 09:20:00,0.0,1013.4,0.0,13.78,2.4,9800.0,1.0,19.0,En Operación
2018-07-15 09:25:00,0.0,1013.45,0.0,13.8,1.6,9801.0,1.0,19.0,En Operación
2018-07-15 09:30:00,0.0,1013.45,0.0,13.8,1.6,9802.0,1.0,19.0,En Operación
2018-07-15 09:35:00,0.0,1013.45,0.0,13.8,1.6,9803.0,1.0,19.0,En Operación
2018-07-15 09:40:00,0.0,1013.53,0.0,13.88,2.4,9804.0,1.0,19.0,En Operación
2018-07-15 09:45:00,0.0,1013.6,0.0,13.95,3.2,9805.0,1.0,19.0,En Operación
2018-07-15 09:50:00,0.0,1013.68,0.0,14.02,4.0,9806.0,1.0,19.0,En Operación
2018-07-15 09:55:00,0.0,1013.75,0.0,14.1,4.8,9807.0,1.0,19.0,En Operación
2018-07-15 10:00:00,0.0,1013.75,0.0,14.1,4.8,9808.0,1.0,19.0,En Operación
2018-07-15 10:05:00,0.0,1013.75,0.0,14.1,4.8,9809.0,1.0,19.0,En Operación
2018-07-15 10:10:00,0.0,1013.78,0.0,14.19,4.0,9810.0,1.0,19.0,En Operación
2018-07-15 10:15:00,0.0,1013.8,0.0,14.27,3.2,9811.0,1.0,19.0,En Operación
2018-07-15 10:20:00,0.0,1013.82,0.0,14.36,2.4,9812.0,1.0,19.0,En Operación
2018-07-15 10:25:00,0.0,1013.85,0.0,14.45,1.6,9813.0,1.0,19.0,En Operación
2018-07-15 10:30:00,0.0,1013.85,0.0,14.45,1.6,9814.0,1.0,19.0,En Operación
2018-07-15 10:35:00,0.0,1013.85,0.0,14.45,1.6,9815.0,1.0,19.0,En Operación
2018-07-15 10:40:00,0.0,1013.92,0.0,14.58,2.81,9816.0,1.0,19.0,En Operación
2018-07-15 10:45:00,0.0,1014.0,0.0,14.7,4.03,9817.0,1.0,19.0,En Operación
2018-07-15 10:50:00,0.0,1014.08,0.0,14.82,5.24,9818.0,1.0,19.0,En Operación
2018-07-15 10:55:00,0.0,1014.15,0.0,14.95,6.45,9819.0,1.0,19.0,En Operación
2018-07-15 11:00:00,0.0,1014.15,0.0,14.95,6.45,9820.0,1.0,19.0,En Operación
2018-07-15 11:05:00,0.0,1014.15,0.0,14.95,6.45,9821.0,1.0,19.0,En Operación
2018-07-15 11:10:00,0.0,1014.19,0.0,14.99,5.24,9822.0,1.0,19.0,En Operación
2018-07-15 11:15:00,0.0,1014.22,0.0,15.02,4.03,9823.0,1.0,19.0,En Operación
2018-07-15 11:20:00,0.0,1014.26,0.0,15.06,2.81,9824.0,1.0,19.0,En Operación
2018-07-15 11:25:00,0.0,1014.3,0.0,15.1,1.6,9825.0,1.0,19.0,En Operación
2018-07-15 11:30:00,0.0,1014.3,0.0,15.1,1.6,9826.0,1.0,19.0,En Operación
2018-07-15 11:35:00,0.0,1014.3,0.0,15.1,1.6,9827.0,1.0,19.0,En Operación
2018-07-15 11:40:00,0.0,1014.34,0.0,15.19,1.6,9828.0,1.0,19.0,En Operación
2018-07-15 11:45:00,0.0,1014.38,0.0,15.27,1.6,9829.0,1.0,19.0,En Operación
2018-07-15 11:50:00,0.0,1014.41,0.0,15.36,1.6,9830.0,1.0,19.0,En Operación
2018-07-15 11:55:00,0.0,1014.45,0.0,15.45,1.6,9831.0,1.0,19.0,En Operación
2018-07-15 12:00:00,0.0,1014.45,0.0,15.45,1.6,9832.0,1.0,19.0,En Operación
2018-07-15 12:05:00,0.0,1014.45,0.0,15.45,1.6,9833.0,1.0,19.0,En Operación
2018-07-15 12:10:00,0.0,1014.46,0.0,15.59,1.6,9834.0,1.0,19.0,En Operación
2018-07-15 12:15:00,0.0,1014.48,0.0,15.72,1.6,9835.0,1.0,19.0,En Operación
2018-07-15 12:20:00,0.0,1014.49,0.0,15.86,1.6,9836.0,1.0,19.0,En Operación
2018-07-15 12:25:00,0.0,1014.5,0.0,16.0,1.6,9837.0,1.0,19.0,En Operación
2018-07-15 12:30:00,0.0,1014.5,0.0,16.0,1.6,9838.0,1.0,19.0,En Operación
2018-07-15 12:35:00,0.0,1014.5,0.0,16.0,1.6,9839.0,1.0,19.0,En Operación
2018-07-15 12:40:00,0.0,1014.5,0.0,16.06,1.6,9840.0,1.0,19.0,En Operación
2018-07-15 12:45:00,0.0,1014.5,0.0,16.12,1.6,9841.0,1.0,19.0,En Operación
2018-07-15 12:50:00,0.0,1014.5,0.0,16.19,1.6,9842.0,1.0,19.0,En Operación
2018-07-15 12:55:00,0.0,1014.5,0.0,16.25,1.6,9843.0,1.0,19.0,En Operación
2018-07-15 13:00:00,0.0,1014.5,0.0,16.25,1.6,9844.0,1.0,19.0,En Operación
2018-07-15 13:05:00,0.0,1014.5,0.0,16.25,1.6,9845.0,1.0,19.0,En Operación
2018-07-15 13:10:00,0.0,1014.48,0.0,16.21,1.6,9846.0,1.0,19.0,En Operación
2018-07-15 13:15:00,0.0,1014.45,0.0,16.18,1.6,9847.0,1.0,19.0,En Operación
2018-07-15 13:20:00,0.0,1014.42,0.0,16.14,1.6,9848.0,1.0,19.0,En Operación
2018-07-15 13:25:00,0.0,1014.4,0.0,16.1,1.6,9849.0,1.0,19.0,En Operación
2018-07-15 13:30:00,0.0,1014.4,0.0,16.1,1.6,9850.0,1.0,19.0,En Operación
2018-07-15 13:35:00,0.0,1014.4,0.0,16.1,1.6,9851.0,1.0,19.0,En Operación
2018-07-15 13:40:00,0.0,1014.39,0.0,16.08,1.6,9852.0,1.0,19.0,En Operación
2018-07-15 13:45:00,0.0,1014.38,0.0,16.05,1.6,9853.0,1.0,19.0,En Operación
2018-07-15 13:50:00,0.0,1014.36,0.0,16.02,1.6,9854.0,1.0,19.0,En Operación
2018-07-15 13:55:00,0.0,1014.35,0.0,16.0,1.6,9855.0,1.0,19.0,En Operación
2018-07-15 14:00:00,0.0,1014.35,0.0,16.0,1.6,9856.0,1.0,19.0,En Operación
2018-07-15 14:05:00,0.0,1014.35,0.0,16.0,1.6,9857.0,1.0,19.0,En Operación
2018-07-15 14:10:00,0.0,1014.36,0.0,16.0,1.6,9858.0,1.0,19.0,En Operación
2018-07-15 14:15:00,0.0,1014.38,0.0,16.0,1.6,9859.0,1.0,19.0,En Operación
2018-07-15 14:20:00,0.0,1014.39,0.0,16.0,1.6,9860.0,1.0,19.0,En Operación
2018-07-15 14:25:00,0.0,1014.4,0.0,16.0,1.6,9861.0,1.0,19.0,En Operación
2018-07-15 14:30:00,0.0,1014.4,0.0,16.0,1.6,9862.0,1.0,19.0,En Operación
2018-07-15 14:35:00,0.0,1014.4,0.0,16.0,1.6,9863.0,1.0,19.0,En Operación
2018-07-15 14:40:00,0.0,1014.42,0.0,16.0,1.6,9864.0,1.0,19.0,En Operación
2018-07-15 14:45:00,0.0,1014.45,0.0,16.0,1.6,9865.0,1.0,19.0,En Operación
2018-07-15 14:50:00,0.0,1014.48,0.0,16.0,1.6,9866.0,1.0,19.0,En Operación
2018-07-15 14:55:00,0.0,1014.5,0.0,16.0,1.6,9867.0,1.0,19.0,En Operación
2018-07-15 15:00:00,0.0,1014.5,0.0,16.0,1.6,9868.0,1.0,19.0,En Operación
2018-07-15 15:05:00,0.0,1014.5,0.0,16.0,1.6,9869.0,1.0,19.0,En Operación
2018-07-15 15:10:00,0.0,1014.51,0.0,16.01,1.8,9870.0,1.0,19.0,En Operación
2018-07-15 15:15:00,0.0,1014.52,0.0,16.02,2.0,9871.0,1.0,19.0,En Operación
2018-07-15 15:20:00,0.0,1014.54,0.0,16.04,2.2,9872.0,1.0,19.0,En Operación
2018-07-15 15:25:00,0.0,1014.55,0.0,16.05,2.4,9873.0,1.0,19.0,En Operación
2018-07-15 15:30:00,0.0,1014.55,0.0,16.05,2.4,9874.0,1.0,19.0,En Operación
2018-07-15 15:35:00,0.0,1014.55,0.0,16.05,2.4,9875.0,1.0,19.0,En Operación
2018-07-15 15:40:00,0.0,1014.56,0.0,16.05,2.2,9876.0,1.0,19.0,En Operación
2018-07-15 15:45:00,0.0,1014.58,0.0,16.05,2.0,9877.0,1.0,19.0,En Operación
2018-07-15 15:50:00,0.0,1014.59,0.0,16.05,1.8,9878.0,1.0,19.0,En Operación
2018-07-15 15:55:00,0.0,1014.6,0.0,16.05,1.6,9879.0,1.0,19.0,En Operación
2018-07-15 16:00:00,0.0,1014.6,0.0,16.05,1.6,9880.0,1.0,19.0,En Operación
2018-07-15 16:05:00,0.0,1014.6,0.0,16.05,1.6,9881.0,1.0,19.0,En Operación
2018-07-15 16:10:00,0.0,1014.68,0.0,16.0,1.6,9882.0,1.0,19.0,En Operación
2018-07-15 16:15:00,0.0,1014.75,0.0,15.95,1.6,9883.0,1.0,19.0,En Operación
2018-07-15 16:20:00,0.0,1014.82,0.0,15.9,1.6,9884.0,1.0,19.0,En Operación
2018-07-15 16:25:00,0.0,1014.9,0.0,15.85,1.6,9885.0,1.0,19.0,En Operación
2018-07-15 16:30:00,0.0,1014.9,0.0,15.85,1.6,9886.0,1.0,19.0,En Operación
2018-07-15 16:35:00,0.0,1014.9,0.0,15.85,1.6,9887.0,1.0,19.0,En Operación
2018-07-15 16:40:00,0.0,1014.96,0.0,15.81,1.6,9888.0,1.0,19.0,En Operación
2018-07-15 16:45:00,0.0,1015.02,0.0,15.77,1.6,9889.0,1.0,19.0,En Operación
2018-07-15 16:50:00,0.0,1015.09,0.0,15.74,1.6,9890.0,1.0,19.0,En Operación
2018-07-15 16:55:00,0.0,1015.15,0.0,15.7,1.6,9891.0,1.0,19.0,En Operación
2018-07-15 17:00:00,0.0,1015.15,0.0,15.7,1.6,9892.0,1.0,19.0,En Operación
2018-07-15 17:05:00,0.0,1015.15,0.0,15.7,1.6,9893.0,1.0,19.0,En Operación
2018-07-15 17:10:00,0.0,1015.15,0.0,15.61,1.8,9894.0,1.0,19.0,En Operación
2018-07-15 17:15:00,0.0,1015.15,0.0,15.52,2.0,9895.0,1.0,19.0,En Operación
2018-07-15 17:20:00,0.0,1015.15,0.0,15.44,2.2,9896.0,1.0,19.0,En Operación
2018-07-15 17:25:00,0.0,1015.15,0.0,15.35,2.4,9897.0,1.0,19.0,En Operación
2018-07-15 17:30:00,0.0,1015.15,0.0,15.35,2.4,9898.0,1.0,19.0,En Operación
2018-07-15 17:35:00,0.0,1015.15,0.0,15.35,2.4,9899.0,1.0,19.0,En Operación
2018-07-15 17:40:00,0.0,1015.21,0.0,15.22,2.2,9900.0,1.0,19.0,En Operación
2018-07-15 17:45:00,0.0,1015.28,0.0,15.1,2.0,9901.0,1.0,19.0,En Operación
2018-07-15 17:50:00,0.0,1015.34,0.0,14.98,1.8,9902.0,1.0,19.0,En Operación
2018-07-15 17:55:00,0.0,1015.4,0.0,14.85,1.6,9903.0,1.0,19.0,En Operación
2018-07-15 18:00:00,0.0,1015.4,0.0,14.85,1.6,9904.0,1.0,19.0,En Operación
2018-07-15 18:05:00,0.0,1015.4,0.0,14.85,1.6,9905.0,1.0,19.0,En Operación
2018-07-15 18:10:00,0.0,1015.45,0.0,14.76,1.6,9906.0,1.0,19.0,En Operación
2018-07-15 18:15:00,0.0,1015.5,0.0,14.68,1.6,9907.0,1.0,19.0,En Operación
2018-07-15 18:20:00,0.0,1015.55,0.0,14.59,1.6,9908.0,1.0,19.0,En Operación
2018-07-15 18:25:00,0.0,1015.6,0.0,14.5,1.6,9909.0,1.0,19.0,En Operación
2018-07-15 18:30:00,0.0,1015.6,0.0,14.5,1.6,9910.0,1.0,19.0,En Operación
2018-07-15 18:35:00,0.0,1015.6,0.0,14.5,1.6,9911.0,1.0,19.0,En Operación
2018-07-15 18:40:00,0.0,1015.66,0.0,14.45,1.6,9912.0,1.0,19.0,En Operación
2018-07-15 18:45:00,0.0,1015.72,0.0,14.4,1.6,9913.0,1.0,19.0,En Operación
2018-07-15 18:50:00,0.0,1015.79,0.0,14.35,1.6,9914.0,1.0,19.0,En Operación
2018-07-15 18:55:00,0.0,1015.85,0.0,14.3,1.6,9915.0,1.0,19.0,En Operación
2018-07-15 19:00:00,0.0,1015.85,0.0,14.3,1.6,9916.0,1.0,19.0,En Operación
2018-07-15 19:05:00,0.0,1015.85,0.0,14.3,1.6,9917.0,1.0,19.0,En Operación
2018-07-15 19:10:00,0.0,1015.9,0.0,14.24,1.6,9918.0,1.0,19.0,En Operación
2018-07-15 19:15:00,0.0,1015.95,0.0,14.18,1.6,9919.0,1.0,19.0,En Operación
2018-07-15 19:20:00,0.0,1016.0,0.0,14.11,1.6,9920.0,1.0,19.0,En Operación
2018-07-15 19:25:00,0.0,1016.05,0.0,14.05,1.6,9921.0,1.0,19.0,En Operación
2018-07-15 19:30:00,0.0,1016.05,0.0,14.05,1.6,9922.0,1.0,19.0,En Operación
2018-07-15 19:35:00,0.0,1016.05,0.0,14.05,1.6,9923.0,1.0,19.0,En Operación
2018-07-15 19:40:00,0.0,1016.12,0.0,14.0,1.6,9924.0,1.0,19.0,En Operación
2018-07-15 19:45:00,0.0,1016.2,0.0,13.95,1.6,9925.0,1.0,19.0,En Operación
2018-07-15 19:50:00,0.0,1016.28,0.0,13.9,1.6,9926.0,1.0,19.0,En Operación
2018-07-15 19:55:00,0.0,1016.35,0.0,13.85,1.6,9927.0,1.0,19.0,En Operación
2018-07-15 20:00:00,0.0,1016.35,0.0,13.85,1.6,9928.0,1.0,19.0,En Operación
2018-07-15 20:05:00,0.0,1016.35,0.0,13.85,1.6,9929.0,1.0,19.0,En Operación
2018-07-15 20:10:00,0.0,1016.4,0.0,13.76,1.6,9930.0,1.0,19.0,En Operación
2018-07-15 20:15:00,0.0,1016.45,0.0,13.68,1.6,9931.0,1.0,19.0,En Operación
2018-07-15 20:20:00,0.0,1016.5,0.0,13.59,1.6,9932.0,1.0,19.0,En Operación
2018-07-15 20:25:00,0.0,1016.55,0.0,13.5,1.6,9933.0,1.0,19.0,En Operación
2018-07-15 20:30:00,0.0,1016.55,0.0,13.5,1.6,9934.0,1.0,19.0,En Operación
2018-07-15 20:35:00,0.0,1016.55,0.0,13.5,1.6,9935.0,1.0,19.0,En Operación
2018-07-15 20:40:00,0.0,1016.61,0.0,13.44,1.6,9936.0,1.0,19.0,En Operación
2018-07-15 20:45:00,0.0,1016.68,0.0,13.38,1.6,9937.0,1.0,19.0,En Operación
2018-07-15 20:50:00,0.0,1016.74,0.0,13.31,1.6,9938.0,1.0,19.0,En Operación
2018-07-15 20:55:00,0.0,1016.8,0.0,13.25,1.6,9939.0,1.0,19.0,En Operación
2018-07-15 21:00:00,0.0,1016.8,0.0,13.25,1.6,9940.0,1.0,19.0,En Operación
2018-07-15 21:05:00,0.0,1016.8,0.0,13.25,1.6,9941.0,1.0,19.0,En Operación
2018-07-15 21:10:00,0.0,1016.82,0.0,13.21,1.6,9942.0,1.0,19.0,En Operación
2018-07-15 21:15:00,0.0,1016.85,0.0,13.18,1.6,9943.0,1.0,19.0,En Operación
2018-07-15 21:20:00,0.0,1016.88,0.0,13.14,1.6,9944.0,1.0,19.0,En Operación
2018-07-15 21:25:00,0.0,1016.9,0.0,13.1,1.6,9945.0,1.0,19.0,En Operación
2018-07-15 21:30:00,0.0,1016.9,0.0,13.1,1.6,9946.0,1.0,19.0,En Operación
2018-07-15 21:35:00,0.0,1016.9,0.0,13.1,1.6,9947.0,1.0,19.0,En Operación
2018-07-15 21:40:00,0.0,1016.91,0.0,13.08,1.6,9948.0,1.0,19.0,En Operación
2018-07-15 21:45:00,0.0,1016.92,0.0,13.05,1.6,9949.0,1.0,19.0,En Operación
2018-07-15 21:50:00,0.0,1016.94,0.0,13.02,1.6,9950.0,1.0,19.0,En Operación
2018-07-15 21:55:00,0.0,1016.95,0.0,13.0,1.6,9951.0,1.0,19.0,En Operación
2018-07-15 22:00:00,0.0,1016.95,0.0,13.0,1.6,9952.0,1.0,19.0,En Operación
2018-07-15 22:05:00,0.0,1016.95,0.0,13.0,1.6,9953.0,1.0,19.0,En Operación
2018-07-15 22:10:00,0.0,1016.99,0.0,12.99,1.6,9954.0,1.0,19.0,En Operación
2018-07-15 22:15:00,0.0,1017.03,0.0,12.98,1.6,9955.0,1.0,19.0,En Operación
2018-07-15 22:20:00,0.0,1017.06,0.0,12.96,1.6,9956.0,1.0,19.0,En Operación
2018-07-15 22:25:00,0.0,1017.1,0.0,12.95,1.6,9957.0,1.0,19.0,En Operación
2018-07-15 22:30:00,0.0,1017.1,0.0,12.95,1.6,9958.0,1.0,19.0,En Operación
2018-07-15 22:35:00,0.0,1017.1,0.0,12.95,1.6,9959.0,1.0,19.0,En Operación
2018-07-15 22:40:00,0.0,1017.16,0.0,12.92,1.6,9960.0,1.0,19.0,En Operación
2018-07-15 22:45:00,0.0,1017.22,0.0,12.9,1.6,9961.0,1.0,19.0,En Operación
2018-07-15 22:50:00,0.0,1017.29,0.0,12.88,1.6,9962.0,1.0,19.0,En Operación
2018-07-15 22:55:00,0.0,1017.35,0.0,12.85,1.6,9963.0,1.0,19.0,En Operación
2018-07-15 23:00:00,0.0,1017.35,0.0,12.85,1.6,9964.0,1.0,19.0,En Operación
2018-07-15 23:05:00,0.0,1017.35,0.0,12.85,1.6,9965.0,1.0,19.0,En Operación
2018-07-15 23:10:00,0.0,1017.38,0.0,12.81,1.6,9966.0,1.0,19.0,En Operación
2018-07-15 23:15:00,0.0,1017.4,0.0,12.77,1.6,9967.0,1.0,19.0,En Operación
2018-07-15 23:20:00,0.0,1017.42,0.0,12.74,1.6,9968.0,1.0,19.0,En Operación
2018-07-15 23:25:00,0.0,1017.45,0.0,12.7,1.6,9969.0,1.0,19.0,En Operación
2018-07-15 23:30:00,0.0,1017.45,0.0,12.7,1.6,9970.0,1.0,19.0,En Operación
2018-07-15 23:35:00,0.0,1017.45,0.0,12.7,1.6,9971.0,1.0,19.0,En Operación
2018-07-15 23:40:00,0.0,1017.48,0.0,12.7,2.0,9972.0,1.0,19.0,En Operación
2018-07-15 23:45:00,0.0,1017.5,0.0,12.7,2.4,9973.0,1.0,19.0,En Operación
2018-07-15 23:50:00,0.0,1017.52,0.0,12.7,2.8,9974.0,1.0,19.0,En Operación
2018-07-15 23:55:00,0.0,1017.55,0.0,12.7,3.2,9975.0,1.0,19.0,En Operación
2018-07-16 00:00:00,0.0,1017.55,0.0,12.7,3.2,9976.0,1.0,19.0,En Operación
2018-07-16 00:05:00,0.0,1017.55,0.0,12.7,3.2,9977.0,1.0,19.0,En Operación
2018-07-16 00:10:00,0.0,1017.58,0.0,12.71,3.0,9978.0,1.0,19.0,En Operación
2018-07-16 00:15:00,0.0,1017.6,0.0,12.72,2.8,9979.0,1.0,19.0,En Operación
2018-07-16 00:20:00,0.0,1017.62,0.0,12.74,2.6,9980.0,1.0,19.0,En Operación
2018-07-16 00:25:00,0.0,1017.65,0.0,12.75,2.4,9981.0,1.0,19.0,En Operación
2018-07-16 00:30:00,0.0,1017.65,0.0,12.75,2.4,9982.0,1.0,19.0,En Operación
2018-07-16 00:35:00,0.0,1017.65,0.0,12.75,2.4,9983.0,1.0,19.0,En Operación
2018-07-16 00:40:00,0.0,1017.69,0.0,12.8,2.2,9984.0,1.0,19.0,En Operación
2018-07-16 00:45:00,0.0,1017.72,0.0,12.85,2.0,9985.0,1.0,19.0,En Operación
2018-07-16 00:50:00,0.0,1017.76,0.0,12.9,1.8,9986.0,1.0,19.0,En Operación
2018-07-16 00:55:00,0.0,1017.8,0.0,12.95,1.6,9987.0,1.0,19.0,En Operación
2018-07-16 01:00:00,0.0,1017.8,0.0,12.95,1.6,9988.0,1.0,19.0,En Operación
2018-07-16 01:05:00,0.0,1017.8,0.0,12.95,1.6,9989.0,1.0,19.0,En Operación
2018-07-16 01:10:00,0.0,1017.82,0.0,12.98,1.6,9990.0,1.0,19.0,En Operación
2018-07-16 01:15:00,0.0,1017.85,0.0,13.0,1.6,9991.0,1.0,19.0,En Operación
2018-07-16 01:20:00,0.0,1017.88,0.0,13.02,1.6,9992.0,1.0,19.0,En Operación
2018-07-16 01:25:00,0.0,1017.9,0.0,13.05,1.6,9993.0,1.0,19.0,En Operación
2018-07-16 01:30:00,0.0,1017.9,0.0,13.05,1.6,9994.0,1.0,19.0,En Operación
2018-07-16 01:35:00,0.0,1017.9,0.0,13.05,1.6,9995.0,1.0,19.0,En Operación
2018-07-16 01:40:00,0.0,1017.91,0.0,12.99,1.8,9996.0,1.0,19.0,En Operación
2018-07-16 01:45:00,0.0,1017.92,0.0,12.92,2.0,9997.0,1.0,19.0,En Operación
2018-07-16 01:50:00,0.0,1017.94,0.0,12.86,2.2,9998.0,1.0,19.0,En Operación
2018-07-16 01:55:00,0.0,1017.95,0.0,12.8,2.4,9999.0,1.0,19.0,En Operación
2018-07-16 02:00:00,0.0,1017.95,0.0,12.8,2.4,10000.0,1.0,19.0,En Operación
2018-07-16 02:05:00,0.0,1017.95,0.0,12.8,2.4,10001.0,1.0,19.0,En Operación
2018-07-16 02:10:00,0.0,1017.96,0.0,12.74,2.2,10002.0,1.0,19.0,En Operación
2018-07-16 02:15:00,0.0,1017.98,0.0,12.68,2.0,10003.0,1.0,19.0,En Operación
2018-07-16 02:20:00,0.0,1017.99,0.0,12.61,1.8,10004.0,1.0,19.0,En Operación
2018-07-16 02:25:00,0.0,1018.0,0.0,12.55,1.6,10005.0,1.0,19.0,En Operación
2018-07-16 02:30:00,0.0,1018.0,0.0,12.55,1.6,10006.0,1.0,19.0,En Operación
2018-07-16 02:35:00,0.0,1018.0,0.0,12.55,1.6,10007.0,1.0,19.0,En Operación
2018-07-16 02:40:00,0.0,1018.04,0.0,12.55,1.6,10008.0,1.0,19.0,En Operación
2018-07-16 02:45:00,0.0,1018.08,0.0,12.55,1.6,10009.0,1.0,19.0,En Operación
2018-07-16 02:50:00,0.0,1018.11,0.0,12.55,1.6,10010.0,1.0,19.0,En Operación
2018-07-16 02:55:00,0.0,1018.15,0.0,12.55,1.6,10011.0,1.0,19.0,En Operación
2018-07-16 03:00:00,0.0,1018.15,0.0,12.55,1.6,10012.0,1.0,19.0,En Operación
2018-07-16 03:05:00,0.0,1018.15,0.0,12.55,1.6,10013.0,1.0,19.0,En Operación
2018-07-16 03:10:00,0.0,1018.16,0.0,12.52,1.6,10014.0,1.0,19.0,En Operación
2018-07-16 03:15:00,0.0,1018.18,0.0,12.5,1.6,10015.0,1.0,19.0,En Operación
2018-07-16 03:20:00,0.0,1018.19,0.0,12.48,1.6,10016.0,1.0,19.0,En Operación
2018-07-16 03:25:00,0.0,1018.2,0.0,12.45,1.6,10017.0,1.0,19.0,En Operación
2018-07-16 03:30:00,0.0,1018.2,0.0,12.45,1.6,10018.0,1.0,19.0,En Operación
2018-07-16 03:35:00,0.0,1018.2,0.0,12.45,1.6,10019.0,1.0,19.0,En Operación
2018-07-16 03:40:00,0.0,1018.26,0.0,12.46,1.6,10020.0,1.0,19.0,En Operación
2018-07-16 03:45:00,0.0,1018.32,0.0,12.48,1.6,10021.0,1.0,19.0,En Operación
2018-07-16 03:50:00,0.0,1018.39,0.0,12.49,1.6,10022.0,1.0,19.0,En Operación
2018-07-16 03:55:00,0.0,1018.45,0.0,12.5,1.6,10023.0,1.0,19.0,En Operación
2018-07-16 04:00:00,0.0,1018.45,0.0,12.5,1.6,10024.0,1.0,19.0,En Operación
2018-07-16 04:05:00,0.0,1018.45,0.0,12.5,1.6,10025.0,1.0,19.0,En Operación
2018-07-16 04:10:00,0.0,1018.44,0.0,12.5,1.6,10026.0,1.0,19.0,En Operación
2018-07-16 04:15:00,0.0,1018.42,0.0,12.5,1.6,10027.0,1.0,19.0,En Operación
2018-07-16 04:20:00,0.0,1018.41,0.0,12.5,1.6,10028.0,1.0,19.0,En Operación
2018-07-16 04:25:00,0.0,1018.4,0.0,12.5,1.6,10029.0,1.0,19.0,En Operación
2018-07-16 04:30:00,0.0,1018.4,0.0,12.5,1.6,10030.0,1.0,19.0,En Operación
2018-07-16 04:35:00,0.0,1018.4,0.0,12.5,1.6,10031.0,1.0,19.0,En Operación
2018-07-16 04:40:00,0.0,1018.42,0.0,12.48,1.6,10032.0,1.0,19.0,En Operación
2018-07-16 04:45:00,0.0,1018.45,0.0,12.45,1.6,10033.0,1.0,19.0,En Operación
2018-07-16 04:50:00,0.0,1018.48,0.0,12.42,1.6,10034.0,1.0,19.0,En Operación
2018-07-16 04:55:00,0.0,1018.5,0.0,12.4,1.6,10035.0,1.0,19.0,En Operación
2018-07-16 05:00:00,0.0,1018.5,0.0,12.4,1.6,10036.0,1.0,19.0,En Operación
2018-07-16 05:05:00,0.0,1018.5,0.0,12.4,1.6,10037.0,1.0,19.0,En Operación
2018-07-16 05:10:00,0.0,1018.5,0.0,12.42,1.6,10038.0,1.0,19.0,En Operación
2018-07-16 05:15:00,0.0,1018.5,0.0,12.45,1.6,10039.0,1.0,19.0,En Operación
2018-07-16 05:20:00,0.0,1018.5,0.0,12.48,1.6,10040.0,1.0,19.0,En Operación
2018-07-16 05:25:00,0.0,1018.5,0.0,12.5,1.6,10041.0,1.0,19.0,En Operación
2018-07-16 05:30:00,0.0,1018.5,0.0,12.5,1.6,10042.0,1.0,19.0,En Operación
2018-07-16 05:35:00,0.0,1018.5,0.0,12.5,1.6,10043.0,1.0,19.0,En Operación
2018-07-16 05:40:00,0.0,1018.51,0.0,12.44,2.0,10044.0,1.0,19.0,En Operación
2018-07-16 05:45:00,0.0,1018.52,0.0,12.38,2.4,10045.0,1.0,19.0,En Operación
2018-07-16 05:50:00,0.0,1018.54,0.0,12.31,2.8,10046.0,1.0,19.0,En Operación
2018-07-16 05:55:00,0.0,1018.55,0.0,12.25,3.2,10047.0,1.0,19.0,En Operación
2018-07-16 06:00:00,0.0,1018.55,0.0,12.25,3.2,10048.0,1.0,19.0,En Operación
2018-07-16 06:05:00,0.0,1018.55,0.0,12.25,3.2,10049.0,1.0,19.0,En Operación
2018-07-16 06:10:00,0.0,1018.56,0.0,12.25,3.6,10050.0,1.0,19.0,En Operación
2018-07-16 06:15:00,0.0,1018.58,0.0,12.25,4.0,10051.0,1.0,19.0,En Operación
2018-07-16 06:20:00,0.0,1018.59,0.0,12.25,4.4,10052.0,1.0,19.0,En Operación
2018-07-16 06:25:00,0.0,1018.6,0.0,12.25,4.8,10053.0,1.0,19.0,En Operación
2018-07-16 06:30:00,0.0,1018.6,0.0,12.25,4.8,10054.0,1.0,19.0,En Operación
2018-07-16 06:35:00,0.0,1018.6,0.0,12.25,4.8,10055.0,1.0,19.0,En Operación
2018-07-16 06:40:00,0.0,1018.64,0.0,12.25,4.2,10056.0,1.0,19.0,En Operación
2018-07-16 06:45:00,0.0,1018.68,0.0,12.25,3.6,10057.0,1.0,19.0,En Operación
2018-07-16 06:50:00,0.0,1018.71,0.0,12.25,3.0,10058.0,1.0,19.0,En Operación
2018-07-16 06:55:00,0.0,1018.75,0.0,12.25,2.4,10059.0,1.0,19.0,En Operación
2018-07-16 07:00:00,0.0,1018.75,0.0,12.25,2.4,10060.0,1.0,19.0,En Operación
2018-07-16 07:05:00,0.0,1018.75,0.0,12.25,2.4,10061.0,1.0,19.0,En Operación
2018-07-16 07:10:00,0.0,1018.75,0.0,12.25,2.4,10062.0,1.0,19.0,En Operación
2018-07-16 07:15:00,0.0,1018.75,0.0,12.25,2.4,10063.0,1.0,19.0,En Operación
2018-07-16 07:20:00,0.0,1018.75,0.0,12.25,2.4,10064.0,1.0,19.0,En Operación
2018-07-16 07:25:00,0.0,1018.75,0.0,12.25,2.4,10065.0,1.0,19.0,En Operación
2018-07-16 07:30:00,0.0,1018.75,0.0,12.25,2.4,10066.0,1.0,19.0,En Operación
2018-07-16 07:35:00,0.0,1018.75,0.0,12.25,2.4,10067.0,1.0,19.0,En Operación
2018-07-16 07:40:00,0.0,1018.8,0.0,12.24,2.2,10068.0,1.0,19.0,En Operación
2018-07-16 07:45:00,0.0,1018.85,0.0,12.22,2.0,10069.0,1.0,19.0,En Operación
2018-07-16 07:50:00,0.0,1018.9,0.0,12.21,1.8,10070.0,1.0,19.0,En Operación
2018-07-16 07:55:00,0.0,1018.95,0.0,12.2,1.6,10071.0,1.0,19.0,En Operación
2018-07-16 08:00:00,0.0,1018.95,0.0,12.2,1.6,10072.0,1.0,19.0,En Operación
2018-07-16 08:05:00,0.0,1018.95,0.0,12.2,1.6,10073.0,1.0,19.0,En Operación
2018-07-16 08:10:00,0.0,1020.34,0.0,11.5,2.0,10074.0,1.0,19.0,En Operación
2018-07-16 08:15:00,0.0,1021.72,0.0,10.8,2.4,10075.0,1.0,19.0,En Operación
2018-07-16 08:20:00,0.0,1023.11,0.0,10.1,2.8,10076.0,1.0,19.0,En Operación
2018-07-16 08:25:00,0.0,1024.5,0.0,9.4,3.2,10077.0,1.0,19.0,En Operación
2018-07-16 08:30:00,0.0,1024.5,0.0,9.4,3.2,10078.0,1.0,19.0,En Operación
2018-07-16 08:35:00,0.0,1024.5,0.0,9.4,3.2,10079.0,1.0,19.0,En Operación
2018-07-16 08:40:00,0.0,1024.54,0.0,9.44,3.4,10080.0,1.0,19.0,En Operación
2018-07-16 08:45:00,0.0,1024.58,0.0,9.48,3.6,10081.0,1.0,19.0,En Operación
2018-07-16 08:50:00,0.0,1024.61,0.0,9.51,3.8,10082.0,1.0,19.0,En Operación
2018-07-16 08:55:00,0.0,1024.65,0.0,9.55,4.0,10083.0,1.0,19.0,En Operación
2018-07-16 09:00:00,0.0,1024.65,0.0,9.55,4.0,10084.0,1.0,19.0,En Operación
2018-07-16 09:05:00,0.0,1024.65,0.0,9.55,4.0,10085.0,1.0,19.0,En Operación
2018-07-16 09:10:00,0.0,1024.66,0.0,9.71,4.21,10086.0,1.0,19.0,En Operación
2018-07-16 09:15:00,0.0,1024.68,0.0,9.88,4.42,10087.0,1.0,19.0,En Operación
2018-07-16 09:20:00,0.0,1024.69,0.0,10.04,4.64,10088.0,1.0,19.0,En Operación
2018-07-16 09:25:00,0.0,1024.7,0.0,10.2,4.85,10089.0,1.0,19.0,En Operación
2018-07-16 09:30:00,0.0,1024.7,0.0,10.2,4.85,10090.0,1.0,19.0,En Operación
2018-07-16 09:35:00,0.0,1024.7,0.0,10.2,4.85,10091.0,1.0,19.0,En Operación
2018-07-16 09:40:00,0.0,1024.79,0.0,10.29,5.25,10092.0,1.0,19.0,En Operación
2018-07-16 09:45:00,0.0,1024.88,0.0,10.38,5.65,10093.0,1.0,19.0,En Operación
2018-07-16 09:50:00,0.0,1024.96,0.0,10.46,6.05,10094.0,1.0,19.0,En Operación
2018-07-16 09:55:00,0.0,1025.05,0.0,10.55,6.45,10095.0,1.0,19.0,En Operación
2018-07-16 10:00:00,0.0,1025.05,0.0,10.55,6.45,10096.0,1.0,19.0,En Operación
2018-07-16 10:05:00,0.0,1025.05,0.0,10.55,6.45,10097.0,1.0,19.0,En Operación
2018-07-16 10:10:00,0.0,1025.16,0.0,10.56,6.45,10098.0,1.0,19.0,En Operación
2018-07-16 10:15:00,0.0,1025.28,0.0,10.58,6.45,10099.0,1.0,19.0,En Operación
2018-07-16 10:20:00,0.0,1025.39,0.0,10.59,6.45,10100.0,1.0,19.0,En Operación
2018-07-16 10:25:00,0.0,1025.5,0.0,10.6,6.45,10101.0,1.0,19.0,En Operación
2018-07-16 10:30:00,0.0,1025.5,0.0,10.6,6.45,10102.0,1.0,19.0,En Operación
2018-07-16 10:35:00,0.0,1025.5,0.0,10.6,6.45,10103.0,1.0,19.0,En Operación
2018-07-16 10:40:00,0.0,1025.54,0.0,10.71,6.25,10104.0,1.0,19.0,En Operación
2018-07-16 10:45:00,0.0,1025.58,0.0,10.82,6.05,10105.0,1.0,19.0,En Operación
2018-07-16 10:50:00,0.0,1025.61,0.0,10.94,5.85,10106.0,1.0,19.0,En Operación
2018-07-16 10:55:00,0.0,1025.65,0.0,11.05,5.65,10107.0,1.0,19.0,En Operación
2018-07-16 11:00:00,0.0,1025.65,0.0,11.05,5.65,10108.0,1.0,19.0,En Operación
2018-07-16 11:05:00,0.0,1025.65,0.0,11.05,5.65,10109.0,1.0,19.0,En Operación
2018-07-16 11:10:00,0.0,1025.65,0.0,11.06,5.65,10110.0,1.0,19.0,En Operación
2018-07-16 11:15:00,0.0,1025.65,0.0,11.08,5.65,10111.0,1.0,19.0,En Operación
2018-07-16 11:20:00,0.0,1025.65,0.0,11.09,5.65,10112.0,1.0,19.0,En Operación
2018-07-16 11:25:00,0.0,1025.65,0.0,11.1,5.65,10113.0,1.0,19.0,En Operación
2018-07-16 11:30:00,0.0,1025.65,0.0,11.1,5.65,10114.0,1.0,19.0,En Operación
2018-07-16 11:35:00,0.0,1025.65,0.0,11.1,5.65,10115.0,1.0,19.0,En Operación
2018-07-16 11:40:00,0.0,1025.66,0.0,11.11,5.85,10116.0,1.0,19.0,En Operación
2018-07-16 11:45:00,0.0,1025.68,0.0,11.12,6.05,10117.0,1.0,19.0,En Operación
2018-07-16 11:50:00,0.0,1025.69,0.0,11.14,6.25,10118.0,1.0,19.0,En Operación
2018-07-16 11:55:00,0.0,1025.7,0.0,11.15,6.45,10119.0,1.0,19.0,En Operación
2018-07-16 12:00:00,0.0,1025.7,0.0,11.15,6.45,10120.0,1.0,19.0,En Operación
2018-07-16 12:05:00,0.0,1025.7,0.0,11.15,6.45,10121.0,1.0,19.0,En Operación
2018-07-16 12:10:00,0.0,1025.66,0.0,11.2,6.65,10122.0,1.0,19.0,En Operación
2018-07-16 12:15:00,0.0,1025.62,0.0,11.25,6.85,10123.0,1.0,19.0,En Operación
2018-07-16 12:20:00,0.0,1025.59,0.0,11.3,7.05,10124.0,1.0,19.0,En Operación
2018-07-16 12:25:00,0.0,1025.55,0.0,11.35,7.25,10125.0,1.0,19.0,En Operación
2018-07-16 12:30:00,0.0,1025.55,0.0,11.35,7.25,10126.0,1.0,19.0,En Operación
2018-07-16 12:35:00,0.0,1025.55,0.0,11.35,7.25,10127.0,1.0,19.0,En Operación
2018-07-16 12:40:00,0.0,1025.51,0.0,11.34,8.05,10128.0,1.0,19.0,En Operación
2018-07-16 12:45:00,0.0,1025.47,0.0,11.32,8.85,10129.0,1.0,19.0,En Operación
2018-07-16 12:50:00,0.0,1025.44,0.0,11.31,9.65,10130.0,1.0,19.0,En Operación
2018-07-16 12:55:00,0.0,1025.4,0.0,11.3,10.45,10131.0,1.0,19.0,En Operación
2018-07-16 13:00:00,0.0,1025.4,0.0,11.3,10.45,10132.0,1.0,19.0,En Operación
2018-07-16 13:05:00,0.0,1025.4,0.0,11.3,10.45,10133.0,1.0,19.0,En Operación
2018-07-16 13:10:00,0.0,1025.35,0.0,11.26,9.45,10134.0,1.0,19.0,En Operación
2018-07-16 13:15:00,0.0,1025.3,0.0,11.23,8.45,10135.0,1.0,19.0,En Operación
2018-07-16 13:20:00,0.0,1025.25,0.0,11.19,7.45,10136.0,1.0,19.0,En Operación
2018-07-16 13:25:00,0.0,1025.2,0.0,11.15,6.45,10137.0,1.0,19.0,En Operación
2018-07-16 13:30:00,0.0,1025.2,0.0,11.15,6.45,10138.0,1.0,19.0,En Operación
2018-07-16 13:35:00,0.0,1025.2,0.0,11.15,6.45,10139.0,1.0,19.0,En Operación
2018-07-16 13:40:00,0.0,1025.18,0.0,11.14,6.45,10140.0,1.0,19.0,En Operación
2018-07-16 13:45:00,0.0,1025.15,0.0,11.12,6.45,10141.0,1.0,19.0,En Operación
2018-07-16 13:50:00,0.0,1025.12,0.0,11.11,6.45,10142.0,1.0,19.0,En Operación
2018-07-16 13:55:00,0.0,1025.1,0.0,11.1,6.45,10143.0,1.0,19.0,En Operación
2018-07-16 14:00:00,0.0,1025.1,0.0,11.1,6.45,10144.0,1.0,19.0,En Operación
2018-07-16 14:05:00,0.0,1025.1,0.0,11.1,6.45,10145.0,1.0,19.0,En Operación
2018-07-16 14:10:00,0.0,1025.0,0.0,11.09,6.45,10146.0,1.0,19.0,En Operación
2018-07-16 14:15:00,0.0,1024.9,0.0,11.08,6.45,10147.0,1.0,19.0,En Operación
2018-07-16 14:20:00,0.0,1024.8,0.0,11.06,6.45,10148.0,1.0,19.0,En Operación
2018-07-16 14:25:00,0.0,1024.7,0.0,11.05,6.45,10149.0,1.0,19.0,En Operación
2018-07-16 14:30:00,0.0,1024.7,0.0,11.05,6.45,10150.0,1.0,19.0,En Operación
2018-07-16 14:35:00,0.0,1024.7,0.0,11.05,6.45,10151.0,1.0,19.0,En Operación
2018-07-16 14:40:00,0.0,1024.66,0.0,11.05,6.45,10152.0,1.0,19.0,En Operación
2018-07-16 14:45:00,0.0,1024.62,0.0,11.05,6.45,10153.0,1.0,19.0,En Operación
2018-07-16 14:50:00,0.0,1024.59,0.0,11.05,6.45,10154.0,1.0,19.0,En Operación
2018-07-16 14:55:00,0.0,1024.55,0.0,11.05,6.45,10155.0,1.0,19.0,En Operación
2018-07-16 15:00:00,0.0,1024.55,0.0,11.05,6.45,10156.0,1.0,19.0,En Operación
2018-07-16 15:05:00,0.0,1024.55,0.0,11.05,6.45,10157.0,1.0,19.0,En Operación
2018-07-16 15:10:00,0.0,1024.5,0.0,11.0,6.25,10158.0,1.0,19.0,En Operación
2018-07-16 15:15:00,0.0,1024.45,0.0,10.95,6.05,10159.0,1.0,19.0,En Operación
2018-07-16 15:20:00,0.0,1024.4,0.0,10.9,5.85,10160.0,1.0,19.0,En Operación
2018-07-16 15:25:00,0.0,1024.35,0.0,10.85,5.65,10161.0,1.0,19.0,En Operación
2018-07-16 15:30:00,0.0,1024.35,0.0,10.85,5.65,10162.0,1.0,19.0,En Operación
2018-07-16 15:35:00,0.0,1024.35,0.0,10.85,5.65,10163.0,1.0,19.0,En Operación
2018-07-16 15:40:00,0.0,1024.35,0.0,10.85,5.65,10164.0,1.0,19.0,En Operación
2018-07-16 15:45:00,0.0,1024.35,0.0,10.85,5.65,10165.0,1.0,19.0,En Operación
2018-07-16 15:50:00,0.0,1024.35,0.0,10.85,5.65,10166.0,1.0,19.0,En Operación
2018-07-16 15:55:00,0.0,1024.35,0.0,10.85,5.65,10167.0,1.0,19.0,En Operación
2018-07-16 16:00:00,0.0,1024.35,0.0,10.85,5.65,10168.0,1.0,19.0,En Operación
2018-07-16 16:05:00,0.0,1024.35,0.0,10.85,5.65,10169.0,1.0,19.0,En Operación
2018-07-16 16:10:00,0.0,1024.31,0.0,10.85,5.44,10170.0,1.0,19.0,En Operación
2018-07-16 16:15:00,0.0,1024.28,0.0,10.85,5.22,10171.0,1.0,19.0,En Operación
2018-07-16 16:20:00,0.0,1024.24,0.0,10.85,5.01,10172.0,1.0,19.0,En Operación
2018-07-16 16:25:00,0.0,1024.2,0.0,10.85,4.8,10173.0,1.0,19.0,En Operación
2018-07-16 16:30:00,0.0,1024.2,0.0,10.85,4.8,10174.0,1.0,19.0,En Operación
2018-07-16 16:35:00,0.0,1024.2,0.0,10.85,4.8,10175.0,1.0,19.0,En Operación
2018-07-16 16:40:00,0.0,1024.21,0.0,10.81,5.6,10176.0,1.0,19.0,En Operación
2018-07-16 16:45:00,0.0,1024.22,0.0,10.77,6.4,10177.0,1.0,19.0,En Operación
2018-07-16 16:50:00,0.0,1024.24,0.0,10.74,7.2,10178.0,1.0,19.0,En Operación
2018-07-16 16:55:00,0.0,1024.25,0.0,10.7,8.0,10179.0,1.0,19.0,En Operación
2018-07-16 17:00:00,0.0,1024.25,0.0,10.7,8.0,10180.0,1.0,19.0,En Operación
2018-07-16 17:05:00,0.0,1024.25,0.0,10.7,8.0,10181.0,1.0,19.0,En Operación
2018-07-16 17:10:00,0.0,1024.31,0.0,10.52,7.4,10182.0,1.0,19.0,En Operación
2018-07-16 17:15:00,0.0,1024.38,0.0,10.35,6.8,10183.0,1.0,19.0,En Operación
2018-07-16 17:20:00,0.0,1024.44,0.0,10.18,6.2,10184.0,1.0,19.0,En Operación
2018-07-16 17:25:00,0.0,1024.5,0.0,10.0,5.6,10185.0,1.0,19.0,En Operación
2018-07-16 17:30:00,0.0,1024.5,0.0,10.0,5.6,10186.0,1.0,19.0,En Operación
2018-07-16 17:35:00,0.0,1024.5,0.0,10.0,5.6,10187.0,1.0,19.0,En Operación
2018-07-16 17:40:00,0.0,1024.51,0.0,9.98,6.41,10188.0,1.0,19.0,En Operación
2018-07-16 17:45:00,0.0,1024.53,0.0,9.95,7.22,10189.0,1.0,19.0,En Operación
2018-07-16 17:50:00,0.0,1024.54,0.0,9.93,8.04,10190.0,1.0,19.0,En Operación
2018-07-16 17:55:00,0.0,1024.55,0.0,9.9,8.85,10191.0,1.0,19.0,En Operación
2018-07-16 18:00:00,0.0,1024.55,0.0,9.9,8.85,10192.0,1.0,19.0,En Operación
2018-07-16 18:05:00,0.0,1024.55,0.0,9.9,8.85,10193.0,1.0,19.0,En Operación
2018-07-16 18:10:00,0.0,1024.61,0.0,9.79,7.84,10194.0,1.0,19.0,En Operación
2018-07-16 18:15:00,0.0,1024.68,0.0,9.68,6.82,10195.0,1.0,19.0,En Operación
2018-07-16 18:20:00,0.0,1024.74,0.0,9.56,5.81,10196.0,1.0,19.0,En Operación
2018-07-16 18:25:00,0.0,1024.8,0.0,9.45,4.8,10197.0,1.0,19.0,En Operación
2018-07-16 18:30:00,0.0,1024.8,0.0,9.45,4.8,10198.0,1.0,19.0,En Operación
2018-07-16 18:35:00,0.0,1024.8,0.0,9.45,4.8,10199.0,1.0,19.0,En Operación
2018-07-16 18:40:00,0.0,1024.82,0.0,9.44,4.6,10200.0,1.0,19.0,En Operación
2018-07-16 18:45:00,0.0,1024.85,0.0,9.43,4.4,10201.0,1.0,19.0,En Operación
2018-07-16 18:50:00,0.0,1024.88,0.0,9.41,4.2,10202.0,1.0,19.0,En Operación
2018-07-16 18:55:00,0.0,1024.9,0.0,9.4,4.0,10203.0,1.0,19.0,En Operación
2018-07-16 19:00:00,0.0,1024.9,0.0,9.4,4.0,10204.0,1.0,19.0,En Operación
2018-07-16 19:05:00,0.0,1024.9,0.0,9.4,4.0,10205.0,1.0,19.0,En Operación
2018-07-16 19:10:00,0.0,1024.95,0.0,9.32,4.4,10206.0,1.0,19.0,En Operación
2018-07-16 19:15:00,0.0,1025.0,0.0,9.25,4.8,10207.0,1.0,19.0,En Operación
2018-07-16 19:20:00,0.0,1025.05,0.0,9.18,5.2,10208.0,1.0,19.0,En Operación
2018-07-16 19:25:00,0.0,1025.1,0.0,9.1,5.6,10209.0,1.0,19.0,En Operación
2018-07-16 19:30:00,0.0,1025.1,0.0,9.1,5.6,10210.0,1.0,19.0,En Operación
2018-07-16 19:35:00,0.0,1025.1,0.0,9.1,5.6,10211.0,1.0,19.0,En Operación
2018-07-16 19:40:00,0.0,1025.12,0.0,9.09,5.2,10212.0,1.0,19.0,En Operación
2018-07-16 19:45:00,0.0,1025.15,0.0,9.07,4.8,10213.0,1.0,19.0,En Operación
2018-07-16 19:50:00,0.0,1025.18,0.0,9.06,4.4,10214.0,1.0,19.0,En Operación
2018-07-16 19:55:00,0.0,1025.2,0.0,9.05,4.0,10215.0,1.0,19.0,En Operación
2018-07-16 20:00:00,0.0,1025.2,0.0,9.05,4.0,10216.0,1.0,19.0,En Operación
2018-07-16 20:05:00,0.0,1025.2,0.0,9.05,4.0,10217.0,1.0,19.0,En Operación
2018-07-16 20:10:00,0.0,1025.25,0.0,9.0,4.2,10218.0,1.0,19.0,En Operación
2018-07-16 20:15:00,0.0,1025.3,0.0,8.95,4.4,10219.0,1.0,19.0,En Operación
2018-07-16 20:20:00,0.0,1025.35,0.0,8.9,4.6,10220.0,1.0,19.0,En Operación
2018-07-16 20:25:00,0.0,1025.4,0.0,8.85,4.8,10221.0,1.0,19.0,En Operación
2018-07-16 20:30:00,0.0,1025.4,0.0,8.85,4.8,10222.0,1.0,19.0,En Operación
2018-07-16 20:35:00,0.0,1025.4,0.0,8.85,4.8,10223.0,1.0,19.0,En Operación
2018-07-16 20:40:00,0.0,1025.4,0.0,8.82,4.8,10224.0,1.0,19.0,En Operación
2018-07-16 20:45:00,0.0,1025.4,0.0,8.8,4.8,10225.0,1.0,19.0,En Operación
2018-07-16 20:50:00,0.0,1025.4,0.0,8.78,4.8,10226.0,1.0,19.0,En Operación
2018-07-16 20:55:00,0.0,1025.4,0.0,8.75,4.8,10227.0,1.0,19.0,En Operación
2018-07-16 21:00:00,0.0,1025.4,0.0,8.75,4.8,10228.0,1.0,19.0,En Operación
2018-07-16 21:05:00,0.0,1025.4,0.0,8.75,4.8,10229.0,1.0,19.0,En Operación
2018-07-16 21:10:00,0.0,1025.39,0.0,8.72,6.22,10230.0,1.0,19.0,En Operación
2018-07-16 21:15:00,0.0,1025.38,0.0,8.7,7.65,10231.0,1.0,19.0,En Operación
2018-07-16 21:20:00,0.0,1025.36,0.0,8.68,9.07,10232.0,1.0,19.0,En Operación
2018-07-16 21:25:00,0.0,1025.35,0.0,8.65,10.5,10233.0,1.0,19.0,En Operación
2018-07-16 21:30:00,0.0,1025.35,0.0,8.65,10.5,10234.0,1.0,19.0,En Operación
2018-07-16 21:35:00,0.0,1025.35,0.0,8.65,10.5,10235.0,1.0,19.0,En Operación
2018-07-16 21:40:00,0.0,1025.36,0.0,8.64,9.29,10236.0,1.0,19.0,En Operación
2018-07-16 21:45:00,0.0,1025.38,0.0,8.62,8.07,10237.0,1.0,19.0,En Operación
2018-07-16 21:50:00,0.0,1025.39,0.0,8.61,6.86,10238.0,1.0,19.0,En Operación
2018-07-16 21:55:00,0.0,1025.4,0.0,8.6,5.65,10239.0,1.0,19.0,En Operación
2018-07-16 22:00:00,0.0,1025.4,0.0,8.6,5.65,10240.0,1.0,19.0,En Operación
2018-07-16 22:05:00,0.0,1025.4,0.0,8.6,5.65,10241.0,1.0,19.0,En Operación
2018-07-16 22:10:00,0.0,1025.34,0.0,8.59,5.24,10242.0,1.0,19.0,En Operación
2018-07-16 22:15:00,0.0,1025.28,0.0,8.57,4.82,10243.0,1.0,19.0,En Operación
2018-07-16 22:20:00,0.0,1025.21,0.0,8.56,4.41,10244.0,1.0,19.0,En Operación
2018-07-16 22:25:00,0.0,1025.15,0.0,8.55,4.0,10245.0,1.0,19.0,En Operación
2018-07-16 22:30:00,0.0,1025.15,0.0,8.55,4.0,10246.0,1.0,19.0,En Operación
2018-07-16 22:35:00,0.0,1025.15,0.0,8.55,4.0,10247.0,1.0,19.0,En Operación
2018-07-16 22:40:00,0.0,1025.16,0.0,8.54,6.61,10248.0,1.0,19.0,En Operación
2018-07-16 22:45:00,0.0,1025.18,0.0,8.52,9.22,10249.0,1.0,19.0,En Operación
2018-07-16 22:50:00,0.0,1025.19,0.0,8.51,11.84,10250.0,1.0,19.0,En Operación
2018-07-16 22:55:00,0.0,1025.2,0.0,8.5,14.45,10251.0,1.0,19.0,En Operación
2018-07-16 23:00:00,0.0,1025.2,0.0,8.5,14.45,10252.0,1.0,19.0,En Operación
2018-07-16 23:05:00,0.0,1025.2,0.0,8.5,14.45,10253.0,1.0,19.0,En Operación
2018-07-16 23:10:00,0.0,1025.21,0.0,8.55,12.04,10254.0,1.0,19.0,En Operación
2018-07-16 23:15:00,0.0,1025.22,0.0,8.6,9.62,10255.0,1.0,19.0,En Operación
2018-07-16 23:20:00,0.0,1025.24,0.0,8.65,7.21,10256.0,1.0,19.0,En Operación
2018-07-16 23:25:00,0.0,1025.25,0.0,8.7,4.8,10257.0,1.0,19.0,En Operación
2018-07-16 23:30:00,0.0,1025.25,0.0,8.7,4.8,10258.0,1.0,19.0,En Operación
2018-07-16 23:35:00,0.0,1025.25,0.0,8.7,4.8,10259.0,1.0,19.0,En Operación
2018-07-16 23:40:00,0.0,1025.25,0.0,8.74,4.4,10260.0,1.0,19.0,En Operación
2018-07-16 23:45:00,0.0,1025.25,0.0,8.77,4.0,10261.0,1.0,19.0,En Operación
2018-07-16 23:50:00,0.0,1025.25,0.0,8.81,3.6,10262.0,1.0,19.0,En Operación
2018-07-16 23:55:00,0.0,1025.25,0.0,8.85,3.2,10263.0,1.0,19.0,En Operación
2018-07-17 00:00:00,0.0,1025.25,0.0,8.85,3.2,10264.0,1.0,19.0,En Operación
2018-07-17 00:05:00,0.0,1025.25,0.0,8.85,3.2,10265.0,1.0,19.0,En Operación
2018-07-17 00:10:00,0.0,1025.2,0.0,8.94,4.41,10266.0,1.0,19.0,En Operación
2018-07-17 00:15:00,0.0,1025.15,0.0,9.02,5.62,10267.0,1.0,19.0,En Operación
2018-07-17 00:20:00,0.0,1025.1,0.0,9.11,6.84,10268.0,1.0,19.0,En Operación
2018-07-17 00:25:00,0.0,1025.05,0.0,9.2,8.05,10269.0,1.0,19.0,En Operación
2018-07-17 00:30:00,0.0,1025.05,0.0,9.2,8.05,10270.0,1.0,19.0,En Operación
2018-07-17 00:35:00,0.0,1025.05,0.0,9.2,8.05,10271.0,1.0,19.0,En Operación
2018-07-17 00:40:00,0.0,1025.01,0.0,9.3,7.85,10272.0,1.0,19.0,En Operación
2018-07-17 00:45:00,0.0,1024.97,0.0,9.4,7.65,10273.0,1.0,19.0,En Operación
2018-07-17 00:50:00,0.0,1024.94,0.0,9.5,7.45,10274.0,1.0,19.0,En Operación
2018-07-17 00:55:00,0.0,1024.9,0.0,9.6,7.25,10275.0,1.0,19.0,En Operación
2018-07-17 01:00:00,0.0,1024.9,0.0,9.6,7.25,10276.0,1.0,19.0,En Operación
2018-07-17 01:05:00,0.0,1024.9,0.0,9.6,7.25,10277.0,1.0,19.0,En Operación
2018-07-17 01:10:00,0.0,1024.78,0.0,9.65,7.25,10278.0,1.0,19.0,En Operación
2018-07-17 01:15:00,0.0,1024.65,0.0,9.7,7.25,10279.0,1.0,19.0,En Operación
2018-07-17 01:20:00,0.0,1024.53,0.0,9.75,7.25,10280.0,1.0,19.0,En Operación
2018-07-17 01:25:00,0.0,1024.4,0.0,9.8,7.25,10281.0,1.0,19.0,En Operación
2018-07-17 01:30:00,0.0,1024.4,0.0,9.8,7.25,10282.0,1.0,19.0,En Operación
2018-07-17 01:35:00,0.0,1024.4,0.0,9.8,7.25,10283.0,1.0,19.0,En Operación
2018-07-17 01:40:00,0.0,1024.38,0.0,9.8,7.25,10284.0,1.0,19.0,En Operación
2018-07-17 01:45:00,0.0,1024.35,0.0,9.8,7.25,10285.0,1.0,19.0,En Operación
2018-07-17 01:50:00,0.0,1024.32,0.0,9.8,7.25,10286.0,1.0,19.0,En Operación
2018-07-17 01:55:00,0.0,1024.3,0.0,9.8,7.25,10287.0,1.0,19.0,En Operación
2018-07-17 02:00:00,0.0,1024.3,0.0,9.8,7.25,10288.0,1.0,19.0,En Operación
2018-07-17 02:05:00,0.0,1024.3,0.0,9.8,7.25,10289.0,1.0,19.0,En Operación
2018-07-17 02:10:00,0.0,1024.21,0.0,9.84,7.85,10290.0,1.0,19.0,En Operación
2018-07-17 02:15:00,0.0,1024.12,0.0,9.88,8.45,10291.0,1.0,19.0,En Operación
2018-07-17 02:20:00,0.0,1024.04,0.0,9.91,9.05,10292.0,1.0,19.0,En Operación
2018-07-17 02:25:00,0.0,1023.95,0.0,9.95,9.65,10293.0,1.0,19.0,En Operación
2018-07-17 02:30:00,0.0,1023.95,0.0,9.95,9.65,10294.0,1.0,19.0,En Operación
2018-07-17 02:35:00,0.0,1023.95,0.0,9.95,9.65,10295.0,1.0,19.0,En Operación
2018-07-17 02:40:00,0.0,1023.91,0.0,9.96,9.85,10296.0,1.0,19.0,En Operación
2018-07-17 02:45:00,0.0,1023.88,0.0,9.98,10.05,10297.0,1.0,19.0,En Operación
2018-07-17 02:50:00,0.0,1023.84,0.0,9.99,10.25,10298.0,1.0,19.0,En Operación
2018-07-17 02:55:00,0.0,1023.8,0.0,10.0,10.45,10299.0,1.0,19.0,En Operación
2018-07-17 03:00:00,0.0,1023.8,0.0,10.0,10.45,10300.0,1.0,19.0,En Operación
2018-07-17 03:05:00,0.0,1023.8,0.0,10.0,10.45,10301.0,1.0,19.0,En Operación
2018-07-17 03:10:00,0.0,1023.7,0.0,10.05,9.85,10302.0,1.0,19.0,En Operación
2018-07-17 03:15:00,0.0,1023.6,0.0,10.1,9.25,10303.0,1.0,19.0,En Operación
2018-07-17 03:20:00,0.0,1023.5,0.0,10.15,8.65,10304.0,1.0,19.0,En Operación
2018-07-17 03:25:00,0.0,1023.4,0.0,10.2,8.05,10305.0,1.0,19.0,En Operación
2018-07-17 03:30:00,0.0,1023.4,0.0,10.2,8.05,10306.0,1.0,19.0,En Operación
2018-07-17 03:35:00,0.0,1023.4,0.0,10.2,8.05,10307.0,1.0,19.0,En Operación
2018-07-17 03:40:00,0.0,1023.38,0.0,10.21,8.65,10308.0,1.0,19.0,En Operación
2018-07-17 03:45:00,0.0,1023.35,0.0,10.22,9.25,10309.0,1.0,19.0,En Operación
2018-07-17 03:50:00,0.0,1023.32,0.0,10.24,9.85,10310.0,1.0,19.0,En Operación
2018-07-17 03:55:00,0.0,1023.3,0.0,10.25,10.45,10311.0,1.0,19.0,En Operación
2018-07-17 04:00:00,0.0,1023.3,0.0,10.25,10.45,10312.0,1.0,19.0,En Operación
2018-07-17 04:05:00,0.0,1023.3,0.0,10.25,10.45,10313.0,1.0,19.0,En Operación
2018-07-17 04:10:00,0.0,1023.24,0.0,10.28,9.65,10314.0,1.0,19.0,En Operación
2018-07-17 04:15:00,0.0,1023.18,0.0,10.3,8.85,10315.0,1.0,19.0,En Operación
2018-07-17 04:20:00,0.0,1023.11,0.0,10.32,8.05,10316.0,1.0,19.0,En Operación
2018-07-17 04:25:00,0.0,1023.05,0.0,10.35,7.25,10317.0,1.0,19.0,En Operación
2018-07-17 04:30:00,0.0,1023.05,0.0,10.35,7.25,10318.0,1.0,19.0,En Operación
2018-07-17 04:35:00,0.0,1023.05,0.0,10.35,7.25,10319.0,1.0,19.0,En Operación
2018-07-17 04:40:00,0.0,1022.99,0.0,10.35,7.45,10320.0,1.0,19.0,En Operación
2018-07-17 04:45:00,0.0,1022.92,0.0,10.35,7.65,10321.0,1.0,19.0,En Operación
2018-07-17 04:50:00,0.0,1022.86,0.0,10.35,7.85,10322.0,1.0,19.0,En Operación
2018-07-17 04:55:00,0.0,1022.8,0.0,10.35,8.05,10323.0,1.0,19.0,En Operación
2018-07-17 05:00:00,0.0,1022.8,0.0,10.35,8.05,10324.0,1.0,19.0,En Operación
2018-07-17 05:05:00,0.0,1022.8,0.0,10.35,8.05,10325.0,1.0,19.0,En Operación
2018-07-17 05:10:00,0.0,1022.7,0.0,10.35,8.25,10326.0,1.0,19.0,En Operación
2018-07-17 05:15:00,0.0,1022.6,0.0,10.35,8.45,10327.0,1.0,19.0,En Operación
2018-07-17 05:20:00,0.0,1022.5,0.0,10.35,8.65,10328.0,1.0,19.0,En Operación
2018-07-17 05:25:00,0.0,1022.4,0.0,10.35,8.85,10329.0,1.0,19.0,En Operación
2018-07-17 05:30:00,0.0,1022.4,0.0,10.35,8.85,10330.0,1.0,19.0,En Operación
2018-07-17 05:35:00,0.0,1022.4,0.0,10.35,8.85,10331.0,1.0,19.0,En Operación
2018-07-17 05:40:00,0.0,1022.35,0.0,10.36,9.86,10332.0,1.0,19.0,En Operación
2018-07-17 05:45:00,0.0,1022.3,0.0,10.38,10.88,10333.0,1.0,19.0,En Operación
2018-07-17 05:50:00,0.0,1022.25,0.0,10.39,11.89,10334.0,1.0,19.0,En Operación
2018-07-17 05:55:00,0.0,1022.2,0.0,10.4,12.9,10335.0,1.0,19.0,En Operación
2018-07-17 06:00:00,0.0,1022.2,0.0,10.4,12.9,10336.0,1.0,19.0,En Operación
2018-07-17 06:05:00,0.0,1022.2,0.0,10.4,12.9,10337.0,1.0,19.0,En Operación
2018-07-17 06:10:00,0.0,1022.4,0.0,10.38,10.07,10338.0,1.0,19.0,En Operación
2018-07-17 06:15:00,0.0,1022.6,0.0,10.35,7.25,10339.0,1.0,19.0,En Operación
2018-07-17 06:20:00,0.0,1022.8,0.0,10.32,4.42,10340.0,1.0,19.0,En Operación
2018-07-17 06:25:00,0.0,1023.0,0.0,10.3,1.6,10341.0,1.0,19.0,En Operación
2018-07-17 06:30:00,0.0,1023.0,0.0,10.3,1.6,10342.0,1.0,19.0,En Operación
2018-07-17 06:35:00,0.0,1023.0,0.0,10.3,1.6,10343.0,1.0,19.0,En Operación
2018-07-17 06:40:00,0.0,1022.72,0.0,10.35,3.61,10344.0,1.0,19.0,En Operación
2018-07-17 06:45:00,0.0,1022.45,0.0,10.4,5.62,10345.0,1.0,19.0,En Operación
2018-07-17 06:50:00,0.0,1022.18,0.0,10.45,7.64,10346.0,1.0,19.0,En Operación
2018-07-17 06:55:00,0.0,1021.9,0.0,10.5,9.65,10347.0,1.0,19.0,En Operación
2018-07-17 07:00:00,0.0,1021.9,0.0,10.5,9.65,10348.0,1.0,19.0,En Operación
2018-07-17 07:05:00,0.0,1021.9,0.0,10.5,9.65,10349.0,1.0,19.0,En Operación
2018-07-17 07:10:00,0.0,1021.9,0.0,10.52,9.45,10350.0,1.0,19.0,En Operación
2018-07-17 07:15:00,0.0,1021.9,0.0,10.55,9.25,10351.0,1.0,19.0,En Operación
2018-07-17 07:20:00,0.0,1021.9,0.0,10.58,9.05,10352.0,1.0,19.0,En Operación
2018-07-17 07:25:00,0.0,1021.9,0.0,10.6,8.85,10353.0,1.0,19.0,En Operación
2018-07-17 07:30:00,0.0,1021.9,0.0,10.6,8.85,10354.0,1.0,19.0,En Operación
2018-07-17 07:35:00,0.0,1021.9,0.0,10.6,8.85,10355.0,1.0,19.0,En Operación
2018-07-17 07:40:00,0.0,1021.88,0.0,10.61,9.05,10356.0,1.0,19.0,En Operación
2018-07-17 07:45:00,0.0,1021.85,0.0,10.62,9.25,10357.0,1.0,19.0,En Operación
2018-07-17 07:50:00,0.0,1021.82,0.0,10.64,9.45,10358.0,1.0,19.0,En Operación
2018-07-17 07:55:00,0.0,1021.8,0.0,10.65,9.65,10359.0,1.0,19.0,En Operación
2018-07-17 08:00:00,0.0,1021.8,0.0,10.65,9.65,10360.0,1.0,19.0,En Operación
2018-07-17 08:05:00,0.0,1021.8,0.0,10.65,9.65,10361.0,1.0,19.0,En Operación
2018-07-17 08:10:00,0.0,1021.81,0.0,10.68,9.45,10362.0,1.0,19.0,En Operación
2018-07-17 08:15:00,0.0,1021.82,0.0,10.7,9.25,10363.0,1.0,19.0,En Operación
2018-07-17 08:20:00,0.0,1021.84,0.0,10.72,9.05,10364.0,1.0,19.0,En Operación
2018-07-17 08:25:00,0.0,1021.85,0.0,10.75,8.85,10365.0,1.0,19.0,En Operación
2018-07-17 08:30:00,0.0,1021.85,0.0,10.75,8.85,10366.0,1.0,19.0,En Operación
2018-07-17 08:35:00,0.0,1021.85,0.0,10.75,8.85,10367.0,1.0,19.0,En Operación
2018-07-17 08:40:00,0.0,1021.89,0.0,10.78,8.25,10368.0,1.0,19.0,En Operación
2018-07-17 08:45:00,0.0,1021.92,0.0,10.8,7.65,10369.0,1.0,19.0,En Operación
2018-07-17 08:50:00,0.0,1021.96,0.0,10.82,7.05,10370.0,1.0,19.0,En Operación
2018-07-17 08:55:00,0.0,1022.0,0.0,10.85,6.45,10371.0,1.0,19.0,En Operación
2018-07-17 09:00:00,0.0,1022.0,0.0,10.85,6.45,10372.0,1.0,19.0,En Operación
2018-07-17 09:05:00,0.0,1022.0,0.0,10.85,6.45,10373.0,1.0,19.0,En Operación
2018-07-17 09:10:00,0.0,1021.96,0.0,10.88,6.45,10374.0,1.0,19.0,En Operación
2018-07-17 09:15:00,0.0,1021.92,0.0,10.9,6.45,10375.0,1.0,19.0,En Operación
2018-07-17 09:20:00,0.0,1021.89,0.0,10.92,6.45,10376.0,1.0,19.0,En Operación
2018-07-17 09:25:00,0.0,1021.85,0.0,10.95,6.45,10377.0,1.0,19.0,En Operación
2018-07-17 09:30:00,0.0,1021.85,0.0,10.95,6.45,10378.0,1.0,19.0,En Operación
2018-07-17 09:35:00,0.0,1021.85,0.0,10.95,6.45,10379.0,1.0,19.0,En Operación
2018-07-17 09:40:00,0.0,1021.82,0.0,10.98,7.25,10380.0,1.0,19.0,En Operación
2018-07-17 09:45:00,0.0,1021.8,0.0,11.0,8.05,10381.0,4.0,15.0,En Operación
2018-07-17 09:50:00,0.0,1021.78,0.0,11.02,8.85,10382.0,0.0,20.0,En Operación
2018-07-17 09:55:00,0.0,1021.75,0.0,11.05,9.65,10383.0,0.0,0.0,Fuera de Servicio
2018-07-17 10:00:00,0.0,1021.75,0.0,11.05,9.65,10384.0,0.0,0.0,Fuera de Servicio
2018-07-17 10:05:00,0.0,1021.75,0.0,11.05,9.65,10385.0,0.0,0.0,Fuera de Servicio
2018-07-17 10:10:00,0.0,1021.72,0.0,11.09,9.45,10386.0,0.0,0.0,Fuera de Servicio
2018-07-17 10:15:00,0.0,1021.7,0.0,11.12,9.25,10387.0,0.0,0.0,Fuera de Servicio
2018-07-17 10:20:00,0.0,1021.68,0.0,11.16,9.05,10388.0,0.0,0.0,Fuera de Servicio
2018-07-17 10:25:00,0.0,1021.65,0.0,11.2,8.85,10389.0,0.0,0.0,Fuera de Servicio
2018-07-17 10:30:00,0.0,1021.65,0.0,11.2,8.85,10390.0,0.0,0.0,Fuera de Servicio
2018-07-17 10:35:00,0.0,1021.65,0.0,11.2,8.85,10391.0,0.0,0.0,Fuera de Servicio
2018-07-17 10:40:00,0.0,1021.59,0.0,11.21,8.45,10392.0,0.0,0.0,Fuera de Servicio
2018-07-17 10:45:00,0.0,1021.52,0.0,11.22,8.05,10393.0,0.0,0.0,Fuera de Servicio
2018-07-17 10:50:00,0.0,1021.46,0.0,11.24,7.65,10394.0,0.0,0.0,Fuera de Servicio
2018-07-17 10:55:00,0.0,1021.4,0.0,11.25,7.25,10395.0,0.0,0.0,Fuera de Servicio
2018-07-17 11:00:00,0.0,1021.4,0.0,11.25,7.25,10396.0,0.0,0.0,Fuera de Servicio
2018-07-17 11:05:00,0.0,1021.4,0.0,11.25,7.25,10397.0,0.0,0.0,Fuera de Servicio
2018-07-17 11:10:00,0.0,1021.36,0.0,11.28,7.05,10398.0,0.0,0.0,Fuera de Servicio
2018-07-17 11:15:00,0.0,1021.32,0.0,11.3,6.85,10399.0,0.0,0.0,Fuera de Servicio
2018-07-17 11:20:00,0.0,1021.29,0.0,11.32,6.65,10400.0,0.0,0.0,Fuera de Servicio
2018-07-17 11:25:00,0.0,1021.25,0.0,11.35,6.45,10401.0,0.0,0.0,Fuera de Servicio
2018-07-17 11:30:00,0.0,1021.25,0.0,11.35,6.45,10402.0,0.0,0.0,Fuera de Servicio
2018-07-17 11:35:00,0.0,1021.25,0.0,11.35,6.45,10403.0,0.0,0.0,Fuera de Servicio
2018-07-17 11:40:00,0.0,1021.21,0.0,11.38,6.45,10404.0,0.0,0.0,Fuera de Servicio
2018-07-17 11:45:00,0.0,1021.18,0.0,11.4,6.45,10405.0,0.0,0.0,Fuera de Servicio
2018-07-17 11:50:00,0.0,1021.14,0.0,11.42,6.45,10406.0,0.0,0.0,Fuera de Servicio
2018-07-17 11:55:00,0.0,1021.1,0.0,11.45,6.45,10407.0,0.0,0.0,Fuera de Servicio
2018-07-17 12:00:00,0.0,1021.1,0.0,11.45,6.45,10408.0,0.0,0.0,Fuera de Servicio
2018-07-17 12:05:00,0.0,1021.1,0.0,11.45,6.45,10409.0,0.0,0.0,Fuera de Servicio
2018-07-17 12:10:00,0.0,1021.05,0.0,11.46,6.45,10410.0,0.0,0.0,Fuera de Servicio
2018-07-17 12:15:00,0.0,1021.0,0.0,11.48,6.45,10411.0,0.0,0.0,Fuera de Servicio
2018-07-17 12:20:00,0.0,1020.95,0.0,11.49,6.45,10412.0,0.0,0.0,Fuera de Servicio
2018-07-17 12:25:00,0.0,1020.9,0.0,11.5,6.45,10413.0,0.0,0.0,Fuera de Servicio
2018-07-17 12:30:00,0.0,1020.9,0.0,11.5,6.45,10414.0,0.0,0.0,Fuera de Servicio
2018-07-17 12:35:00,0.0,1020.9,0.0,11.5,6.45,10415.0,0.0,0.0,Fuera de Servicio
2018-07-17 12:40:00,0.0,1020.84,0.0,11.49,7.25,10416.0,0.0,0.0,Fuera de Servicio
2018-07-17 12:45:00,0.0,1020.78,0.0,11.48,8.05,10417.0,0.0,0.0,Fuera de Servicio
2018-07-17 12:50:00,0.0,1020.71,0.0,11.46,8.85,10418.0,0.0,0.0,Fuera de Servicio
2018-07-17 12:55:00,0.0,1020.65,0.0,11.45,9.65,10419.0,8.0,12.0,En Operación
2018-07-17 13:00:00,0.0,1020.65,0.0,11.45,9.65,10420.0,8.0,12.0,En Operación
2018-07-17 13:05:00,0.0,1020.65,0.0,11.45,9.65,10421.0,8.0,12.0,En Operación
2018-07-17 13:10:00,0.0,1020.59,0.0,11.46,8.85,10422.0,8.0,12.0,En Operación
2018-07-17 13:15:00,0.0,1020.52,0.0,11.48,8.05,10423.0,8.0,12.0,En Operación
2018-07-17 13:20:00,0.0,1020.46,0.0,11.49,7.25,10424.0,8.0,12.0,En Operación
2018-07-17 13:25:00,0.0,1020.4,0.0,11.5,6.45,10425.0,8.0,12.0,En Operación
2018-07-17 13:30:00,0.0,1020.4,0.0,11.5,6.45,10426.0,8.0,12.0,En Operación
2018-07-17 13:35:00,0.0,1020.4,0.0,11.5,6.45,10427.0,8.0,12.0,En Operación
2018-07-17 13:40:00,0.0,1020.31,0.0,11.5,6.45,10428.0,8.0,12.0,En Operación
2018-07-17 13:45:00,0.0,1020.22,0.0,11.5,6.45,10429.0,7.0,13.0,En Operación
2018-07-17 13:50:00,0.0,1020.14,0.0,11.5,6.45,10430.0,7.0,13.0,En Operación
2018-07-17 13:55:00,0.0,1020.05,0.0,11.5,6.45,10431.0,7.0,13.0,En Operación
2018-07-17 14:00:00,0.0,1020.05,0.0,11.5,6.45,10432.0,7.0,13.0,En Operación
2018-07-17 14:05:00,0.0,1020.05,0.0,11.5,6.45,10433.0,7.0,13.0,En Operación
2018-07-17 14:10:00,0.0,1019.97,0.0,11.5,8.86,10434.0,7.0,13.0,En Operación
2018-07-17 14:15:00,0.0,1019.9,0.0,11.5,11.28,10435.0,7.0,13.0,En Operación
2018-07-17 14:20:00,0.0,1019.82,0.0,11.5,13.69,10436.0,8.0,12.0,En Operación
2018-07-17 14:25:00,0.0,1019.75,0.0,11.5,16.1,10437.0,8.0,12.0,En Operación
2018-07-17 14:30:00,0.0,1019.75,0.0,11.5,16.1,10438.0,8.0,12.0,En Operación
2018-07-17 14:35:00,0.0,1019.75,0.0,11.5,16.1,10439.0,10.0,10.0,En Operación
2018-07-17 14:40:00,0.0,1019.64,0.0,11.49,13.89,10440.0,10.0,10.0,En Operación
2018-07-17 14:45:00,0.0,1019.52,0.0,11.48,11.68,10441.0,10.0,10.0,En Operación
2018-07-17 14:50:00,0.0,1019.41,0.0,11.46,9.46,10442.0,11.0,9.0,En Operación
2018-07-17 14:55:00,0.0,1019.3,0.0,11.45,7.25,10443.0,11.0,9.0,En Operación
2018-07-17 15:00:00,0.0,1019.3,0.0,11.45,7.25,10444.0,11.0,9.0,En Operación
2018-07-17 15:05:00,0.0,1019.3,0.0,11.45,7.25,10445.0,11.0,9.0,En Operación
2018-07-17 15:10:00,0.0,1019.22,0.0,11.46,8.26,10446.0,9.0,11.0,En Operación
2018-07-17 15:15:00,0.0,1019.15,0.0,11.48,9.28,10447.0,9.0,11.0,En Operación
2018-07-17 15:20:00,0.0,1019.08,0.0,11.49,10.29,10448.0,9.0,11.0,En Operación
2018-07-17 15:25:00,0.0,1019.0,0.0,11.5,11.3,10449.0,6.0,14.0,En Operación
2018-07-17 15:30:00,0.0,1019.0,0.0,11.5,11.3,10450.0,5.0,15.0,En Operación
2018-07-17 15:35:00,0.0,1019.0,0.0,11.5,11.3,10451.0,5.0,15.0,En Operación
2018-07-17 15:40:00,0.0,1019.08,0.0,11.54,10.09,10452.0,5.0,15.0,En Operación
2018-07-17 15:45:00,0.0,1019.15,0.0,11.58,8.88,10453.0,5.0,15.0,En Operación
2018-07-17 15:50:00,0.0,1019.22,0.0,11.61,7.66,10454.0,5.0,15.0,En Operación
2018-07-17 15:55:00,0.0,1019.3,0.0,11.65,6.45,10455.0,5.0,15.0,En Operación
2018-07-17 16:00:00,0.0,1019.3,0.0,11.65,6.45,10456.0,5.0,15.0,En Operación
2018-07-17 16:05:00,0.0,1019.3,0.0,11.65,6.45,10457.0,5.0,15.0,En Operación
2018-07-17 16:10:00,0.0,1019.28,0.0,11.65,6.65,10458.0,5.0,15.0,En Operación
2018-07-17 16:15:00,0.0,1019.25,0.0,11.65,6.85,10459.0,6.0,14.0,En Operación
2018-07-17 16:20:00,0.0,1019.22,0.0,11.65,7.05,10460.0,6.0,14.0,En Operación
2018-07-17 16:25:00,0.0,1019.2,0.0,11.65,7.25,10461.0,7.0,13.0,En Operación
2018-07-17 16:30:00,0.0,1019.2,0.0,11.65,7.25,10462.0,7.0,13.0,En Operación
2018-07-17 16:35:00,0.0,1019.2,0.0,11.65,7.25,10463.0,7.0,13.0,En Operación
2018-07-17 16:40:00,0.0,1019.15,0.0,11.65,7.45,10464.0,7.0,13.0,En Operación
2018-07-17 16:45:00,0.0,1019.1,0.0,11.65,7.65,10465.0,8.0,12.0,En Operación
2018-07-17 16:50:00,0.0,1019.05,0.0,11.65,7.85,10466.0,8.0,12.0,En Operación
2018-07-17 16:55:00,0.0,1019.0,0.0,11.65,8.05,10467.0,9.0,11.0,En Operación
2018-07-17 17:00:00,0.0,1019.0,0.0,11.65,8.05,10468.0,9.0,11.0,En Operación
2018-07-17 17:05:00,0.0,1019.0,0.0,11.65,8.05,10469.0,9.0,11.0,En Operación
2018-07-17 17:10:00,0.0,1019.1,0.0,11.66,7.65,10470.0,9.0,11.0,En Operación
2018-07-17 17:15:00,0.0,1019.2,0.0,11.68,7.25,10471.0,9.0,11.0,En Operación
2018-07-17 17:20:00,0.0,1019.3,0.0,11.69,6.85,10472.0,8.0,12.0,En Operación
2018-07-17 17:25:00,0.0,1019.4,0.0,11.7,6.45,10473.0,8.0,12.0,En Operación
2018-07-17 17:30:00,0.0,1019.4,0.0,11.7,6.45,10474.0,8.0,12.0,En Operación
2018-07-17 17:35:00,0.0,1019.4,0.0,11.7,6.45,10475.0,8.0,12.0,En Operación
2018-07-17 17:40:00,0.0,1019.36,0.0,11.69,6.45,10476.0,8.0,12.0,En Operación
2018-07-17 17:45:00,0.0,1019.32,0.0,11.68,6.45,10477.0,7.0,13.0,En Operación
2018-07-17 17:50:00,0.0,1019.29,0.0,11.66,6.45,10478.0,7.0,13.0,En Operación
2018-07-17 17:55:00,0.0,1019.25,0.0,11.65,6.45,10479.0,7.0,13.0,En Operación
2018-07-17 18:00:00,0.0,1019.25,0.0,11.65,6.45,10480.0,7.0,13.0,En Operación
2018-07-17 18:05:00,0.0,1019.25,0.0,11.65,6.45,10481.0,7.0,13.0,En Operación
2018-07-17 18:10:00,0.0,1019.25,0.0,11.64,6.45,10482.0,7.0,13.0,En Operación
2018-07-17 18:15:00,0.0,1019.25,0.0,11.62,6.45,10483.0,7.0,13.0,En Operación
2018-07-17 18:20:00,0.0,1019.25,0.0,11.61,6.45,10484.0,6.0,14.0,En Operación
2018-07-17 18:25:00,0.0,1019.25,0.0,11.6,6.45,10485.0,5.0,15.0,En Operación
2018-07-17 18:30:00,0.0,1019.25,0.0,11.6,6.45,10486.0,5.0,15.0,En Operación
